-1.00000e+00 -1.57080e+00
-9.98000e-01 -1.50754e+00
-9.96000e-01 -1.48132e+00
-9.94000e-01 -1.46120e+00
-9.92000e-01 -1.44422e+00
-9.90000e-01 -1.42926e+00
-9.88000e-01 -1.41572e+00
-9.86000e-01 -1.40327e+00
-9.84000e-01 -1.39167e+00
-9.82000e-01 -1.38078e+00
-9.80000e-01 -1.37046e+00
-9.78000e-01 -1.36065e+00
-9.76000e-01 -1.35127e+00
-9.74000e-01 -1.34227e+00
-9.72000e-01 -1.33360e+00
-9.70000e-01 -1.32523e+00
-9.68000e-01 -1.31714e+00
-9.66000e-01 -1.30929e+00
-9.64000e-01 -1.30166e+00
-9.62000e-01 -1.29424e+00
-9.60001e-01 -1.28700e+00
-9.58001e-01 -1.27995e+00
-9.56001e-01 -1.27305e+00
-9.54001e-01 -1.26631e+00
-9.52001e-01 -1.25971e+00
-9.50001e-01 -1.25324e+00
-9.48001e-01 -1.24689e+00
-9.46001e-01 -1.24067e+00
-9.44001e-01 -1.23455e+00
-9.42001e-01 -1.22854e+00
-9.40001e-01 -1.22263e+00
-9.38001e-01 -1.21682e+00
-9.36001e-01 -1.21109e+00
-9.34001e-01 -1.20545e+00
-9.32001e-01 -1.19989e+00
-9.30001e-01 -1.19442e+00
-9.28001e-01 -1.18901e+00
-9.26001e-01 -1.18368e+00
-9.24001e-01 -1.17841e+00
-9.22001e-01 -1.17322e+00
-9.20001e-01 -1.16808e+00
-9.18001e-01 -1.16301e+00
-9.16001e-01 -1.15800e+00
-9.14001e-01 -1.15304e+00
-9.12001e-01 -1.14814e+00
-9.10001e-01 -1.14329e+00
-9.08001e-01 -1.13849e+00
-9.06001e-01 -1.13374e+00
-9.04001e-01 -1.12904e+00
-9.02001e-01 -1.12438e+00
-9.00001e-01 -1.11977e+00
-8.98001e-01 -1.11521e+00
-8.96001e-01 -1.11068e+00
-8.94001e-01 -1.10620e+00
-8.92001e-01 -1.10175e+00
-8.90001e-01 -1.09735e+00
-8.88001e-01 -1.09298e+00
-8.86001e-01 -1.08865e+00
-8.84001e-01 -1.08435e+00
-8.82002e-01 -1.08009e+00
-8.80002e-01 -1.07587e+00
-8.78002e-01 -1.07167e+00
-8.76002e-01 -1.06751e+00
-8.74002e-01 -1.06338e+00
-8.72002e-01 -1.05928e+00
-8.70002e-01 -1.05521e+00
-8.68002e-01 -1.05116e+00
-8.66002e-01 -1.04715e+00
-8.64002e-01 -1.04316e+00
-8.62002e-01 -1.03921e+00
-8.60002e-01 -1.03527e+00
-8.58002e-01 -1.03137e+00
-8.56002e-01 -1.02749e+00
-8.54002e-01 -1.02363e+00
-8.52002e-01 -1.01980e+00
-8.50002e-01 -1.01599e+00
-8.48002e-01 -1.01220e+00
-8.46002e-01 -1.00844e+00
-8.44002e-01 -1.00470e+00
-8.42002e-01 -1.00098e+00
-8.40002e-01 -9.97287e-01
-8.38002e-01 -9.93612e-01
-8.36002e-01 -9.89956e-01
-8.34002e-01 -9.86322e-01
-8.32002e-01 -9.82707e-01
-8.30002e-01 -9.79112e-01
-8.28002e-01 -9.75535e-01
-8.26002e-01 -9.71978e-01
-8.24002e-01 -9.68439e-01
-8.22002e-01 -9.64918e-01
-8.20002e-01 -9.61415e-01
-8.18002e-01 -9.57929e-01
-8.16002e-01 -9.54461e-01
-8.14002e-01 -9.51010e-01
-8.12002e-01 -9.47575e-01
-8.10002e-01 -9.44156e-01
-8.08002e-01 -9.40754e-01
-8.06002e-01 -9.37367e-01
-8.04003e-01 -9.33996e-01
-8.02003e-01 -9.30640e-01
-8.00003e-01 -9.27299e-01
-7.98003e-01 -9.23974e-01
-7.96003e-01 -9.20662e-01
-7.94003e-01 -9.17365e-01
-7.92003e-01 -9.14082e-01
-7.90003e-01 -9.10813e-01
-7.88003e-01 -9.07558e-01
-7.86003e-01 -9.04316e-01
-7.84003e-01 -9.01088e-01
-7.82003e-01 -8.97873e-01
-7.80003e-01 -8.94670e-01
-7.78003e-01 -8.91481e-01
-7.76003e-01 -8.88304e-01
-7.74003e-01 -8.85139e-01
-7.72003e-01 -8.81986e-01
-7.70003e-01 -8.78846e-01
-7.68003e-01 -8.75717e-01
-7.66003e-01 -8.72600e-01
-7.64003e-01 -8.69495e-01
-7.62003e-01 -8.66401e-01
-7.60003e-01 -8.63318e-01
-7.58003e-01 -8.60246e-01
-7.56003e-01 -8.57185e-01
-7.54003e-01 -8.54135e-01
-7.52003e-01 -8.51096e-01
-7.50003e-01 -8.48067e-01
-7.48003e-01 -8.45048e-01
-7.46003e-01 -8.42040e-01
-7.44003e-01 -8.39042e-01
-7.42003e-01 -8.36054e-01
-7.40003e-01 -8.33075e-01
-7.38003e-01 -8.30107e-01
-7.36003e-01 -8.27148e-01
-7.34003e-01 -8.24198e-01
-7.32003e-01 -8.21258e-01
-7.30003e-01 -8.18327e-01
-7.28004e-01 -8.15405e-01
-7.26004e-01 -8.12492e-01
-7.24004e-01 -8.09589e-01
-7.22004e-01 -8.06694e-01
-7.20004e-01 -8.03807e-01
-7.18004e-01 -8.00930e-01
-7.16004e-01 -7.98061e-01
-7.14004e-01 -7.95200e-01
-7.12004e-01 -7.92347e-01
-7.10004e-01 -7.89503e-01
-7.08004e-01 -7.86667e-01
-7.06004e-01 -7.83840e-01
-7.04004e-01 -7.81020e-01
-7.02004e-01 -7.78208e-01
-7.00004e-01 -7.75403e-01
-6.98004e-01 -7.72606e-01
-6.96004e-01 -7.69817e-01
-6.94004e-01 -7.67036e-01
-6.92004e-01 -7.64262e-01
-6.90004e-01 -7.61495e-01
-6.88004e-01 -7.58735e-01
-6.86004e-01 -7.55983e-01
-6.84004e-01 -7.53238e-01
-6.82004e-01 -7.50500e-01
-6.80004e-01 -7.47768e-01
-6.78004e-01 -7.45044e-01
-6.76004e-01 -7.42327e-01
-6.74004e-01 -7.39616e-01
-6.72004e-01 -7.36912e-01
-6.70004e-01 -7.34215e-01
-6.68004e-01 -7.31524e-01
-6.66004e-01 -7.28839e-01
-6.64004e-01 -7.26161e-01
-6.62004e-01 -7.23490e-01
-6.60004e-01 -7.20825e-01
-6.58004e-01 -7.18166e-01
-6.56004e-01 -7.15513e-01
-6.54004e-01 -7.12866e-01
-6.52004e-01 -7.10225e-01
-6.50005e-01 -7.07590e-01
-6.48005e-01 -7.04962e-01
-6.46005e-01 -7.02339e-01
-6.44005e-01 -6.99721e-01
-6.42005e-01 -6.97110e-01
-6.40005e-01 -6.94504e-01
-6.38005e-01 -6.91904e-01
-6.36005e-01 -6.89310e-01
-6.34005e-01 -6.86721e-01
-6.32005e-01 -6.84137e-01
-6.30005e-01 -6.81559e-01
-6.28005e-01 -6.78987e-01
-6.26005e-01 -6.76419e-01
-6.24005e-01 -6.73857e-01
-6.22005e-01 -6.71301e-01
-6.20005e-01 -6.68749e-01
-6.18005e-01 -6.66203e-01
-6.16005e-01 -6.63661e-01
-6.14005e-01 -6.61125e-01
-6.12005e-01 -6.58593e-01
-6.10005e-01 -6.56067e-01
-6.08005e-01 -6.53545e-01
-6.06005e-01 -6.51029e-01
-6.04005e-01 -6.48517e-01
-6.02005e-01 -6.46010e-01
-6.00005e-01 -6.43508e-01
-5.98005e-01 -6.41010e-01
-5.96005e-01 -6.38517e-01
-5.94005e-01 -6.36029e-01
-5.92005e-01 -6.33545e-01
-5.90005e-01 -6.31065e-01
-5.88005e-01 -6.28591e-01
-5.86005e-01 -6.26120e-01
-5.84005e-01 -6.23654e-01
-5.82005e-01 -6.21193e-01
-5.80005e-01 -6.18735e-01
-5.78005e-01 -6.16282e-01
-5.76005e-01 -6.13834e-01
-5.74005e-01 -6.11389e-01
-5.72006e-01 -6.08949e-01
-5.70006e-01 -6.06513e-01
-5.68006e-01 -6.04080e-01
-5.66006e-01 -6.01653e-01
-5.64006e-01 -5.99229e-01
-5.62006e-01 -5.96809e-01
-5.60006e-01 -5.94393e-01
-5.58006e-01 -5.91981e-01
-5.56006e-01 -5.89572e-01
-5.54006e-01 -5.87168e-01
-5.52006e-01 -5.84768e-01
-5.50006e-01 -5.82371e-01
-5.48006e-01 -5.79978e-01
-5.46006e-01 -5.77589e-01
-5.44006e-01 -5.75204e-01
-5.42006e-01 -5.72822e-01
-5.40006e-01 -5.70444e-01
-5.38006e-01 -5.68070e-01
-5.36006e-01 -5.65699e-01
-5.34006e-01 -5.63332e-01
-5.32006e-01 -5.60968e-01
-5.30006e-01 -5.58608e-01
-5.28006e-01 -5.56251e-01
-5.26006e-01 -5.53898e-01
-5.24006e-01 -5.51548e-01
-5.22006e-01 -5.49201e-01
-5.20006e-01 -5.46858e-01
-5.18006e-01 -5.44518e-01
-5.16006e-01 -5.42182e-01
-5.14006e-01 -5.39849e-01
-5.12006e-01 -5.37519e-01
-5.10006e-01 -5.35192e-01
-5.08006e-01 -5.32869e-01
-5.06006e-01 -5.30548e-01
-5.04006e-01 -5.28231e-01
-5.02006e-01 -5.25917e-01
-5.00006e-01 -5.23606e-01
-4.98006e-01 -5.21298e-01
-4.96006e-01 -5.18993e-01
-4.94006e-01 -5.16692e-01
-4.92006e-01 -5.14393e-01
-4.90006e-01 -5.12097e-01
-4.88006e-01 -5.09804e-01
-4.86006e-01 -5.07514e-01
-4.84006e-01 -5.05227e-01
-4.82006e-01 -5.02943e-01
-4.80006e-01 -5.00662e-01
-4.78006e-01 -4.98384e-01
-4.76006e-01 -4.96108e-01
-4.74006e-01 -4.93835e-01
-4.72006e-01 -4.91565e-01
-4.70006e-01 -4.89298e-01
-4.68006e-01 -4.87034e-01
-4.66006e-01 -4.84772e-01
-4.64006e-01 -4.82513e-01
-4.62006e-01 -4.80256e-01
-4.60006e-01 -4.78002e-01
-4.58006e-01 -4.75751e-01
-4.56006e-01 -4.73503e-01
-4.54006e-01 -4.71257e-01
-4.52006e-01 -4.69013e-01
-4.50006e-01 -4.66772e-01
-4.48006e-01 -4.64534e-01
-4.46006e-01 -4.62298e-01
-4.44006e-01 -4.60065e-01
-4.42006e-01 -4.57834e-01
-4.40006e-01 -4.55606e-01
-4.38006e-01 -4.53380e-01
-4.36006e-01 -4.51156e-01
-4.34006e-01 -4.48935e-01
-4.32006e-01 -4.46716e-01
-4.30006e-01 -4.44500e-01
-4.28006e-01 -4.42286e-01
-4.26006e-01 -4.40074e-01
-4.24006e-01 -4.37864e-01
-4.22006e-01 -4.35657e-01
-4.20006e-01 -4.33452e-01
-4.18006e-01 -4.31250e-01
-4.16006e-01 -4.29049e-01
-4.14006e-01 -4.26851e-01
-4.12006e-01 -4.24655e-01
-4.10006e-01 -4.22461e-01
-4.08006e-01 -4.20269e-01
-4.06006e-01 -4.18080e-01
-4.04006e-01 -4.15892e-01
-4.02006e-01 -4.13707e-01
-4.00006e-01 -4.11524e-01
-3.98006e-01 -4.09342e-01
-3.96006e-01 -4.07163e-01
-3.94006e-01 -4.04986e-01
-3.92006e-01 -4.02811e-01
-3.90006e-01 -4.00638e-01
-3.88006e-01 -3.98467e-01
-3.86006e-01 -3.96298e-01
-3.84006e-01 -3.94131e-01
-3.82006e-01 -3.91966e-01
-3.80006e-01 -3.89803e-01
-3.78006e-01 -3.87642e-01
-3.76006e-01 -3.85482e-01
-3.74006e-01 -3.83325e-01
-3.72006e-01 -3.81169e-01
-3.70006e-01 -3.79016e-01
-3.68006e-01 -3.76864e-01
-3.66006e-01 -3.74714e-01
-3.64006e-01 -3.72566e-01
-3.62006e-01 -3.70419e-01
-3.60006e-01 -3.68275e-01
-3.58006e-01 -3.66132e-01
-3.56006e-01 -3.63991e-01
-3.54006e-01 -3.61851e-01
-3.52006e-01 -3.59714e-01
-3.50006e-01 -3.57578e-01
-3.48006e-01 -3.55443e-01
-3.46006e-01 -3.53311e-01
-3.44006e-01 -3.51180e-01
-3.42006e-01 -3.49051e-01
-3.40006e-01 -3.46923e-01
-3.38006e-01 -3.44798e-01
-3.36006e-01 -3.42673e-01
-3.34006e-01 -3.40551e-01
-3.32006e-01 -3.38430e-01
-3.30006e-01 -3.36310e-01
-3.28006e-01 -3.34192e-01
-3.26006e-01 -3.32076e-01
-3.24006e-01 -3.29961e-01
-3.22006e-01 -3.27848e-01
-3.20006e-01 -3.25736e-01
-3.18006e-01 -3.23626e-01
-3.16006e-01 -3.21517e-01
-3.14006e-01 -3.19410e-01
-3.12006e-01 -3.17304e-01
-3.10006e-01 -3.15199e-01
-3.08006e-01 -3.13096e-01
-3.06006e-01 -3.10995e-01
-3.04006e-01 -3.08895e-01
-3.02006e-01 -3.06796e-01
-3.00006e-01 -3.04699e-01
-2.98006e-01 -3.02603e-01
-2.96006e-01 -3.00509e-01
-2.94006e-01 -2.98415e-01
-2.92006e-01 -2.96324e-01
-2.90006e-01 -2.94233e-01
-2.88006e-01 -2.92144e-01
-2.86006e-01 -2.90056e-01
-2.84006e-01 -2.87970e-01
-2.82006e-01 -2.85884e-01
-2.80006e-01 -2.83800e-01
-2.78006e-01 -2.81718e-01
-2.76006e-01 -2.79636e-01
-2.74006e-01 -2.77556e-01
-2.72006e-01 -2.75477e-01
-2.70006e-01 -2.73399e-01
-2.68006e-01 -2.71323e-01
-2.66006e-01 -2.69247e-01
-2.64006e-01 -2.67173e-01
-2.62006e-01 -2.65100e-01
-2.60006e-01 -2.63028e-01
-2.58006e-01 -2.60958e-01
-2.56006e-01 -2.58888e-01
-2.54006e-01 -2.56820e-01
-2.52006e-01 -2.54753e-01
-2.50006e-01 -2.52686e-01
-2.48006e-01 -2.50621e-01
-2.46006e-01 -2.48557e-01
-2.44006e-01 -2.46494e-01
-2.42006e-01 -2.44433e-01
-2.40006e-01 -2.42372e-01
-2.38006e-01 -2.40312e-01
-2.36006e-01 -2.38254e-01
-2.34006e-01 -2.36196e-01
-2.32006e-01 -2.34139e-01
-2.30006e-01 -2.32084e-01
-2.28006e-01 -2.30029e-01
-2.26006e-01 -2.27976e-01
-2.24006e-01 -2.25923e-01
-2.22006e-01 -2.23871e-01
-2.20006e-01 -2.21820e-01
-2.18006e-01 -2.19771e-01
-2.16006e-01 -2.17722e-01
-2.14006e-01 -2.15674e-01
-2.12006e-01 -2.13627e-01
-2.10006e-01 -2.11581e-01
-2.08006e-01 -2.09536e-01
-2.06006e-01 -2.07491e-01
-2.04006e-01 -2.05448e-01
-2.02006e-01 -2.03406e-01
-2.00006e-01 -2.01364e-01
-1.98006e-01 -1.99323e-01
-1.96006e-01 -1.97283e-01
-1.94006e-01 -1.95244e-01
-1.92006e-01 -1.93206e-01
-1.90006e-01 -1.91168e-01
-1.88006e-01 -1.89131e-01
-1.86006e-01 -1.87095e-01
-1.84006e-01 -1.85060e-01
-1.82006e-01 -1.83026e-01
-1.80006e-01 -1.80992e-01
-1.78006e-01 -1.78959e-01
-1.76006e-01 -1.76927e-01
-1.74006e-01 -1.74896e-01
-1.72006e-01 -1.72865e-01
-1.70006e-01 -1.70836e-01
-1.68006e-01 -1.68806e-01
-1.66006e-01 -1.66778e-01
-1.64006e-01 -1.64750e-01
-1.62006e-01 -1.62723e-01
-1.60006e-01 -1.60696e-01
-1.58006e-01 -1.58671e-01
-1.56006e-01 -1.56646e-01
-1.54006e-01 -1.54621e-01
-1.52006e-01 -1.52597e-01
-1.50006e-01 -1.50574e-01
-1.48006e-01 -1.48551e-01
-1.46006e-01 -1.46530e-01
-1.44006e-01 -1.44508e-01
-1.42006e-01 -1.42487e-01
-1.40006e-01 -1.40467e-01
-1.38006e-01 -1.38448e-01
-1.36006e-01 -1.36429e-01
-1.34006e-01 -1.34410e-01
-1.32006e-01 -1.32392e-01
-1.30006e-01 -1.30375e-01
-1.28006e-01 -1.28358e-01
-1.26006e-01 -1.26342e-01
-1.24006e-01 -1.24326e-01
-1.22006e-01 -1.22310e-01
-1.20006e-01 -1.20296e-01
-1.18006e-01 -1.18281e-01
-1.16006e-01 -1.16267e-01
-1.14006e-01 -1.14254e-01
-1.12006e-01 -1.12241e-01
-1.10006e-01 -1.10229e-01
-1.08006e-01 -1.08217e-01
-1.06006e-01 -1.06205e-01
-1.04006e-01 -1.04194e-01
-1.02006e-01 -1.02183e-01
-1.00006e-01 -1.00173e-01
-9.80057e-02 -9.81633e-02
-9.60057e-02 -9.61538e-02
-9.40057e-02 -9.41447e-02
-9.20057e-02 -9.21360e-02
-9.00057e-02 -9.01277e-02
-8.80057e-02 -8.81197e-02
-8.60057e-02 -8.61121e-02
-8.40058e-02 -8.41049e-02
-8.20058e-02 -8.20979e-02
-8.00058e-02 -8.00914e-02
-7.80058e-02 -7.80851e-02
-7.60058e-02 -7.60791e-02
-7.40058e-02 -7.40735e-02
-7.20058e-02 -7.20681e-02
-7.00058e-02 -7.00631e-02
-6.80058e-02 -6.80583e-02
-6.60058e-02 -6.60538e-02
-6.40058e-02 -6.40496e-02
-6.20058e-02 -6.20456e-02
-6.00058e-02 -6.00419e-02
-5.80058e-02 -5.80384e-02
-5.60058e-02 -5.60351e-02
-5.40058e-02 -5.40321e-02
-5.20058e-02 -5.20293e-02
-5.00058e-02 -5.00266e-02
-4.80058e-02 -4.80242e-02
-4.60058e-02 -4.60220e-02
-4.40058e-02 -4.40200e-02
-4.20058e-02 -4.20181e-02
-4.00058e-02 -4.00165e-02
-3.80058e-02 -3.80149e-02
-3.60058e-02 -3.60136e-02
-3.40058e-02 -3.40123e-02
-3.20058e-02 -3.20112e-02
-3.00058e-02 -3.00103e-02
-2.80058e-02 -2.80094e-02
-2.60058e-02 -2.60087e-02
-2.40058e-02 -2.40081e-02
-2.20058e-02 -2.20076e-02
-2.00058e-02 -2.00071e-02
-1.80058e-02 -1.80068e-02
-1.60058e-02 -1.60065e-02
-1.40058e-02 -1.40062e-02
-1.20058e-02 -1.20061e-02
-1.00058e-02 -1.00059e-02
-8.00578e-03 -8.00586e-03
-6.00578e-03 -6.00581e-03
-4.00577e-03 -4.00579e-03
-2.00577e-03 -2.00578e-03
-5.77467e-06 -5.77467e-06
1.99423e-03 1.99423e-03
3.99423e-03 3.99424e-03
5.99423e-03 5.99426e-03
7.99423e-03 7.99431e-03
9.99423e-03 9.99439e-03
1.19942e-02 1.19945e-02
1.39942e-02 1.39947e-02
1.59942e-02 1.59949e-02
1.79942e-02 1.79952e-02
1.99942e-02 1.99956e-02
2.19942e-02 2.19960e-02
2.39942e-02 2.39965e-02
2.59942e-02 2.59972e-02
2.79942e-02 2.79979e-02
2.99942e-02 2.99987e-02
3.19942e-02 3.19997e-02
3.39942e-02 3.40008e-02
3.59942e-02 3.60020e-02
3.79942e-02 3.80034e-02
3.99942e-02 4.00049e-02
4.19942e-02 4.20066e-02
4.39942e-02 4.40084e-02
4.59942e-02 4.60105e-02
4.79942e-02 4.80127e-02
4.99942e-02 5.00151e-02
5.19942e-02 5.20177e-02
5.39942e-02 5.40205e-02
5.59942e-02 5.60235e-02
5.79942e-02 5.80268e-02
5.99942e-02 6.00303e-02
6.19942e-02 6.20340e-02
6.39942e-02 6.40380e-02
6.59942e-02 6.60422e-02
6.79942e-02 6.80467e-02
6.99942e-02 7.00515e-02
7.19942e-02 7.20566e-02
7.39942e-02 7.40619e-02
7.59942e-02 7.60675e-02
7.79942e-02 7.80735e-02
7.99942e-02 8.00798e-02
8.19942e-02 8.20864e-02
8.39942e-02 8.40933e-02
8.59942e-02 8.61005e-02
8.79942e-02 8.81081e-02
8.99942e-02 9.01161e-02
9.19942e-02 9.21244e-02
9.39942e-02 9.41331e-02
9.59942e-02 9.61422e-02
9.79942e-02 9.81517e-02
9.99942e-02 1.00162e-01
1.01994e-01 1.02172e-01
1.03994e-01 1.04183e-01
1.05994e-01 1.06194e-01
1.07994e-01 1.08205e-01
1.09994e-01 1.10217e-01
1.11994e-01 1.12230e-01
1.13994e-01 1.14242e-01
1.15994e-01 1.16256e-01
1.17994e-01 1.18270e-01
1.19994e-01 1.20284e-01
1.21994e-01 1.22299e-01
1.23994e-01 1.24314e-01
1.25994e-01 1.26330e-01
1.27994e-01 1.28346e-01
1.29994e-01 1.30363e-01
1.31994e-01 1.32380e-01
1.33994e-01 1.34398e-01
1.35994e-01 1.36417e-01
1.37994e-01 1.38436e-01
1.39994e-01 1.40456e-01
1.41994e-01 1.42476e-01
1.43994e-01 1.44496e-01
1.45994e-01 1.46518e-01
1.47994e-01 1.48540e-01
1.49994e-01 1.50562e-01
1.51994e-01 1.52586e-01
1.53994e-01 1.54609e-01
1.55994e-01 1.56634e-01
1.57994e-01 1.58659e-01
1.59994e-01 1.60685e-01
1.61994e-01 1.62711e-01
1.63994e-01 1.64738e-01
1.65994e-01 1.66766e-01
1.67994e-01 1.68795e-01
1.69994e-01 1.70824e-01
1.71994e-01 1.72854e-01
1.73994e-01 1.74884e-01
1.75994e-01 1.76916e-01
1.77994e-01 1.78948e-01
1.79994e-01 1.80981e-01
1.81994e-01 1.83014e-01
1.83994e-01 1.85049e-01
1.85994e-01 1.87084e-01
1.87994e-01 1.89120e-01
1.89994e-01 1.91156e-01
1.91994e-01 1.93194e-01
1.93994e-01 1.95232e-01
1.95994e-01 1.97271e-01
1.97994e-01 1.99311e-01
1.99994e-01 2.01352e-01
2.01994e-01 2.03394e-01
2.03994e-01 2.05436e-01
2.05994e-01 2.07480e-01
2.07994e-01 2.09524e-01
2.09994e-01 2.11569e-01
2.11994e-01 2.13615e-01
2.13994e-01 2.15662e-01
2.15994e-01 2.17710e-01
2.17994e-01 2.19759e-01
2.19994e-01 2.21809e-01
2.21994e-01 2.23859e-01
2.23994e-01 2.25911e-01
2.25994e-01 2.27964e-01
2.27994e-01 2.30017e-01
2.29994e-01 2.32072e-01
2.31994e-01 2.34127e-01
2.33994e-01 2.36184e-01
2.35994e-01 2.38242e-01
2.37994e-01 2.40300e-01
2.39994e-01 2.42360e-01
2.41994e-01 2.44421e-01
2.43994e-01 2.46483e-01
2.45994e-01 2.48545e-01
2.47994e-01 2.50609e-01
2.49994e-01 2.52674e-01
2.51994e-01 2.54741e-01
2.53994e-01 2.56808e-01
2.55994e-01 2.58876e-01
2.57994e-01 2.60946e-01
2.59994e-01 2.63016e-01
2.61994e-01 2.65088e-01
2.63994e-01 2.67161e-01
2.65994e-01 2.69235e-01
2.67994e-01 2.71311e-01
2.69994e-01 2.73387e-01
2.71994e-01 2.75465e-01
2.73994e-01 2.77544e-01
2.75994e-01 2.79624e-01
2.77994e-01 2.81706e-01
2.79994e-01 2.83788e-01
2.81994e-01 2.85872e-01
2.83994e-01 2.87958e-01
2.85994e-01 2.90044e-01
2.87994e-01 2.92132e-01
2.89994e-01 2.94221e-01
2.91994e-01 2.96311e-01
2.93994e-01 2.98403e-01
2.95994e-01 3.00496e-01
2.97994e-01 3.02591e-01
2.99994e-01 3.04687e-01
3.01994e-01 3.06784e-01
3.03994e-01 3.08883e-01
3.05994e-01 3.10983e-01
3.07994e-01 3.13084e-01
3.09994e-01 3.15187e-01
3.11994e-01 3.17292e-01
3.13994e-01 3.19397e-01
3.15995e-01 3.21505e-01
3.17995e-01 3.23613e-01
3.19995e-01 3.25724e-01
3.21995e-01 3.27835e-01
3.23995e-01 3.29949e-01
3.25995e-01 3.32064e-01
3.27995e-01 3.34180e-01
3.29995e-01 3.36298e-01
3.31995e-01 3.38417e-01
3.33995e-01 3.40538e-01
3.35995e-01 3.42661e-01
3.37995e-01 3.44785e-01
3.39995e-01 3.46911e-01
3.41995e-01 3.49039e-01
3.43995e-01 3.51168e-01
3.45995e-01 3.53299e-01
3.47995e-01 3.55431e-01
3.49995e-01 3.57565e-01
3.51995e-01 3.59701e-01
3.53995e-01 3.61839e-01
3.55995e-01 3.63978e-01
3.57995e-01 3.66119e-01
3.59995e-01 3.68262e-01
3.61995e-01 3.70407e-01
3.63995e-01 3.72553e-01
3.65995e-01 3.74701e-01
3.67995e-01 3.76851e-01
3.69995e-01 3.79003e-01
3.71995e-01 3.81157e-01
3.73995e-01 3.83312e-01
3.75995e-01 3.85470e-01
3.77995e-01 3.87629e-01
3.79995e-01 3.89791e-01
3.81995e-01 3.91954e-01
3.83995e-01 3.94119e-01
3.85995e-01 3.96286e-01
3.87995e-01 3.98455e-01
3.89995e-01 4.00626e-01
3.91995e-01 4.02799e-01
3.93995e-01 4.04974e-01
3.95995e-01 4.07151e-01
3.97995e-01 4.09330e-01
3.99995e-01 4.11511e-01
4.01995e-01 4.13694e-01
4.03995e-01 4.15880e-01
4.05995e-01 4.18067e-01
4.07995e-01 4.20257e-01
4.09995e-01 4.22448e-01
4.11995e-01 4.24642e-01
4.13995e-01 4.26838e-01
4.15995e-01 4.29036e-01
4.17995e-01 4.31237e-01
4.19995e-01 4.33439e-01
4.21995e-01 4.35644e-01
4.23995e-01 4.37852e-01
4.25995e-01 4.40061e-01
4.27995e-01 4.42273e-01
4.29995e-01 4.44487e-01
4.31995e-01 4.46703e-01
4.33995e-01 4.48922e-01
4.35995e-01 4.51143e-01
4.37995e-01 4.53367e-01
4.39995e-01 4.55593e-01
4.41995e-01 4.57821e-01
4.43995e-01 4.60052e-01
4.45995e-01 4.62285e-01
4.47995e-01 4.64521e-01
4.49995e-01 4.66759e-01
4.51995e-01 4.69000e-01
4.53995e-01 4.71244e-01
4.55995e-01 4.73490e-01
4.57995e-01 4.75738e-01
4.59995e-01 4.77989e-01
4.61995e-01 4.80243e-01
4.63995e-01 4.82500e-01
4.65995e-01 4.84759e-01
4.67995e-01 4.87020e-01
4.69995e-01 4.89285e-01
4.71995e-01 4.91552e-01
4.73995e-01 4.93822e-01
4.75995e-01 4.96095e-01
4.77995e-01 4.98370e-01
4.79995e-01 5.00649e-01
4.81995e-01 5.02930e-01
4.83995e-01 5.05214e-01
4.85995e-01 5.07501e-01
4.87995e-01 5.09791e-01
4.89995e-01 5.12084e-01
4.91995e-01 5.14380e-01
4.93995e-01 5.16678e-01
4.95995e-01 5.18980e-01
4.97995e-01 5.21285e-01
4.99995e-01 5.23593e-01
5.01995e-01 5.25904e-01
5.03995e-01 5.28218e-01
5.05995e-01 5.30535e-01
5.07995e-01 5.32855e-01
5.09995e-01 5.35179e-01
5.11995e-01 5.37505e-01
5.13995e-01 5.39835e-01
5.15995e-01 5.42168e-01
5.17995e-01 5.44505e-01
5.19995e-01 5.46845e-01
5.21995e-01 5.49188e-01
5.23995e-01 5.51534e-01
5.25995e-01 5.53884e-01
5.27995e-01 5.56237e-01
5.29994e-01 5.58594e-01
5.31994e-01 5.60954e-01
5.33994e-01 5.63318e-01
5.35994e-01 5.65685e-01
5.37994e-01 5.68056e-01
5.39994e-01 5.70430e-01
5.41994e-01 5.72809e-01
5.43994e-01 5.75190e-01
5.45994e-01 5.77575e-01
5.47994e-01 5.79965e-01
5.49994e-01 5.82357e-01
5.51994e-01 5.84754e-01
5.53994e-01 5.87154e-01
5.55994e-01 5.89559e-01
5.57994e-01 5.91967e-01
5.59994e-01 5.94379e-01
5.61994e-01 5.96795e-01
5.63994e-01 5.99215e-01
5.65994e-01 6.01638e-01
5.67994e-01 6.04066e-01
5.69994e-01 6.06499e-01
5.71994e-01 6.08935e-01
5.73994e-01 6.11375e-01
5.75994e-01 6.13819e-01
5.77994e-01 6.16268e-01
5.79994e-01 6.18721e-01
5.81994e-01 6.21179e-01
5.83994e-01 6.23640e-01
5.85994e-01 6.26106e-01
5.87994e-01 6.28576e-01
5.89994e-01 6.31051e-01
5.91994e-01 6.33530e-01
5.93994e-01 6.36014e-01
5.95994e-01 6.38503e-01
5.97994e-01 6.40996e-01
5.99994e-01 6.43493e-01
6.01994e-01 6.45995e-01
6.03994e-01 6.48502e-01
6.05994e-01 6.51014e-01
6.07993e-01 6.53531e-01
6.09993e-01 6.56052e-01
6.11993e-01 6.58579e-01
6.13993e-01 6.61110e-01
6.15993e-01 6.63646e-01
6.17993e-01 6.66188e-01
6.19993e-01 6.68734e-01
6.21993e-01 6.71286e-01
6.23993e-01 6.73843e-01
6.25993e-01 6.76405e-01
6.27993e-01 6.78972e-01
6.29993e-01 6.81545e-01
6.31993e-01 6.84122e-01
6.33993e-01 6.86706e-01
6.35993e-01 6.89295e-01
6.37993e-01 6.91889e-01
6.39993e-01 6.94489e-01
6.41993e-01 6.97095e-01
6.43993e-01 6.99706e-01
6.45993e-01 7.02323e-01
6.47993e-01 7.04946e-01
6.49993e-01 7.07575e-01
6.51993e-01 7.10210e-01
6.53993e-01 7.12851e-01
6.55993e-01 7.15497e-01
6.57993e-01 7.18150e-01
6.59993e-01 7.20809e-01
6.61993e-01 7.23475e-01
6.63993e-01 7.26146e-01
6.65993e-01 7.28824e-01
6.67993e-01 7.31508e-01
6.69993e-01 7.34199e-01
6.71993e-01 7.36896e-01
6.73993e-01 7.39600e-01
6.75993e-01 7.42311e-01
6.77993e-01 7.45028e-01
6.79993e-01 7.47753e-01
6.81993e-01 7.50484e-01
6.83993e-01 7.53222e-01
6.85992e-01 7.55967e-01
6.87992e-01 7.58719e-01
6.89992e-01 7.61479e-01
6.91992e-01 7.64246e-01
6.93992e-01 7.67020e-01
6.95992e-01 7.69801e-01
6.97992e-01 7.72590e-01
6.99992e-01 7.75387e-01
7.01992e-01 7.78191e-01
7.03992e-01 7.81003e-01
7.05992e-01 7.83823e-01
7.07992e-01 7.86651e-01
7.09992e-01 7.89487e-01
7.11992e-01 7.92331e-01
7.13992e-01 7.95183e-01
7.15992e-01 7.98044e-01
7.17992e-01 8.00913e-01
7.19992e-01 8.03791e-01
7.21992e-01 8.06677e-01
7.23992e-01 8.09572e-01
7.25992e-01 8.12476e-01
7.27992e-01 8.15388e-01
7.29992e-01 8.18310e-01
7.31992e-01 8.21241e-01
7.33992e-01 8.24181e-01
7.35992e-01 8.27130e-01
7.37992e-01 8.30089e-01
7.39992e-01 8.33058e-01
7.41992e-01 8.36036e-01
7.43992e-01 8.39025e-01
7.45992e-01 8.42023e-01
7.47992e-01 8.45031e-01
7.49992e-01 8.48049e-01
7.51992e-01 8.51078e-01
7.53992e-01 8.54117e-01
7.55992e-01 8.57168e-01
7.57992e-01 8.60228e-01
7.59992e-01 8.63300e-01
7.61992e-01 8.66383e-01
7.63991e-01 8.69477e-01
7.65991e-01 8.72582e-01
7.67991e-01 8.75699e-01
7.69991e-01 8.78828e-01
7.71991e-01 8.81968e-01
7.73991e-01 8.85121e-01
7.75991e-01 8.88285e-01
7.77991e-01 8.91462e-01
7.79991e-01 8.94652e-01
7.81991e-01 8.97854e-01
7.83991e-01 9.01069e-01
7.85991e-01 9.04298e-01
7.87991e-01 9.07539e-01
7.89991e-01 9.10795e-01
7.91991e-01 9.14063e-01
7.93991e-01 9.17346e-01
7.95991e-01 9.20643e-01
7.97991e-01 9.23954e-01
7.99991e-01 9.27280e-01
8.01991e-01 9.30621e-01
8.03991e-01 9.33977e-01
8.05991e-01 9.37348e-01
8.07991e-01 9.40734e-01
8.09991e-01 9.44137e-01
8.11991e-01 9.47555e-01
8.13991e-01 9.50990e-01
8.15991e-01 9.54441e-01
8.17991e-01 9.57909e-01
8.19991e-01 9.61395e-01
8.21991e-01 9.64898e-01
8.23991e-01 9.68419e-01
8.25991e-01 9.71957e-01
8.27991e-01 9.75515e-01
8.29991e-01 9.79091e-01
8.31991e-01 9.82686e-01
8.33991e-01 9.86301e-01
8.35991e-01 9.89936e-01
8.37991e-01 9.93590e-01
8.39990e-01 9.97266e-01
8.41990e-01 1.00096e+00
8.43990e-01 1.00468e+00
8.45990e-01 1.00842e+00
8.47990e-01 1.01218e+00
8.49990e-01 1.01597e+00
8.51990e-01 1.01978e+00
8.53990e-01 1.02361e+00
8.55990e-01 1.02746e+00
8.57990e-01 1.03134e+00
8.59990e-01 1.03525e+00
8.61990e-01 1.03918e+00
8.63990e-01 1.04314e+00
8.65990e-01 1.04713e+00
8.67990e-01 1.05114e+00
8.69990e-01 1.05518e+00
8.71990e-01 1.05925e+00
8.73990e-01 1.06335e+00
8.75990e-01 1.06748e+00
8.77990e-01 1.07165e+00
8.79990e-01 1.07584e+00
8.81990e-01 1.08007e+00
8.83990e-01 1.08433e+00
8.85990e-01 1.08862e+00
8.87990e-01 1.09296e+00
8.89990e-01 1.09732e+00
8.91990e-01 1.10173e+00
8.93990e-01 1.10617e+00
8.95990e-01 1.11066e+00
8.97990e-01 1.11518e+00
8.99990e-01 1.11975e+00
9.01990e-01 1.12436e+00
9.03990e-01 1.12901e+00
9.05990e-01 1.13371e+00
9.07990e-01 1.13846e+00
9.09990e-01 1.14326e+00
9.11990e-01 1.14811e+00
9.13990e-01 1.15301e+00
9.15990e-01 1.15797e+00
9.17989e-01 1.16298e+00
9.19989e-01 1.16805e+00
9.21989e-01 1.17319e+00
9.23989e-01 1.17838e+00
9.25989e-01 1.18365e+00
9.27989e-01 1.18898e+00
9.29989e-01 1.19438e+00
9.31989e-01 1.19986e+00
9.33989e-01 1.20542e+00
9.35989e-01 1.21106e+00
9.37989e-01 1.21678e+00
9.39989e-01 1.22260e+00
9.41989e-01 1.22851e+00
9.43989e-01 1.23452e+00
9.45989e-01 1.24063e+00
9.47989e-01 1.24686e+00
9.49989e-01 1.25320e+00
9.51989e-01 1.25967e+00
9.53989e-01 1.26627e+00
9.55989e-01 1.27301e+00
9.57989e-01 1.27991e+00
9.59989e-01 1.28696e+00
9.61989e-01 1.29419e+00
9.63989e-01 1.30161e+00
9.65989e-01 1.30924e+00
9.67989e-01 1.31709e+00
9.69989e-01 1.32518e+00
9.71989e-01 1.33355e+00
9.73989e-01 1.34221e+00
9.75989e-01 1.35122e+00
9.77989e-01 1.36059e+00
9.79989e-01 1.37040e+00
9.81989e-01 1.38071e+00
9.83989e-01 1.39161e+00
9.85989e-01 1.40320e+00
9.87989e-01 1.41565e+00
9.89989e-01 1.42918e+00
9.91989e-01 1.44413e+00
9.93989e-01 1.46109e+00
9.95988e-01 1.48120e+00
9.97988e-01 1.50736e+00
9.99988e-01 1.56599e+00
