-0.998 -1.5075406352554843
-0.99600005 -1.48132434293865
-0.9940001 -1.461197675196729
-0.9920001 -1.444221556729619
-0.9900001 -1.4292577661298203
-0.98800015 -1.4157226541015577
-0.9860002 -1.4032695642556015
-0.9840002 -1.3916726680932028
-0.98200023 -1.3807751302618532
-0.98000026 -1.370462778422214
-0.9780003 -1.3606494355630296
-0.9760003 -1.3512681614305857
-0.97400033 -1.3422657304181902
-0.97200036 -1.3335989942268722
-0.9700004 -1.32523239805588
-0.9680004 -1.3171362324340867
-0.96600044 -1.3092853707358394
-0.96400046 -1.3016583369939876
-0.9620005 -1.294236604164822
-0.9600005 -1.2870040568214067
-0.95800054 -1.27994657350533
-0.95600057 -1.2730516976967734
-0.9540006 -1.2663083754520947
-0.9520006 -1.2597067439081542
-0.95000064 -1.2532379590962934
-0.94800067 -1.2468940544894243
-0.9460007 -1.24066782383303
-0.9440007 -1.2345527233516664
-0.94200075 -1.2285427895536023
-0.9400008 -1.2226325696968277
-0.9380008 -1.2168170626115329
-0.9360008 -1.211091668054184
-0.93400085 -1.2054521431365526
-0.9320009 -1.1998945646581465
-0.9300009 -1.1944152963930568
-0.9280009 -1.1890109605574186
-0.92600095 -1.183678412822561
-0.924001 -1.1784147203498265
-0.922001 -1.1732171424121698
-0.92000103 -1.1680831132397294
-0.91800106 -1.1630102267852054
-0.9160011 -1.1579962231528504
-0.9140011 -1.1530389764743196
-0.91200113 -1.1481364840472361
-0.91000116 -1.1432868565793926
-0.9080012 -1.1384883094040918
-0.9060012 -1.1337391545510485
-0.90400124 -1.1290377935731812
-0.90200126 -1.124382711043065
-0.9000013 -1.1197724686441983
-0.8980013 -1.1152056997919324
-0.89600134 -1.1106811047271747
-0.89400136 -1.1061974460330655
-0.8920014 -1.1017535445309008
-0.8900014 -1.0973482755168287
-0.88800144 -1.092980565305368
-0.88600147 -1.0886493880497237
-0.8840015 -1.0843537628122903
-0.8820015 -1.080092750861699
-0.88000154 -1.0758654531753655
-0.8780016 -1.0716710081287637
-0.8760016 -1.0675085893546437
-0.8740016 -1.0633774037571693
-0.87200165 -1.059276689667494
-0.8700017 -1.0552057151286547
-0.8680017 -1.0511637762988775
-0.8660017 -1.0471501959634573
-0.86400175 -1.043164322146322
-0.8620018 -1.0392055268132459
-0.8600018 -1.0352732046594226
-0.8580018 -1.0313667719747914
-0.85600185 -1.0274856655811082
-0.8540019 -1.023629341835296
-0.8520019 -1.0197972756940938
-0.85000193 -1.0159889598354592
-0.84800196 -1.0122039038325743
-0.846002 -1.008441633376656
-0.844002 -1.0047016895450942
-0.84200203 -1.000983628111729
-0.84000206 -0.9972870188963392
-0.8380021 -0.9936114451506524
-0.8360021 -0.9899565029784049
-0.83400214 -0.9863218007871679
-0.83200216 -0.9827069587698444
-0.8300022 -0.979111608413894
-0.8280022 -0.9755353920364983
-0.82600224 -0.9719779623440092
-0.82400227 -0.9684389820141486
-0.8220023 -0.9649181232995409
-0.8200023 -0.9614150676512612
-0.81800234 -0.95792950536118
-0.81600237 -0.9544611352219682
-0.8140024 -0.9510096642037106
-0.8120024 -0.9475748071461463
-0.81000245 -0.9441562864656234
-0.8080025 -0.9407538318759172
-0.8060025 -0.9373671801221197
-0.8040025 -0.9339960747268604
-0.80200255 -0.9306402657481657
-0.8000026 -0.9272995095483143
-0.7980026 -0.9239735685730818
-0.7960026 -0.9206622111408116
-0.79400265 -0.9173652112407817
-0.7920027 -0.914082348340373
-0.7900027 -0.9108134072005729
-0.7880027 -0.9075581776993791
-0.78600276 -0.9043164546626936
-0.7840028 -0.9010880377023237
-0.7820028 -0.8978727310607265
-0.78000283 -0.8946703434621585
-0.77800286 -0.8914806879699101
-0.7760029 -0.8883035818493238
-0.7740029 -0.8851388464363121
-0.77200294 -0.8819863070111087
-0.77000296 -0.8788457926769987
-0.768003 -0.8757171362437931
-0.766003 -0.8726001741158197
-0.76400304 -0.8694947461842198
-0.76200306 -0.8664006957233517
-0.7600031 -0.8633178692911068
-0.7580031 -0.8602461166329652
-0.75600314 -0.8571852905896163
-0.75400317 -0.8541352470079849
-0.7520032 -0.8510958446555124
-0.7500032 -0.8480669451375468
-0.74800324 -0.845048412817706
-0.74600327 -0.8420401147410845
-0.7440033 -0.8390419205601789
-0.7420033 -0.8360537024634187
-0.74000335 -0.8330753351061888
-0.7380034 -0.8301066955442381
-0.7360034 -0.8271476631693769
-0.7340034 -0.8241981196473644
-0.73200345 -0.821257948857898
-0.7300035 -0.8183270368366178
-0.7280035 -0.815405271719043
-0.7260035 -0.8124925436863647
-0.72400355 -0.8095887449130169
-0.7220036 -0.8066937695159588
-0.7200036 -0.803807513505598
-0.71800363 -0.8009298747382909
-0.71600366 -0.7980607528703597
-0.7140037 -0.7952000493135654
-0.7120037 -0.7923476671919831
-0.71000373 -0.7895035113002244
-0.70800376 -0.786667488062956
-0.7060038 -0.7838395054956663
-0.7040038 -0.7810194731666332
-0.70200384 -0.7782073021600483
-0.70000386 -0.7754029050402542
-0.6980039 -0.7726061958170556
-0.6960039 -0.7698170899120632
-0.69400394 -0.7670355041260355
-0.69200397 -0.7642613566071792
-0.690004 -0.761494566820378
-0.688004 -0.7587350555173132
-0.68600404 -0.7559827447074474
-0.68400407 -0.7532375576298388
-0.6820041 -0.7504994187257596
-0.6800041 -0.7477682536120883
-0.67800415 -0.7450439890554511
-0.6760042 -0.7423265529470858
-0.6740042 -0.739615874278404
-0.6720042 -0.7369118831172281
-0.67000425 -0.7342145105846801
-0.6680043 -0.7315236888327016
-0.6660043 -0.7288393510221817
-0.6640043 -0.7261614313016762
-0.66200435 -0.723489864786695
-0.6600044 -0.7208245875395426
-0.6580044 -0.7181655365496912
-0.6560044 -0.7155126497146707
-0.65400445 -0.7128658658214588
-0.6520045 -0.7102251245283551
-0.6500045 -0.7075903663473238
-0.64800453 -0.7049615326267903
-0.64600456 -0.7023385655348787
-0.6440046 -0.6997214080430741
-0.6420046 -0.6971100039102983
-0.64000463 -0.6945042976673864
-0.63800466 -0.691904234601951
-0.6360047 -0.6893097607436227
-0.6340047 -0.686720822849655
-0.63200474 -0.6841373683908841
-0.63000476 -0.6815593455380319
-0.6280048 -0.6789867031483408
-0.6260048 -0.6764193907525333
-0.62400484 -0.6738573585420848
-0.62200487 -0.6713005573568006
-0.6200049 -0.6687489386726893
-0.6180049 -0.6662024545901225
-0.61600494 -0.663661057822274
-0.61400497 -0.6611247016838298
-0.612005 -0.6585933400799606
-0.610005 -0.6560669274955512
-0.60800505 -0.6535454189846763
-0.6060051 -0.6510287701603207
-0.6040051 -0.6485169371843309
-0.6020051 -0.646009876757598
-0.60000515 -0.6435075461104598
-0.5980052 -0.6410099029933208
-0.5960052 -0.6385169056674806
-0.5940052 -0.6360285128961676
-0.59200525 -0.6335446839357697
-0.5900053 -0.6310653785272602
-0.5880053 -0.6285905568878106
-0.58600533 -0.6261201797025863
-0.58400536 -0.6236542081167207
-0.5820054 -0.6211926037274634
-0.5800054 -0.618735328576496
-0.57800543 -0.6162823451424135
-0.57600546 -0.6138336163333651
-0.5740055 -0.6113891054798508
-0.5720055 -0.6089487763276717
-0.57000554 -0.6065125930310254
-0.56800556 -0.6040805201457484
-0.5660056 -0.6016525226226975
-0.5640056 -0.5992285658012685
-0.56200564 -0.5968086154030487
-0.56000566 -0.5943926375255996
-0.5580057 -0.5919805986363659
-0.5560057 -0.5895724655667092
-0.55400574 -0.5871682055060612
-0.55200577 -0.5847677859961962
-0.5500058 -0.5823711749256163
-0.5480058 -0.5799783405240508
-0.54600585 -0.577589251357063
-0.5440059 -0.5752038763207648
-0.5420059 -0.5728221846366348
-0.5400059 -0.570444145846438
-0.53800595 -0.5680697298072448
-0.536006 -0.5656989066865461
-0.534006 -0.563331646957464
-0.532006 -0.560967921394053
-0.53000605 -0.558607701066693
-0.5280061 -0.5562509573375687
-0.5260061 -0.5538976618562362
-0.5240061 -0.5515477865552721
-0.52200615 -0.5492013036460055
-0.5200062 -0.5468581856143295
-0.5180062 -0.5445184052165912
-0.51600623 -0.5421819354755582
-0.51400626 -0.5398487496764586
-0.5120063 -0.5375188213630958
-0.5100063 -0.5351921243340331
-0.50800633 -0.5328686326388485
-0.50600636 -0.5305483205744583
-0.5040064 -0.5282311626815055
-0.5020064 -0.5259171337408153
-0.50000644 -0.5236062087699134
-0.49800643 -0.5212983286524026
-0.49600643 -0.5189935033268916
-0.49400643 -0.5166917084996524
-0.49200642 -0.5143929201003528
-0.49000642 -0.5120971142788727
-0.4880064 -0.5098042674021769
-0.4860064 -0.5075143560512402
-0.4840064 -0.5052273570180281
-0.4820064 -0.5029432473025289
-0.4800064 -0.5006620041098364
-0.4780064 -0.49838360484728367
-0.4760064 -0.49610802712162505
-0.47400638 -0.4938352487362665
-0.47200638 -0.49156524768854265
-0.47000638 -0.48929800216704
-0.46800637 -0.48703349054896494
-0.46600637 -0.48477169139755605
-0.46400636 -0.4825125834595392
-0.46200636 -0.4802561456626254
-0.46000636 -0.47800235711304967
-0.45800635 -0.4757511970931505
-0.45600635 -0.47350264505898915
-0.45400634 -0.4712566806380077
-0.45200634 -0.46901328362672534
-0.45000634 -0.46677243398847207
-0.44800633 -0.4645341118511587
-0.44600633 -0.46229829750508306
-0.44400632 -0.46006497140077096
-0.44200632 -0.457834114146852
-0.44000632 -0.45560570650796883
-0.4380063 -0.4533797294027197
-0.4360063 -0.4511561639016332
-0.4340063 -0.4489349912251751
-0.4320063 -0.446716192741786
-0.4300063 -0.44449974996595
-0.4280063 -0.4422856445562927
-0.4260063 -0.4400738583137095
-0.42400628 -0.4378643731795215
-0.42200628 -0.4356571712336609
-0.42000628 -0.43345223469288313
-0.41800627 -0.43124954590900694
-0.41600627 -0.42904908736718045
-0.41400626 -0.42685084168417387
-0.41200626 -0.42465479160669767
-0.41000625 -0.42246092000974594
-0.40800625 -0.42026920989496447
-0.40600625 -0.4180796443890431
-0.40400624 -0.4158922067421316
-0.40200624 -0.41370688032627945
-0.40000623 -0.4115236486338978
-0.39800623 -0.40934249527624433
-0.39600623 -0.40716340398193024
-0.39400622 -0.40498635859544874
-0.39200622 -0.40281134307572447
-0.3900062 -0.40063834149468447
-0.3880062 -0.3984673380358491
-0.3860062 -0.39629831699294316
-0.3840062 -0.3941312627685269
-0.3820062 -0.39196615987264616
-0.3800062 -0.389802992921502
-0.3780062 -0.3876417466361383
-0.3760062 -0.3854824058411484
-0.37400618 -0.3833249554633993
-0.37200618 -0.38116938053077365
-0.37000617 -0.3790156661709296
-0.36800617 -0.3768637976100767
-0.36600617 -0.3747137601717696
-0.36400616 -0.3725655392757176
-0.36200616 -0.3704191204366106
-0.36000615 -0.368274489262961
-0.35800615 -0.3661316314559608
-0.35600615 -0.3639905328083547
-0.35400614 -0.36185117920332766
-0.35200614 -0.35971355661340776
-0.35000613 -0.3575776510993831
-0.34800613 -0.35544344880923345
-0.34600613 -0.3533109359770757
-0.34400612 -0.35118009892212315
-0.34200612 -0.3490509240476585
-0.3400061 -0.34692339784001985
-0.3380061 -0.34479750686760025
-0.3360061 -0.3426732377798597
-0.3340061 -0.34055057730635024
-0.3320061 -0.338429512255753
-0.3300061 -0.3363100295149278
-0.3280061 -0.3341921160479747
-0.32600608 -0.3320757588953076
-0.32400608 -0.32996094517273883
-0.32200608 -0.3278476620705759
-0.32000607 -0.32573589685272886
-0.31800607 -0.3236256368558293
-0.31600606 -0.3215168694883596
-0.31400606 -0.31940958222979343
-0.31200606 -0.31730376262974613
-0.31000605 -0.31519939830713606
-0.30800605 -0.31309647694935566
-0.30600604 -0.3109949863114526
-0.30400604 -0.3088949142153207
-0.30200604 -0.3067962485489008
-0.30000603 -0.3046989772653907
-0.29800603 -0.30260308838246447
-0.29600602 -0.3005085699815016
-0.29400602 -0.2984154102068242
-0.29200602 -0.29632359726494373
-0.290006 -0.2942331194238163
-0.288006 -0.29214396501210665
-0.286006 -0.29005612241846035
-0.284006 -0.28796958009078455
-0.282006 -0.2858843265355367
-0.280006 -0.28380035031702167
-0.278006 -0.2817176400566963
-0.27600598 -0.27963618443248217
-0.27400598 -0.2775559721780858
-0.27200598 -0.2754769920823263
-0.27000597 -0.27339923298847074
-0.26800597 -0.2713226837935766
-0.26600596 -0.26924733344784146
-0.26400596 -0.26717317095395954
-0.26200595 -0.2651001853664856
-0.26000595 -0.2630283657912053
-0.25800595 -0.26095770138451263
-0.25600594 -0.2588881813527934
-0.25400594 -0.25681979495181595
-0.25200593 -0.2547525314861276
-0.25000593 -0.2526863803084579
-0.24800593 -0.2506213308191279
-0.24600592 -0.24855737246546544
-0.24400592 -0.2464944947412263
-0.24200591 -0.24443268718602187
-0.24000591 -0.24237193938475185
-0.2380059 -0.24031224096704326
-0.2360059 -0.23825358160669471
-0.2340059 -0.23619595102112648
-0.2320059 -0.23413933897083572
-0.23000589 -0.23208373525885737
-0.22800589 -0.23002912973023013
-0.22600588 -0.22797551227146753
-0.22400588 -0.22592287281003454
-0.22200587 -0.22387120131382848
-0.22000587 -0.22182048779066568
-0.21800587 -0.2197707222877724
-0.21600586 -0.21772189489128072
-0.21400586 -0.21567399572572932
-0.21200585 -0.2136270149535685
-0.21000585 -0.21158094277467027
-0.20800585 -0.20953576942584226
-0.20600584 -0.20749148518034674
-0.20400584 -0.20544808034742343
-0.20200583 -0.2034055452718169
-0.20000583 -0.201363870333308
-0.19800583 -0.19932304594624947
-0.19600582 -0.19728306255910558
-0.19400582 -0.19524391065399588
-0.19200581 -0.19320558074624272
-0.19000581 -0.19116806338392267
-0.1880058 -0.18913134914742188
-0.1860058 -0.18709542864899498
-0.1840058 -0.18506029253232772
-0.1820058 -0.18302593147210336
-0.18000579 -0.18099233617357235
-0.17800578 -0.17895949737212577
-0.17600578 -0.17692740583287203
-0.17400578 -0.17489605235021702
-0.17200577 -0.17286542774744754
-0.17000577 -0.17083552287631806
-0.16800576 -0.1688063286166406
-0.16600576 -0.16677783587587788
-0.16400576 -0.1647500355887394
-0.16200575 -0.1627229187167807
-0.16000575 -0.16069647624800573
-0.15800574 -0.1586706991964717
-0.15600574 -0.15664557860189743
-0.15400574 -0.15462110552927413
-0.15200573 -0.15259727106847906
-0.15000573 -0.15057406633389192
-0.14800572 -0.14855148246401412
-0.14600572 -0.14652951062109035
-0.14400572 -0.14450814199073306
-0.14200571 -0.1424873677815493
-0.14000571 -0.14046717922477023
-0.1380057 -0.13844756757388274
-0.1360057 -0.13642852410426407
-0.1340057 -0.13441004011281807
-0.13200569 -0.13239210691761452
-0.13000569 -0.13037471585753013
-0.12800568 -0.12835785829189203
-0.12600568 -0.12634152560012357
-0.12400568 -0.12432571668992717
-0.122005686 -0.12231041546757815
-0.12000569 -0.12029561337077908
-0.11800569 -0.11828130185593214
-0.1160057 -0.11626747239779509
-0.1140057 -0.11425411648913925
-0.1120057 -0.11224122564040931
-0.11000571 -0.11022879137938506
-0.10800571 -0.10821680525084497
-0.10600571 -0.10620525881623143
-0.10400572 -0.10419414365331789
-0.10200572 -0.10218345135587766
-0.10000572 -0.10017317353335428
-0.09800573 -0.09816330181053375
-0.09600573 -0.09615382782721807
-0.094005734 -0.09414474323790062
-0.09200574 -0.09213603971144291
-0.09000574 -0.09012770893075281
-0.088005744 -0.08811974259246431
-0.08600575 -0.08611213240661872
-0.08400575 -0.0841048700963471
-0.082005754 -0.0820979473975542
-0.08000576 -0.08009135605860371
-0.07800576 -0.07808508784000462
-0.076005764 -0.07607913451409908
-0.07400577 -0.07407348786475121
-0.07200577 -0.07206813968703735
-0.070005774 -0.07006308178693724
-0.06800578 -0.06805830598102645
-0.06600578 -0.06605380409616984
-0.064005785 -0.06404956796921604
-0.062005784 -0.06204558571422067
-0.060005784 -0.06004185292047407
-0.058005784 -0.058038361452907965
-0.056005783 -0.05603510318522583
-0.054005783 -0.054032069999602216
-0.052005783 -0.05202925378638286
-0.050005782 -0.050026646443785655
-0.048005782 -0.04802423987760242
-0.04600578 -0.04602202600090141
-0.04400578 -0.04401999673373062
-0.04200578 -0.042018144002821674
-0.04000578 -0.040016459741294565
-0.03800578 -0.038014935888362855
-0.03600578 -0.03601356438903961
-0.03400578 -0.0340123371938439
-0.03200578 -0.0320112462585078
-0.03000578 -0.03001028354368396
-0.028005779 -0.02800944101465367
-0.026005778 -0.02600871064103537
-0.024005778 -0.024008084396493618
-0.022005778 -0.02200755425844842
-0.020005777 -0.020007112207785005
-0.018005777 -0.018006750228563875
-0.016005777 -0.016006460307731236
-0.0140057765 -0.01400623443482967
-0.012005776 -0.012006064601709093
-0.010005776 -0.010005942802237934
-0.0080057755 -0.008005861032014531
-0.006005775 -0.006005811288078672
-0.004005775 -0.004005785568623307
-0.0020057748 -0.0020057761055374754
-5.7746656E-6 -5.774665623935369E-6
0.0019942254 0.0019942267511908703
0.0039942255 0.003994236144979669
0.005994226 0.00599426174893719
0.007994226 0.007994311331170241
0.0099942265 0.009994392893480053
0.011994227 0.011994514438819345
0.013994227 0.013994683971580634
0.015994227 0.01599490856644295
0.017994227 0.017995198094395662
0.019994227 0.019995559634468255
0.021994228 0.0219960011996987
0.023994228 0.02399653080600899
0.025994228 0.025997156472494738
0.027994229 0.027997886221715083
0.029994229 0.02999872807998295
0.031994227 0.031999688214056486
0.033994228 0.034000778385703825
0.035994228 0.03600200477076115
0.03799423 0.03800337541346714
0.03999423 0.04000489836327178
0.04199423 0.04200658167512934
0.04399423 0.044008433409791915
0.04599423 0.0460104616341035
0.04799423 0.048012674421294685
0.04999423 0.050015079851278045
0.05199423 0.05201768601094415
0.05399423 0.0540205009944583
0.05599423 0.056023532903558
0.05799423 0.05802678984785118
0.059994232 0.06003027994511524
0.061994232 0.06203401132159691
0.06399423 0.0640379883793711
0.065994225 0.06604222299449339
0.06799422 0.06804672332038074
0.06999422 0.07005149752012772
0.071994215 0.07205655376681093
0.07399421 0.07406190024379446
0.07599421 0.07606754514503644
0.077994205 0.0780734966753967
0.0799942 0.0800797630509454
0.0819942 0.08208635249927294
0.083994195 0.08409327325980105
0.08599419 0.086100533584095
0.08799419 0.08810814173617713
0.089994185 0.09011610599284164
0.09199418 0.09212443464397072
0.09399418 0.09413313599285199
0.095994174 0.09614221835649732
0.09799417 0.09815169006596315
0.09999417 0.10016155946667218
0.101994164 0.10217183491873653
0.10399416 0.10418252479728256
0.10599416 0.10619363749277709
0.107994154 0.10820518141135536
0.10999415 0.11021716497515054
0.11199415 0.11222959662262487
0.113994144 0.11424248480890267
0.11599414 0.11625583800610498
0.11799414 0.11826966470368594
0.11999413 0.12028397340877119
0.12199413 0.12229877264649787
0.12399413 0.12431407096035677
0.12599413 0.1263298844229676
0.12799414 0.12834621410900915
0.12999414 0.13036306861920116
0.13199414 0.13238045657400532
0.13399415 0.13439838661397738
0.13599415 0.13641686740012154
0.13799416 0.1384359076142469
0.13999416 0.1404555159593263
0.14199416 0.14247570115985722
0.14399417 0.14449647196222523
0.14599417 0.1465178371350697
0.14799418 0.14853980546965181
0.14999418 0.15056238578022535
0.15199418 0.15258558690440951
0.15399419 0.15460941770356484
0.15599419 0.15663388706317116
0.1579942 0.15865900389320864
0.1599942 0.1606847771285413
0.1619942 0.1627112157293033
0.16399421 0.16473832868128804
0.16599421 0.1667661249963401
0.16799422 0.16879461371275004
0.16999422 0.1708238038956522
0.17199422 0.17285370463742536
0.17399423 0.1748843250580967
0.17599423 0.1769156743057486
0.17799424 0.1789477615569286
0.17999424 0.18098059601706296
0.18199424 0.18301418692087282
0.18399425 0.18504854353279437
0.18599425 0.18708367514740182
0.18799426 0.18911959108983423
0.18999426 0.1911563007162256
0.19199426 0.19319381341413855
0.19399427 0.1952321386030017
0.19599427 0.1972712857345506
0.19799428 0.1993112642932725
0.19999428 0.20135208379685487
0.20199428 0.20339375379663777
0.20399429 0.20543628387807014
0.2059943 0.2074796836611702
0.2079943 0.20952396280098978
0.2099943 0.21156913098808278
0.2119943 0.2136151979489778
0.21399431 0.2156621734466553
0.21599431 0.21771006728102868
0.21799432 0.21975888928943013
0.21999432 0.22180864934710065
0.22199433 0.22385935736768495
0.22399433 0.22591102330373064
0.22599433 0.2279636571471925
0.22799434 0.2300172689299411
0.22999434 0.2320718687242766
0.23199435 0.23412746664344747
0.23399435 0.23618407284217405
0.23599435 0.23824169751717733
0.23799436 0.24030035090771298
0.23999436 0.24236004329611044
0.24199437 0.24442078500831763
0.24399437 0.2464825864144509
0.24599437 0.24854545792935065
0.24799438 0.25060941001314246
0.24999438 0.252674453171804
0.25199437 0.25474058255966053
0.25399438 0.25680783956394604
0.25599438 0.2588762194418241
0.25799438 0.26094573288846706
0.2599944 0.26301639064782284
0.2619944 0.2650882035132184
0.2639944 0.26716118232796887
0.2659944 0.2692353379859943
0.2679944 0.2713106814324419
0.2699944 0.2733872236643158
0.2719944 0.275464975731113
0.27399442 0.277543948735467
0.27599442 0.27962415383379785
0.27799442 0.28170560223696967
0.27999443 0.2837883052109554
0.28199443 0.28587227407750904
0.28399444 0.2879575202148452
0.28599444 0.29004405505832676
0.28799444 0.2921318901011597
0.28999445 0.29422103689509627
0.29199445 0.29631150705114623
0.29399446 0.2984033122402961
0.29599446 0.30049646419423653
0.29799446 0.30259097470609875
0.29999447 0.30468685563119885
0.30199447 0.3067841188877914
0.30399448 0.30888277645783163
0.30599448 0.31098284038774676
0.30799448 0.31308432278921655
0.3099945 0.3151872358399629
0.3119945 0.3172915917845493
0.3139945 0.31939740293518987
0.3159945 0.32150468167256807
0.3179945 0.3236134404466653
0.3199945 0.3257236917776001
0.3219945 0.32783544825647704
0.32399452 0.3299487225462467
0.32599452 0.33206352738257605
0.32799453 0.33417987557472945
0.32999453 0.33629778000646127
0.33199453 0.33841725363691916
0.33399454 0.34053830950155917
0.33599454 0.3426609607130721
0.33799455 0.34478522046232213
0.33999455 0.3469111020192971
0.34199455 0.34903861873407105
0.34399456 0.35116778403777943
0.34599456 0.3532986114436068
0.34799457 0.3554311145477875
0.34999457 0.3575653070306191
0.35199457 0.35970120265748984
0.35399458 0.36183881527991885
0.35599458 0.36397815883661083
0.3579946 0.3661192473545244
0.3599946 0.3682620949499549
0.3619946 0.3704067158296315
0.3639946 0.37255312429182963
0.3659946 0.3747013347274979
0.3679946 0.37685136162140054
0.3699946 0.37900321955327576
0.3719946 0.3811569231990097
0.37399462 0.3833124873318263
0.37599462 0.3854699268234944
0.37799463 0.38762925664555076
0.37999463 0.38979049187054077
0.38199463 0.3919536476732761
0.38399464 0.39411873933211056
0.38599464 0.3962857822302332
0.38799465 0.3984547918569805
0.38999465 0.400625783809167
0.39199466 0.4027987737924347
0.39399466 0.4049737776226221
0.39599466 0.407150811227153
0.39799467 0.4093298906464452
0.39999467 0.4115110320353399
0.40199468 0.4136942516645516
0.40399468 0.4158795659221399
0.40599468 0.41806699131500213
0.4079947 0.4202565444703886
0.4099947 0.42244824213744026
0.4119947 0.42464210118874895
0.4139947 0.4268381386219413
0.4159947 0.4290363715612863
0.4179947 0.43123681725932717
0.4199947 0.4334394930985374
0.42199472 0.4356444165930031
0.42399472 0.43785160539012985
0.42599472 0.44006107727237603
0.42799473 0.4422728501590135
0.42999473 0.4444869421079144
0.43199474 0.4467033713173663
0.43399474 0.44892215612791564
0.43599474 0.4511433150242395
0.43799475 0.4533668666370474
0.43999475 0.45559282974501236
0.44199476 0.4578212232767333
0.44399476 0.46005206631272777
0.44599476 0.46228537808745707
0.44799477 0.4645211779913836
0.44999477 0.4667594855730614
0.45199478 0.4690003205412601
0.45399478 0.4712437027671238
0.45599478 0.4734896522863645
0.4579948 0.47573818930149225
0.4599948 0.4779893341840806
0.4619948 0.4802431074770709
0.4639948 0.4824995298971133
0.4659948 0.4847586223369479
0.4679948 0.4870204058678244
0.4699948 0.4892849017419634
0.47199482 0.4915521313950581
0.47399482 0.49382211644881924
0.47599483 0.4960948787135623
0.47799483 0.49837044019083915
0.47999483 0.5006488230761149
0.48199484 0.5029300497614902
0.48399484 0.5052141428384712
0.48599485 0.5075011251007864
0.48799485 0.5097910195472534
0.48999485 0.5120838493846955
0.49199486 0.5143796380309092
0.49399486 0.5166784091176841
0.49599487 0.5189801864938759
0.49799487 0.5212849942285344
0.49999487 0.5235928566140869
0.50199485 0.5259037637108726
0.5039948 0.5282177746336861
0.5059948 0.5305349143636438
0.5079948 0.5328552081185414
0.50999475 0.5351786813563371
0.5119947 0.5375053597786955
0.5139947 0.539835269334598
0.51599467 0.5421684362240192
0.51799464 0.544504886901672
0.5199946 0.5468446480808219
0.5219946 0.5491877467371727
0.52399457 0.5515342101128256
0.52599454 0.5538840657203117
0.5279945 0.5562373413467026
0.5299945 0.5585940650577977
0.53199446 0.5609542652023927
0.53399444 0.563317970416628
0.5359944 0.5656852096284244
0.5379944 0.5680560120620002
0.53999436 0.5704304072424805
0.54199433 0.5728084250005936
0.5439943 0.5751900954774601
0.5459943 0.5775754491294781
0.54799426 0.5799645167333025
0.54999423 0.5823573293909255
0.5519942 0.5847539185348576
0.5539942 0.5871543159334123
0.55599415 0.5895585536960988
0.5579941 0.5919666642791224
0.5599941 0.5943786804909976
0.5619941 0.5967946354982763
0.56399405 0.5992145628313921
0.565994 0.601638496390628
0.567994 0.6040664704522051
0.569994 0.6064985196744994
0.57199395 0.6089346791043896
0.5739939 0.6113749841837364
0.5759939 0.6138194707560003
0.57799387 0.6162681750729999
0.57999384 0.6187211338018135
0.5819938 0.6211783840318296
0.5839938 0.6236399632819485
0.58599377 0.626105909507941
0.58799374 0.6285762611099661
0.5899937 0.6310510569402541
0.5919937 0.633530336310957
0.59399366 0.6360141390021744
0.59599364 0.6385025052701558
0.5979936 0.6409954758556868
0.5999936 0.6434930919926629
0.60199356 0.6459953954168569
0.60399354 0.6485024283748843
0.6059935 0.6510142336333734
0.6079935 0.653530854488345
0.60999346 0.6560523347748076
0.61199343 0.6585787188765749
0.6139934 0.6611100517363109
0.6159934 0.6636463788658101
0.61799335 0.6661877463565193
0.6199933 0.6687342008903072
0.6219933 0.6712857897504898
0.6239933 0.6738425608331197
0.62599325 0.6764045626585444
0.6279932 0.6789718443832459
0.6299932 0.6815444558119648
0.6319932 0.684122447410122
0.63399315 0.6867058703165441
0.6359931 0.6892947763565018
0.6379931 0.6918892180550735
0.6399931 0.6944892486508396
0.64199305 0.6970949221099219
0.643993 0.6997062931403752
0.645993 0.7023234172069464
0.64799297 0.7049463505462057
0.64999294 0.7075751501820703
0.6519929 0.710209873941725
0.6539929 0.7128505804719569
0.65599287 0.7154973292559168
0.65799284 0.7181501806303191
0.6599928 0.7208091958030968
0.6619928 0.7234744368715242
0.66399276 0.7261459668408248
0.66599274 0.7288238496432775
0.6679927 0.7315081501578407
0.6699927 0.7341989342303092
0.67199266 0.7368962686940228
0.67399263 0.7396002213911441
0.6759926 0.7423108611945272
0.6779926 0.7450282580301939
0.67999256 0.7477524829004416
0.68199253 0.7504836079076019
0.6839925 0.753221706278475
0.6859925 0.755966852389461
0.68799245 0.7587191217924153
0.6899924 0.7614785912412505
0.6919924 0.7642453387193148
0.6939924 0.767019443467572
0.69599235 0.7698009860136139
0.6979923 0.772590048201533
0.6999923 0.7753867132226905
0.7019923 0.7781910656474086
0.70399225 0.7810031914576243
0.7059922 0.7838231780805389
0.7079922 0.7866511144233016
0.7099922 0.7894870909087648
0.71199214 0.7923311995123539
0.7139921 0.7951835338000932
0.7159921 0.7980441889678314
0.71799207 0.8009132618817161
0.71999204 0.8037908511199633
0.721992 0.8066770570159749
0.723992 0.8095719817028568
0.72599196 0.8124757291593937
0.72799194 0.8153884052575394
0.7299919 0.8183101178114847
0.7319919 0.821240976628365
0.73399186 0.8241810935606796
0.73599184 0.8271305825604882
0.7379918 0.8300895597354635
0.7399918 0.8330581434068753
0.74199176 0.8360364541695897
0.74399173 0.8390246149541685
0.7459917 0.8420227510911596
0.7479917 0.8450309903776743
0.74999166 0.8480494631463507
0.7519916 0.851078302336809
0.7539916 0.8541176435697098
0.7559916 0.8571676252235312
0.75799155 0.8602283885141893
0.7599915 0.8633000775776302
0.7619915 0.8663828395555311
0.7639915 0.8694768246842542
0.76599145 0.8725821863872056
0.7679914 0.8756990813707602
0.7699914 0.8788276697239217
0.7719914 0.881968115021897
0.77399135 0.885120584433775
0.7759913 0.8882852488345099
0.7779913 0.8914622829214205
0.77999127 0.8946518653354312
0.78199124 0.897854178787292
0.7839912 0.9010694101890291
0.7859912 0.904297750790894
0.78799117 0.9075393963240956
0.78999114 0.9107945471496137
0.7919911 0.914063408413416
0.7939911 0.9173461902084189
0.79599106 0.9206431077435493
0.79799104 0.9239543815202981
0.799991 0.927280237517168
0.801991 0.9306209073824574
0.80399096 0.9339766286358397
0.80599093 0.9373476448792387
0.8079909 0.9407342060175241
0.8099909 0.9441365684895959
0.81199086 0.9475549955104583
0.81399083 0.95098975732493
0.8159908 0.9544411314736818
0.8179908 0.9579094030723405
0.81999075 0.9613948651044509
0.8219907 0.9648978187291487
0.8239907 0.9684185736044535
0.8259907 0.9719574482271646
0.82799065 0.9755147702904114
0.8299906 0.9790908770599929
0.8319906 0.9826861157707261
0.8339906 0.9863008440441183
0.83599055 0.9899354303287835
0.8379905 0.9935902543651324
0.8399905 0.997265707675991
0.8419905 1.0009621940849402
0.84399045 1.00468013026431
0.8459904 1.0084199463149315
0.8479904 1.0121820863799211
0.84999037 1.0159670092949755
0.85199034 1.019775189277857
0.8539903 1.0236071166600056
0.8559903 1.0274632986634544
0.85799026 1.031344260226533
0.85999024 1.0352505448821478
0.8619902 1.0391827156927926
0.8639902 1.0431413562468304
0.86599016 1.047127071721023
0.86799014 1.0511404900147747
0.8699901 1.0551822629620893
0.8719901 1.059253067627851
0.87399006 1.063353607695706
0.87599003 1.0674846149555834
0.87799 1.0716468508997337
0.87999 1.0758411084371193
0.88198996 1.080068213737059
0.88398993 1.0843290282142342
0.8859899 1.0886244506685343
0.8879899 1.092955419594753
0.88998985 1.09732291567891
0.8919898 1.1017279644999571
0.8939898 1.1061716394579
0.8959898 1.110655064951962
0.89798975 1.115179419835383
0.8999897 1.119745941176857
0.9019897 1.1243559283625297
0.9039897 1.129010747577012
0.90598965 1.1337118367070922
0.9079896 1.1384607107179192
0.9099896 1.1432589675584923
0.91198957 1.1481082946615657
0.91398954 1.1530104761127487
0.9159895 1.1579674005749605
0.9179895 1.162981070067829
0.91998947 1.1680536097175052
0.92198944 1.1731872786112807
0.9239894 1.178384481913933
0.9259894 1.1836477844297832
0.92798936 1.1889799258270037
0.92998934 1.1943838377801237
0.9319893 1.1998626633345921
0.9339893 1.2054197788558287
0.93598926 1.2110588189971923
0.93798923 1.2167837052103152
0.9399892 1.2225986784320089
0.9419892 1.228508336720651
0.94398916 1.2345176787898968
0.94598913 1.2406321546098225
0.9479891 1.2468577245302754
0.9499891 1.2532009287488894
0.95198905 1.259668969425495
0.953989 1.2662698083755088
0.955989 1.2730122841140605
0.957989 1.2799062531516892
0.95998895 1.2869627619804227
0.9619889 1.2941942583123383
0.9639889 1.30161485310732
0.9659889 1.309240649161537
0.96798885 1.3170901581646857
0.9699888 1.3251848372022852
0.9719888 1.333549789375556
0.9739888 1.342214694409719
0.97598875 1.3512150688496656
0.9779887 1.3605940108193961
0.9799887 1.3704046785895092
0.98198867 1.3807139195503524
0.98398864 1.3916077783630567
0.9859886 1.4032002309426765
0.9879886 1.4156478058180348
0.98998857 1.42917581910057
0.99198854 1.4441299897819648
0.9939885 1.4610920085435437
0.9959885 1.481195024200843
0.99798846 1.50735797413009
0.99998844 1.5659873095623462
1.0019884 NaN
