-0.998 -1.5075403
-0.99600005 -1.4813243
-0.9940001 -1.4611975
-0.9920001 -1.4442216
-0.9900001 -1.4292582
-0.98800015 -1.4157227
-0.9860002 -1.4032699
-0.9840002 -1.3916732
-0.98200023 -1.3807758
-0.98000026 -1.370463
-0.9780003 -1.3606497
-0.9760003 -1.3512684
-0.97400033 -1.342266
-0.97200036 -1.3335983
-0.9700004 -1.3252319
-0.9680004 -1.3171357
-0.96600044 -1.3092855
-0.96400046 -1.3016585
-0.9620005 -1.294237
-0.9600005 -1.2870044
-0.95800054 -1.2799469
-0.95600057 -1.2730519
-0.9540006 -1.2663089
-0.9520006 -1.2597069
-0.95000064 -1.2532381
-0.94800067 -1.246894
-0.9460007 -1.2406679
-0.9440007 -1.234553
-0.94200075 -1.2285432
-0.9400008 -1.2226328
-0.9380008 -1.216817
-0.9360008 -1.2110919
-0.93400085 -1.2054523
-0.9320009 -1.1998943
-0.9300009 -1.1944157
-0.9280009 -1.189011
-0.92600095 -1.1836785
-0.924001 -1.178415
-0.922001 -1.1732177
-0.92000103 -1.1680831
-0.91800106 -1.1630105
-0.9160011 -1.1579973
-0.9140011 -1.1530398
-0.91200113 -1.1481377
-0.91000116 -1.1432875
-0.9080012 -1.1384889
-0.9060012 -1.1337391
-0.90400124 -1.1290382
-0.90200126 -1.1243826
-0.9000013 -1.1197726
-0.8980013 -1.1152056
-0.89600134 -1.1106812
-0.89400136 -1.1061977
-0.8920014 -1.1017534
-0.8900014 -1.0973483
-0.88800144 -1.0929805
-0.88600147 -1.0886499
-0.8840015 -1.0843538
-0.8820015 -1.0800925
-0.88000154 -1.0758654
-0.8780016 -1.0716709
-0.8760016 -1.0675086
-0.8740016 -1.0633775
-0.87200165 -1.0592769
-0.8700017 -1.0552057
-0.8680017 -1.0511638
-0.8660017 -1.0471505
-0.86400175 -1.0431641
-0.8620018 -1.0392061
-0.8600018 -1.0352739
-0.8580018 -1.0313667
-0.85600185 -1.027486
-0.8540019 -1.0236298
-0.8520019 -1.019797
-0.85000193 -1.015989
-0.84800196 -1.012204
-0.846002 -1.0084418
-0.844002 -1.004702
-0.84200203 -1.0009838
-0.84000206 -0.99728715
-0.8380021 -0.9936117
-0.8360021 -0.98995674
-0.83400214 -0.98632205
-0.83200216 -0.9827069
-0.8300022 -0.9791118
-0.8280022 -0.97553575
-0.82600224 -0.9719783
-0.82400227 -0.9684392
-0.8220023 -0.964919
-0.8200023 -0.9614152
-0.81800234 -0.95792973
-0.81600237 -0.9544612
-0.8140024 -0.95100987
-0.8120024 -0.947575
-0.81000245 -0.9441565
-0.8080025 -0.94075406
-0.8060025 -0.9373673
-0.8040025 -0.93399584
-0.80200255 -0.9306401
-0.8000026 -0.9272994
-0.7980026 -0.9239737
-0.7960026 -0.92066205
-0.79400265 -0.91736495
-0.7920027 -0.91408217
-0.7900027 -0.91081345
-0.7880027 -0.9075581
-0.78600276 -0.9043168
-0.7840028 -0.9010881
-0.7820028 -0.89787304
-0.78000283 -0.89467037
-0.77800286 -0.8914808
-0.7760029 -0.88830364
-0.7740029 -0.88513935
-0.77200294 -0.8819865
-0.77000296 -0.87884605
-0.768003 -0.87571704
-0.766003 -0.87260044
-0.76400304 -0.8694948
-0.76200306 -0.8664006
-0.7600031 -0.86331785
-0.7580031 -0.8602463
-0.75600314 -0.8571855
-0.75400317 -0.8541349
-0.7520032 -0.8510958
-0.7500032 -0.84806716
-0.74800324 -0.84504855
-0.74600327 -0.8420402
-0.7440033 -0.83904207
-0.7420033 -0.8360537
-0.74000335 -0.83307564
-0.7380034 -0.83010685
-0.7360034 -0.82714784
-0.7340034 -0.8241981
-0.73200345 -0.82125795
-0.7300035 -0.8183273
-0.7280035 -0.8154055
-0.7260035 -0.8124927
-0.72400355 -0.8095888
-0.7220036 -0.8066939
-0.7200036 -0.80380714
-0.71800363 -0.8009299
-0.71600366 -0.7980608
-0.7140037 -0.7952
-0.7120037 -0.7923478
-0.71000373 -0.7895032
-0.70800376 -0.7866672
-0.7060038 -0.7838396
-0.7040038 -0.78101957
-0.70200384 -0.7782072
-0.70000386 -0.77540314
-0.6980039 -0.772606
-0.6960039 -0.76981723
-0.69400394 -0.7670356
-0.69200397 -0.76426136
-0.690004 -0.76149476
-0.688004 -0.75873506
-0.68600404 -0.7559825
-0.68400407 -0.75323737
-0.6820041 -0.7504996
-0.6800041 -0.7477685
-0.67800415 -0.7450439
-0.6760042 -0.74232614
-0.6740042 -0.7396158
-0.6720042 -0.7369119
-0.67000425 -0.7342144
-0.6680043 -0.73152363
-0.6660043 -0.7288393
-0.6640043 -0.7261616
-0.66200435 -0.72348964
-0.6600044 -0.7208246
-0.6580044 -0.7181653
-0.6560044 -0.71551263
-0.65400445 -0.7128657
-0.6520045 -0.7102252
-0.6500045 -0.7075902
-0.64800453 -0.7049614
-0.64600456 -0.70233834
-0.6440046 -0.69972146
-0.6420046 -0.6971103
-0.64000463 -0.6945044
-0.63800466 -0.6919042
-0.6360047 -0.6893097
-0.6340047 -0.6867207
-0.63200474 -0.68413746
-0.63000476 -0.68155944
-0.6280048 -0.67898667
-0.6260048 -0.6764194
-0.62400484 -0.67385733
-0.62200487 -0.67130053
-0.6200049 -0.668749
-0.6180049 -0.6662022
-0.61600494 -0.6636611
-0.61400497 -0.6611248
-0.612005 -0.65859354
-0.610005 -0.6560675
-0.60800505 -0.6535455
-0.6060051 -0.6510292
-0.6040051 -0.64851725
-0.6020051 -0.6460103
-0.60000515 -0.64350784
-0.5980052 -0.6410104
-0.5960052 -0.63851726
-0.5940052 -0.6360289
-0.59200525 -0.6335448
-0.5900053 -0.6310657
-0.5880053 -0.62859094
-0.58600533 -0.62612045
-0.58400536 -0.6236545
-0.5820054 -0.6211928
-0.5800054 -0.61873543
-0.57800543 -0.6162826
-0.57600546 -0.6138338
-0.5740055 -0.6113893
-0.5720055 -0.60894907
-0.57000554 -0.6065124
-0.56800556 -0.60408056
-0.5660056 -0.60165274
-0.5640056 -0.5992285
-0.56200564 -0.59680855
-0.56000566 -0.59439266
-0.5580057 -0.59198105
-0.5560057 -0.5895728
-0.55400574 -0.5871686
-0.55200577 -0.5847682
-0.5500058 -0.5823711
-0.5480058 -0.5799786
-0.54600585 -0.5775894
-0.5440059 -0.5752038
-0.5420059 -0.5728222
-0.5400059 -0.570444
-0.53800595 -0.5680698
-0.536006 -0.565699
-0.534006 -0.5633317
-0.532006 -0.56096756
-0.53000605 -0.5586077
-0.5280061 -0.55625117
-0.5260061 -0.553898
-0.5240061 -0.5515479
-0.52200615 -0.5492016
-0.5200062 -0.54685843
-0.5180062 -0.54451835
-0.51600623 -0.54218185
-0.51400626 -0.53984845
-0.5120063 -0.5375186
-0.5100063 -0.5351924
-0.50800633 -0.5328685
-0.50600636 -0.5305487
-0.5040064 -0.5282315
-0.5020064 -0.5259172
-0.50000644 -0.52360666
-0.49800643 -0.5212985
-0.49600643 -0.5189935
-0.49400643 -0.5166918
-0.49200642 -0.514393
-0.49000642 -0.51209724
-0.4880064 -0.50980437
-0.4860064 -0.5075146
-0.4840064 -0.5052277
-0.4820064 -0.50294316
-0.4800064 -0.50066245
-0.4780064 -0.49838364
-0.4760064 -0.49610817
-0.47400638 -0.49383557
-0.47200638 -0.49156535
-0.47000638 -0.48929822
-0.46800637 -0.4870335
-0.46600637 -0.48477185
-0.46400636 -0.48251283
-0.46200636 -0.48025644
-0.46000636 -0.47800243
-0.45800635 -0.47575128
-0.45600635 -0.47350276
-0.45400634 -0.47125685
-0.45200634 -0.46901333
-0.45000634 -0.46677244
-0.44800633 -0.46453416
-0.44600633 -0.4622985
-0.44400632 -0.460065
-0.44200632 -0.45783436
-0.44000632 -0.45560586
-0.4380063 -0.45337975
-0.4360063 -0.45115626
-0.4340063 -0.44893515
-0.4320063 -0.4467162
-0.4300063 -0.44449985
-0.4280063 -0.44228566
-0.4260063 -0.44007385
-0.42400628 -0.43786442
-0.42200628 -0.43565714
-0.42000628 -0.43345225
-0.41800627 -0.43124974
-0.41600627 -0.42904913
-0.41400626 -0.42685091
-0.41200626 -0.42465484
-0.41000625 -0.42246068
-0.40800625 -0.42026937
-0.40600625 -0.41807973
-0.40400624 -0.41589248
-0.40200624 -0.41370714
-0.40000623 -0.4115237
-0.39800623 -0.40934265
-0.39600623 -0.4071635
-0.39400622 -0.4049865
-0.39200622 -0.40281165
-0.3900062 -0.40063846
-0.3880062 -0.39846766
-0.3860062 -0.3962983
-0.3840062 -0.3941313
-0.3820062 -0.39196622
-0.3800062 -0.38980305
-0.3780062 -0.3876418
-0.3760062 -0.38548267
-0.37400618 -0.38332522
-0.37200618 -0.38116944
-0.37000617 -0.3790158
-0.36800617 -0.37686384
-0.36600617 -0.37471402
-0.36400616 -0.37256587
-0.36200616 -0.37041938
-0.36000615 -0.3682748
-0.35800615 -0.36613166
-0.35600615 -0.36399066
-0.35400614 -0.36185133
-0.35200614 -0.35971367
-0.35000613 -0.35757792
-0.34800613 -0.3554436
-0.34600613 -0.35331094
-0.34400612 -0.3511802
-0.34200612 -0.34905112
-0.3400061 -0.34692347
-0.3380061 -0.34479773
-0.3360061 -0.34267318
-0.3340061 -0.34055078
-0.3320061 -0.33842957
-0.3300061 -0.33631003
-0.3280061 -0.33419216
-0.32600608 -0.33207595
-0.32400608 -0.32996094
-0.32200608 -0.3278476
-0.32000607 -0.32573593
-0.31800607 -0.32362568
-0.31600606 -0.32151687
-0.31400606 -0.3194095
-0.31200606 -0.31730378
-0.31000605 -0.3151995
-0.30800605 -0.31309688
-0.30600604 -0.31099522
-0.30400604 -0.308895
-0.30200604 -0.30679643
-0.30000603 -0.30469906
-0.29800603 -0.30260313
-0.29600602 -0.30050862
-0.29400602 -0.29841554
-0.29200602 -0.29632366
-0.290006 -0.2942332
-0.288006 -0.29214394
-0.286006 -0.29005635
-0.284006 -0.2879697
-0.282006 -0.2858845
-0.280006 -0.28380048
-0.278006 -0.28171766
-0.27600598 -0.27963626
-0.27400598 -0.27755606
-0.27200598 -0.27547705
-0.27000597 -0.27339923
-0.26800597 -0.2713226
-0.26600596 -0.2692474
-0.26400596 -0.26717317
-0.26200595 -0.26510012
-0.26000595 -0.26302826
-0.25800595 -0.2609576
-0.25600594 -0.25888813
-0.25400594 -0.25681984
-0.25200593 -0.25475252
-0.25000593 -0.25268638
-0.24800593 -0.25062144
-0.24600592 -0.24855745
-0.24400592 -0.24649465
-0.24200591 -0.2444328
-0.24000591 -0.24237192
-0.2380059 -0.24031246
-0.2360059 -0.23825371
-0.2340059 -0.23619592
-0.2320059 -0.23413932
-0.23000589 -0.23208392
-0.22800589 -0.23002923
-0.22600588 -0.22797573
-0.22400588 -0.22592294
-0.22200587 -0.22387135
-0.22000587 -0.22182071
-0.21800587 -0.21977079
-0.21600586 -0.21772206
-0.21400586 -0.21567404
-0.21200585 -0.21362698
-0.21000585 -0.21158111
-0.20800585 -0.20953596
-0.20600584 -0.20749152
-0.20400584 -0.20544827
-0.20200583 -0.20340574
-0.20000583 -0.20136392
-0.19800583 -0.19932306
-0.19600582 -0.19728307
-0.19400582 -0.19524391
-0.19200581 -0.19320558
-0.19000581 -0.19116807
-0.1880058 -0.18913133
-0.1860058 -0.18709543
-0.1840058 -0.18506028
-0.1820058 -0.18302594
-0.18000579 -0.18099234
-0.17800578 -0.17895949
-0.17600578 -0.17692742
-0.17400578 -0.17489605
-0.17200577 -0.17286544
-0.17000577 -0.17083552
-0.16800576 -0.16880634
-0.16600576 -0.16677785
-0.16400576 -0.16475004
-0.16200575 -0.16272293
-0.16000575 -0.16069648
-0.15800574 -0.15867071
-0.15600574 -0.15664558
-0.15400574 -0.15462111
-0.15200573 -0.15259728
-0.15000573 -0.15057407
-0.14800572 -0.14855148
-0.14600572 -0.14652951
-0.14400572 -0.14450814
-0.14200571 -0.14248738
-0.14000571 -0.14046718
-0.1380057 -0.13844755
-0.1360057 -0.13642852
-0.1340057 -0.13441005
-0.13200569 -0.13239211
-0.13000569 -0.13037473
-0.12800568 -0.12835786
-0.12600568 -0.12634152
-0.12400568 -0.124325715
-0.122005686 -0.122310415
-0.12000569 -0.120295614
-0.11800569 -0.1182813
-0.1160057 -0.11626748
-0.1140057 -0.114254124
-0.1120057 -0.11224122
-0.11000571 -0.1102288
-0.10800571 -0.1082168
-0.10600571 -0.10620526
-0.10400572 -0.10419415
-0.10200572 -0.102183454
-0.10000572 -0.100173175
-0.09800573 -0.0981633
-0.09600573 -0.096153826
-0.094005734 -0.09414475
-0.09200574 -0.09213603
-0.09000574 -0.090127714
-0.088005744 -0.08811974
-0.08600575 -0.08611213
-0.08400575 -0.08410487
-0.082005754 -0.08209795
-0.08000576 -0.08009136
-0.07800576 -0.07808509
-0.076005764 -0.07607914
-0.07400577 -0.074073486
-0.07200577 -0.07206814
-0.070005774 -0.070063084
-0.06800578 -0.068058304
-0.06600578 -0.0660538
-0.064005785 -0.064049564
-0.062005784 -0.06204559
-0.060005784 -0.060041852
-0.058005784 -0.058038358
-0.056005783 -0.056035105
-0.054005783 -0.05403207
-0.052005783 -0.052029256
-0.050005782 -0.050026648
-0.048005782 -0.048024237
-0.04600578 -0.046022028
-0.04400578 -0.044019997
-0.04200578 -0.042018145
-0.04000578 -0.040016457
-0.03800578 -0.038014937
-0.03600578 -0.036013566
-0.03400578 -0.03401234
-0.03200578 -0.03201125
-0.03000578 -0.030010283
-0.028005779 -0.02800944
-0.026005778 -0.02600871
-0.024005778 -0.024008084
-0.022005778 -0.022007553
-0.020005777 -0.020007113
-0.018005777 -0.01800675
-0.016005777 -0.01600646
-0.0140057765 -0.014006234
-0.012005776 -0.012006065
-0.010005776 -0.010005943
-0.0080057755 -0.008005861
-0.006005775 -0.006005811
-0.004005775 -0.0040057856
-0.0020057748 -0.0020057762
-5.7746656E-6 -5.7746656E-6
0.0019942254 0.0019942268
0.0039942255 0.003994236
0.005994226 0.0059942617
0.007994226 0.007994311
0.0099942265 0.009994393
0.011994227 0.011994515
0.013994227 0.013994684
0.015994227 0.015994908
0.017994227 0.0179952
0.019994227 0.019995559
0.021994228 0.021996
0.023994228 0.02399653
0.025994228 0.025997156
0.027994229 0.027997887
0.029994229 0.029998727
0.031994227 0.03199969
0.033994228 0.034000777
0.035994228 0.036002003
0.03799423 0.038003378
0.03999423 0.040004898
0.04199423 0.042006586
0.04399423 0.04400843
0.04599423 0.04601046
0.04799423 0.048012674
0.04999423 0.050015077
0.05199423 0.052017685
0.05399423 0.054020498
0.05599423 0.056023534
0.05799423 0.058026787
0.059994232 0.060030278
0.061994232 0.062034015
0.06399423 0.064037986
0.065994225 0.06604222
0.06799422 0.06804672
0.06999422 0.0700515
0.071994215 0.072056554
0.07399421 0.0740619
0.07599421 0.076067545
0.077994205 0.078073494
0.0799942 0.08007976
0.0819942 0.082086354
0.083994195 0.08409327
0.08599419 0.08610054
0.08799419 0.08810814
0.089994185 0.09011611
0.09199418 0.09212443
0.09399418 0.09413313
0.095994174 0.09614222
0.09799417 0.09815169
0.09999417 0.10016156
0.101994164 0.10217184
0.10399416 0.10418252
0.10599416 0.10619363
0.107994154 0.108205184
0.10999415 0.11021716
0.11199415 0.1122296
0.113994144 0.11424249
0.11599414 0.11625584
0.11799414 0.11826966
0.11999413 0.12028397
0.12199413 0.12229878
0.12399413 0.12431407
0.12599413 0.12632988
0.12799414 0.12834622
0.12999414 0.13036306
0.13199414 0.13238046
0.13399415 0.13439839
0.13599415 0.13641687
0.13799416 0.13843592
0.13999416 0.14045551
0.14199416 0.14247571
0.14399417 0.14449649
0.14599417 0.14651784
0.14799418 0.1485398
0.14999418 0.15056239
0.15199418 0.1525856
0.15399419 0.15460943
0.15599419 0.1566339
0.1579942 0.15865901
0.1599942 0.16068476
0.1619942 0.1627112
0.16399421 0.16473833
0.16599421 0.16676612
0.16799422 0.16879462
0.16999422 0.1708238
0.17199422 0.17285371
0.17399423 0.17488432
0.17599423 0.17691568
0.17799424 0.17894776
0.17999424 0.1809806
0.18199424 0.18301418
0.18399425 0.18504855
0.18599425 0.18708366
0.18799426 0.18911958
0.18999426 0.19115631
0.19199426 0.19319382
0.19399427 0.19523214
0.19599427 0.19727129
0.19799428 0.19931127
0.19999428 0.201352
0.20199428 0.20339382
0.20399429 0.20543659
0.2059943 0.2074796
0.2079943 0.20952404
0.2099943 0.21156919
0.2119943 0.2136153
0.21399431 0.21566236
0.21599431 0.21771038
0.21799432 0.2197591
0.21999432 0.22180855
0.22199433 0.22385943
0.22399433 0.22591126
0.22599433 0.2279638
0.22799434 0.23001754
0.22999434 0.232072
0.23199435 0.2341274
0.23399435 0.23618424
0.23599435 0.23824179
0.23799436 0.24030054
0.23999436 0.24236023
0.24199437 0.24442089
0.24399437 0.24648249
0.24599437 0.24854553
0.24799438 0.25060952
0.24999438 0.25267446
0.25199437 0.2547406
0.25399438 0.25680768
0.25599438 0.2588762
0.25799438 0.26094592
0.2599944 0.26301634
0.2619944 0.2650882
0.2639944 0.26716125
0.2659944 0.2692355
0.2679944 0.2713107
0.2699944 0.2733873
0.2719944 0.27546513
0.27399442 0.27754414
0.27599442 0.27962434
0.27799442 0.28170574
0.27999443 0.28378832
0.28199443 0.28587234
0.28399444 0.28795755
0.28599444 0.2900442
0.28799444 0.29213202
0.28999445 0.29422104
0.29199445 0.29631174
0.29399446 0.29840338
0.29599446 0.30049646
0.29799446 0.30259097
0.29999447 0.30468667
0.30199447 0.30678427
0.30399448 0.30888283
0.30599448 0.31098306
0.30799448 0.31308448
0.3099945 0.31518734
0.3119945 0.31729162
0.3139945 0.31939757
0.3159945 0.3215047
0.3179945 0.32361352
0.3199945 0.32572377
0.3219945 0.32783544
0.32399452 0.32994878
0.32599452 0.3320638
0.32799453 0.33418
0.32999453 0.33629787
0.33199453 0.3384174
0.33399454 0.34053838
0.33599454 0.34266102
0.33799455 0.34478533
0.33999455 0.3469113
0.34199455 0.34903872
0.34399456 0.35116804
0.34599456 0.35329878
0.34799457 0.3554312
0.34999457 0.35756552
0.35199457 0.35970128
0.35399458 0.36183894
0.35599458 0.36397827
0.3579946 0.36611927
0.3599946 0.3682624
0.3619946 0.370407
0.3639946 0.37255323
0.3659946 0.37470162
0.3679946 0.37685144
0.3699946 0.3790034
0.3719946 0.38115704
0.37399462 0.38331258
0.37599462 0.38547027
0.37799463 0.3876294
0.37999463 0.38979065
0.38199463 0.3919536
0.38399464 0.39411867
0.38599464 0.3962859
0.38799465 0.39845502
0.38999465 0.40062582
0.39199466 0.402799
0.39399466 0.4049741
0.39599466 0.4071511
0.39799467 0.40933
0.39999467 0.4115113
0.40199468 0.4136945
0.40399468 0.41587985
0.40599468 0.4180671
0.4079947 0.42025673
0.4099947 0.42244804
0.4119947 0.42464197
0.4139947 0.42683828
0.4159947 0.4290365
0.4179947 0.43123686
0.4199947 0.43343985
0.42199472 0.43564427
0.42399472 0.43785155
0.42599472 0.44006097
0.42799473 0.44227302
0.42999473 0.44448698
0.43199474 0.44670355
0.43399474 0.44892228
0.43599474 0.45114338
0.43799475 0.45336688
0.43999475 0.455593
0.44199476 0.4578215
0.44399476 0.4600519
0.44599476 0.4622854
0.44799477 0.4645213
0.44999477 0.46675932
0.45199478 0.46900046
0.45399478 0.47124374
0.45599478 0.47348988
0.4579948 0.47573817
0.4599948 0.47798932
0.4619948 0.48024333
0.4639948 0.48249948
0.4659948 0.48475873
0.4679948 0.48702037
0.4699948 0.48928487
0.47199482 0.49155223
0.47399482 0.49382222
0.47599483 0.49609482
0.47799483 0.49837053
0.47999483 0.50064933
0.48199484 0.5029303
0.48399484 0.5052146
0.48599485 0.50750124
0.48799485 0.50979125
0.48999485 0.5120839
0.49199486 0.5143796
0.49399486 0.5166787
0.49599487 0.5189804
0.49799487 0.52128494
0.49999487 0.52359307
0.50199485 0.52590406
0.5039948 0.52821815
0.5059948 0.5305351
0.5079948 0.53285515
0.50999475 0.53517854
0.5119947 0.53750527
0.5139947 0.53983533
0.51599467 0.542168
0.51799464 0.54450476
0.5199946 0.54684484
0.5219946 0.549188
0.52399457 0.5515343
0.52599454 0.55388415
0.5279945 0.5562376
0.5299945 0.55859387
0.53199446 0.56095445
0.53399444 0.56331813
0.5359944 0.56568515
0.5379944 0.56805646
0.53999436 0.57043064
0.54199433 0.5728084
0.5439943 0.5751904
0.5459943 0.5775758
0.54799426 0.579965
0.54999423 0.5823575
0.5519942 0.5847541
0.5539942 0.5871545
0.55599415 0.5895587
0.5579941 0.5919672
0.5599941 0.59437907
0.5619941 0.5967947
0.56399405 0.5992147
0.565994 0.60163844
0.567994 0.60406625
0.569994 0.6064986
0.57199395 0.60893476
0.5739939 0.6113752
0.5759939 0.6138197
0.57799387 0.6162685
0.57999384 0.61872137
0.5819938 0.62117875
0.5839938 0.6236402
0.58599377 0.62610614
0.58799374 0.62857616
0.5899937 0.6310512
0.5919937 0.63353074
0.59399366 0.63601434
0.59599364 0.63850296
0.5979936 0.64099586
0.5999936 0.64349306
0.60199356 0.6459955
0.60399354 0.6485027
0.6059935 0.65101445
0.6079935 0.6535307
0.60999346 0.6560525
0.61199343 0.658579
0.6139934 0.6611103
0.6159934 0.6636466
0.61799335 0.6661874
0.6199933 0.6687342
0.6219933 0.67128575
0.6239933 0.67384255
0.62599325 0.6764046
0.6279932 0.6789719
0.6299932 0.6815444
0.6319932 0.68412244
0.63399315 0.68670595
0.6359931 0.6892947
0.6379931 0.6918894
0.6399931 0.69448936
0.64199305 0.69709504
0.643993 0.69970644
0.645993 0.7023231
0.64799297 0.70494616
0.64999294 0.70757496
0.6519929 0.7102097
0.6539929 0.71285045
0.65599287 0.7154974
0.65799284 0.71815
0.6599928 0.7208091
0.6619928 0.7234746
0.66399276 0.72614634
0.66599274 0.728824
0.6679927 0.7315084
0.6699927 0.7341989
0.67199266 0.7368964
0.67399263 0.7395998
0.6759926 0.74231064
0.6779926 0.74502814
0.67999256 0.74775255
0.68199253 0.75048363
0.6839925 0.75322163
0.6859925 0.75596654
0.68799245 0.7587191
0.6899924 0.76147854
0.6919924 0.7642454
0.6939924 0.7670194
0.69599235 0.769801
0.6979923 0.77259004
0.6999923 0.77538717
0.7019923 0.7781912
0.70399225 0.7810031
0.7059922 0.7838234
0.7079922 0.786651
0.7099922 0.78948677
0.71199214 0.7923311
0.7139921 0.79518354
0.7159921 0.7980443
0.71799207 0.8009132
0.71999204 0.8037909
0.721992 0.806677
0.723992 0.8095721
0.72599196 0.8124758
0.72799194 0.81538856
0.7299919 0.81831014
0.7319919 0.82124126
0.73399186 0.8241812
0.73599184 0.8271307
0.7379918 0.83008945
0.7399918 0.83305824
0.74199176 0.83603656
0.74399173 0.83902466
0.7459917 0.8420228
0.7479917 0.84503114
0.74999166 0.8480495
0.7519916 0.8510784
0.7539916 0.8541175
0.7559916 0.8571676
0.75799155 0.86022866
0.7599915 0.86329997
0.7619915 0.8663827
0.7639915 0.8694769
0.76599145 0.8725823
0.7679914 0.8756989
0.7699914 0.8788277
0.7719914 0.88196814
0.77399135 0.8851212
0.7759913 0.8882853
0.7779913 0.89146245
0.77999127 0.894652
0.78199124 0.89785445
0.7839912 0.9010695
0.7859912 0.90429795
0.78799117 0.907539
0.78999114 0.9107946
0.7919911 0.9140631
0.7939911 0.91734636
0.79599106 0.92064273
0.79799104 0.92395437
0.799991 0.92728007
0.801991 0.93062055
0.80399096 0.93397653
0.80599093 0.93734777
0.8079909 0.940734
0.8099909 0.94413674
0.81199086 0.9475552
0.81399083 0.95098984
0.8159908 0.9544414
0.8179908 0.95790946
0.81999075 0.96139514
0.8219907 0.96489847
0.8239907 0.96841896
0.8259907 0.97195756
0.82799065 0.975515
0.8299906 0.9790908
0.8319906 0.98268616
0.8339906 0.98630106
0.83599055 0.989936
0.8379905 0.9935905
0.8399905 0.9972662
0.8419905 1.0009624
0.84399045 1.0046798
0.8459904 1.0084203
0.8479904 1.0121824
0.84999037 1.015967
0.85199034 1.019775
0.8539903 1.0236074
0.8559903 1.0274636
0.85799026 1.0313445
0.85999024 1.0352513
0.8619902 1.0391833
0.8639902 1.0431412
0.86599016 1.0471271
0.86799014 1.0511407
0.8699901 1.0551819
0.8719901 1.0592533
0.87399006 1.0633537
0.87599003 1.0674847
0.87799 1.0716468
0.87999 1.0758406
0.88198996 1.0800678
0.88398993 1.0843295
0.8859899 1.0886248
0.8879899 1.0929557
0.88998985 1.0973231
0.8919898 1.1017281
0.8939898 1.106172
0.8959898 1.1106552
0.89798975 1.1151792
0.8999897 1.1197466
0.9019897 1.1243562
0.9039897 1.1290108
0.90598965 1.1337119
0.9079896 1.1384615
0.9099896 1.1432599
0.91198957 1.1481091
0.91398954 1.153011
0.9159895 1.1579677
0.9179895 1.1629812
0.91998947 1.1680537
0.92198944 1.1731879
0.9239894 1.1783844
0.9259894 1.183648
0.92798936 1.1889802
0.92998934 1.1943842
0.9319893 1.1998628
0.9339893 1.2054204
0.93598926 1.2110592
0.93798923 1.2167834
0.9399892 1.2225987
0.9419892 1.2285086
0.94398916 1.2345179
0.94598913 1.2406322
0.9479891 1.2468575
0.9499891 1.2532011
0.95198905 1.2596692
0.953989 1.26627
0.955989 1.2730125
0.957989 1.2799064
0.95998895 1.2869631
0.9619889 1.2941946
0.9639889 1.3016144
0.9659889 1.3092402
0.96798885 1.3170897
0.9699888 1.3251854
0.9719888 1.3335499
0.9739888 1.3422145
0.97598875 1.3512152
0.9779887 1.3605944
0.9799887 1.3704048
0.98198867 1.380714
0.98398864 1.3916076
0.9859886 1.403201
0.9879886 1.4156483
0.98998857 1.4291764
0.99198854 1.4441303
0.9939885 1.4610921
0.9959885 1.4811949
0.99798846 1.507358
0.99998844 1.5659877
