-0.998 -1.5075406
-0.99600005 -1.4813242
-0.9940001 -1.4611977
-0.9920001 -1.4442216
-0.9900001 -1.4292579
-0.98800015 -1.4157227
-0.9860002 -1.4032695
-0.9840002 -1.3916727
-0.98200023 -1.3807752
-0.98000026 -1.3704628
-0.9780003 -1.3606495
-0.9760003 -1.351268
-0.97400033 -1.3422657
-0.97200036 -1.333599
-0.9700004 -1.3252324
-0.9680004 -1.3171362
-0.96600044 -1.3092853
-0.96400046 -1.3016584
-0.9620005 -1.2942367
-0.9600005 -1.2870041
-0.95800054 -1.2799466
-0.95600057 -1.2730517
-0.9540006 -1.2663084
-0.9520006 -1.2597067
-0.95000064 -1.253238
-0.94800067 -1.246894
-0.9460007 -1.2406678
-0.9440007 -1.2345527
-0.94200075 -1.2285427
-0.9400008 -1.2226325
-0.9380008 -1.2168171
-0.9360008 -1.2110916
-0.93400085 -1.2054521
-0.9320009 -1.1998945
-0.9300009 -1.1944153
-0.9280009 -1.189011
-0.92600095 -1.1836784
-0.924001 -1.1784147
-0.922001 -1.1732172
-0.92000103 -1.1680831
-0.91800106 -1.1630102
-0.9160011 -1.1579963
-0.9140011 -1.153039
-0.91200113 -1.1481365
-0.91000116 -1.143287
-0.9080012 -1.1384883
-0.9060012 -1.1337391
-0.90400124 -1.1290377
-0.90200126 -1.1243826
-0.9000013 -1.1197726
-0.8980013 -1.1152058
-0.89600134 -1.110681
-0.89400136 -1.1061975
-0.8920014 -1.1017535
-0.8900014 -1.0973482
-0.88800144 -1.0929805
-0.88600147 -1.0886494
-0.8840015 -1.0843537
-0.8820015 -1.0800927
-0.88000154 -1.0758654
-0.8780016 -1.071671
-0.8760016 -1.0675086
-0.8740016 -1.0633774
-0.87200165 -1.0592767
-0.8700017 -1.0552057
-0.8680017 -1.0511638
-0.8660017 -1.0471501
-0.86400175 -1.0431643
-0.8620018 -1.0392054
-0.8600018 -1.0352732
-0.8580018 -1.0313668
-0.85600185 -1.0274856
-0.8540019 -1.0236293
-0.8520019 -1.0197973
-0.85000193 -1.015989
-0.84800196 -1.012204
-0.846002 -1.0084416
-0.844002 -1.0047017
-0.84200203 -1.0009836
-0.84000206 -0.9972869
-0.8380021 -0.99361145
-0.8360021 -0.98995656
-0.83400214 -0.98632175
-0.83200216 -0.98270696
-0.8300022 -0.97911155
-0.8280022 -0.9755354
-0.82600224 -0.971978
-0.82400227 -0.9684389
-0.8220023 -0.96491814
-0.8200023 -0.96141505
-0.81800234 -0.9579294
-0.81600237 -0.9544611
-0.8140024 -0.9510096
-0.8120024 -0.94757473
-0.81000245 -0.9441562
-0.8080025 -0.94075376
-0.8060025 -0.93736714
-0.8040025 -0.933996
-0.80200255 -0.9306402
-0.8000026 -0.9272995
-0.7980026 -0.92397344
-0.7960026 -0.9206622
-0.79400265 -0.9173652
-0.7920027 -0.91408235
-0.7900027 -0.9108134
-0.7880027 -0.9075581
-0.78600276 -0.9043164
-0.7840028 -0.90108806
-0.7820028 -0.8978726
-0.78000283 -0.8946703
-0.77800286 -0.8914806
-0.7760029 -0.88830346
-0.7740029 -0.8851387
-0.77200294 -0.88198626
-0.77000296 -0.8788457
-0.768003 -0.8757171
-0.766003 -0.8726001
-0.76400304 -0.8694946
-0.76200306 -0.8664006
-0.7600031 -0.8633177
-0.7580031 -0.86024606
-0.75600314 -0.85718524
-0.75400317 -0.85413516
-0.7520032 -0.85109574
-0.7500032 -0.84806675
-0.74800324 -0.8450482
-0.74600327 -0.84204006
-0.7440033 -0.8390419
-0.7420033 -0.8360535
-0.74000335 -0.8330753
-0.7380034 -0.83010656
-0.7360034 -0.8271475
-0.7340034 -0.82419795
-0.73200345 -0.8212578
-0.7300035 -0.8183268
-0.7280035 -0.81540513
-0.7260035 -0.8124924
-0.72400355 -0.80958855
-0.7220036 -0.8066937
-0.7200036 -0.8038073
-0.71800363 -0.8009297
-0.71600366 -0.7980604
-0.7140037 -0.79519993
-0.7120037 -0.7923475
-0.71000373 -0.7895033
-0.70800376 -0.78666717
-0.7060038 -0.78383976
-0.7040038 -0.7810197
-0.70200384 -0.7782076
-0.70000386 -0.77540314
-0.6980039 -0.77260655
-0.6960039 -0.7698172
-0.69400394 -0.7670358
-0.69200397 -0.7642615
-0.690004 -0.7614948
-0.688004 -0.75873524
-0.68600404 -0.7559829
-0.68400407 -0.7532377
-0.6820041 -0.7504995
-0.6800041 -0.7477684
-0.67800415 -0.7450442
-0.6760042 -0.7423266
-0.6740042 -0.7396159
-0.6720042 -0.73691213
-0.67000425 -0.7342146
-0.6680043 -0.7315239
-0.6660043 -0.7288395
-0.6640043 -0.72616154
-0.66200435 -0.72349
-0.6600044 -0.72082466
-0.6580044 -0.71816564
-0.6560044 -0.7155128
-0.65400445 -0.7128659
-0.6520045 -0.71022516
-0.6500045 -0.7075904
-0.64800453 -0.70496154
-0.64600456 -0.70233864
-0.6440046 -0.6997214
-0.6420046 -0.69711006
-0.64000463 -0.6945043
-0.63800466 -0.6919043
-0.6360047 -0.68930984
-0.6340047 -0.6867209
-0.63200474 -0.6841374
-0.63000476 -0.6815593
-0.6280048 -0.6789868
-0.6260048 -0.6764195
-0.62400484 -0.67385745
-0.62200487 -0.6713007
-0.6200049 -0.6687489
-0.6180049 -0.6662026
-0.61600494 -0.6636612
-0.61400497 -0.6611247
-0.612005 -0.65859336
-0.610005 -0.656067
-0.60800505 -0.65354544
-0.6060051 -0.6510288
-0.6040051 -0.64851695
-0.6020051 -0.64601
-0.60000515 -0.64350754
-0.5980052 -0.6410099
-0.5960052 -0.63851696
-0.5940052 -0.6360285
-0.59200525 -0.6335447
-0.5900053 -0.6310654
-0.5880053 -0.6285906
-0.58600533 -0.62612027
-0.58400536 -0.62365425
-0.5820054 -0.6211927
-0.5800054 -0.6187354
-0.57800543 -0.61628234
-0.57600546 -0.6138336
-0.5740055 -0.6113891
-0.5720055 -0.60894877
-0.57000554 -0.60651255
-0.56800556 -0.60408056
-0.5660056 -0.60165256
-0.5640056 -0.59922856
-0.56200564 -0.5968086
-0.56000566 -0.5943926
-0.5580057 -0.59198064
-0.5560057 -0.5895724
-0.55400574 -0.5871682
-0.55200577 -0.5847679
-0.5500058 -0.5823713
-0.5480058 -0.5799783
-0.54600585 -0.5775893
-0.5440059 -0.5752039
-0.5420059 -0.57282215
-0.5400059 -0.57044417
-0.53800595 -0.56806976
-0.536006 -0.5656989
-0.534006 -0.56333166
-0.532006 -0.56096786
-0.53000605 -0.55860764
-0.5280061 -0.55625105
-0.5260061 -0.5538976
-0.5240061 -0.5515478
-0.52200615 -0.54920125
-0.5200062 -0.5468582
-0.5180062 -0.5445184
-0.51600623 -0.54218197
-0.51400626 -0.5398487
-0.5120063 -0.5375188
-0.5100063 -0.5351921
-0.50800633 -0.5328687
-0.50600636 -0.53054833
-0.5040064 -0.52823114
-0.5020064 -0.5259171
-0.50000644 -0.5236062
-0.49800643 -0.5212983
-0.49600643 -0.5189935
-0.49400643 -0.5166917
-0.49200642 -0.5143929
-0.49000642 -0.5120971
-0.4880064 -0.5098043
-0.4860064 -0.50751436
-0.4840064 -0.5052273
-0.4820064 -0.5029433
-0.4800064 -0.500662
-0.4780064 -0.4983836
-0.4760064 -0.49610803
-0.47400638 -0.49383524
-0.47200638 -0.4915652
-0.47000638 -0.48929802
-0.46800637 -0.4870335
-0.46600637 -0.4847717
-0.46400636 -0.4825126
-0.46200636 -0.48025617
-0.46000636 -0.47800234
-0.45800635 -0.4757512
-0.45600635 -0.47350264
-0.45400634 -0.47125664
-0.45200634 -0.4690133
-0.45000634 -0.4667724
-0.44800633 -0.4645341
-0.44600633 -0.46229833
-0.44400632 -0.46006498
-0.44200632 -0.45783406
-0.44000632 -0.45560575
-0.4380063 -0.45337975
-0.4360063 -0.45115623
-0.4340063 -0.44893497
-0.4320063 -0.44671622
-0.4300063 -0.44449976
-0.4280063 -0.4422857
-0.4260063 -0.4400739
-0.42400628 -0.43786436
-0.42200628 -0.4356572
-0.42000628 -0.43345222
-0.41800627 -0.4312495
-0.41600627 -0.4290491
-0.41400626 -0.42685086
-0.41200626 -0.42465478
-0.41000625 -0.42246094
-0.40800625 -0.4202692
-0.40600625 -0.4180796
-0.40400624 -0.4158922
-0.40200624 -0.41370687
-0.40000623 -0.41152364
-0.39800623 -0.40934247
-0.39600623 -0.40716335
-0.39400622 -0.40498635
-0.39200622 -0.40281135
-0.3900062 -0.40063834
-0.3880062 -0.39846736
-0.3860062 -0.39629832
-0.3840062 -0.39413124
-0.3820062 -0.39196613
-0.3800062 -0.38980296
-0.3780062 -0.38764176
-0.3760062 -0.3854824
-0.37400618 -0.38332495
-0.37200618 -0.38116935
-0.37000617 -0.37901565
-0.36800617 -0.37686378
-0.36600617 -0.37471375
-0.36400616 -0.3725656
-0.36200616 -0.3704191
-0.36000615 -0.36827448
-0.35800615 -0.36613163
-0.35600615 -0.36399052
-0.35400614 -0.36185116
-0.35200614 -0.35971355
-0.35000613 -0.35757765
-0.34800613 -0.35544348
-0.34600613 -0.35331097
-0.34400612 -0.35118005
-0.34200612 -0.3490509
-0.3400061 -0.34692338
-0.3380061 -0.34479752
-0.3360061 -0.3426732
-0.3340061 -0.34055057
-0.3320061 -0.3384295
-0.3300061 -0.33631003
-0.3280061 -0.33419213
-0.32600608 -0.33207577
-0.32400608 -0.32996094
-0.32200608 -0.3278477
-0.32000607 -0.32573593
-0.31800607 -0.32362565
-0.31600606 -0.32151684
-0.31400606 -0.31940955
-0.31200606 -0.31730378
-0.31000605 -0.31519938
-0.30800605 -0.3130965
-0.30600604 -0.31099498
-0.30400604 -0.30889493
-0.30200604 -0.30679625
-0.30000603 -0.30469897
-0.29800603 -0.30260313
-0.29600602 -0.30050856
-0.29400602 -0.29841542
-0.29200602 -0.2963236
-0.290006 -0.2942331
-0.288006 -0.29214397
-0.286006 -0.2900561
-0.284006 -0.28796956
-0.282006 -0.2858843
-0.280006 -0.28380033
-0.278006 -0.28171766
-0.27600598 -0.2796362
-0.27400598 -0.27755597
-0.27200598 -0.275477
-0.27000597 -0.27339923
-0.26800597 -0.2713227
-0.26600596 -0.26924732
-0.26400596 -0.26717317
-0.26200595 -0.26510024
-0.26000595 -0.26302838
-0.25800595 -0.26095772
-0.25600594 -0.2588882
-0.25400594 -0.25681978
-0.25200593 -0.25475252
-0.25000593 -0.25268635
-0.24800593 -0.25062132
-0.24600592 -0.24855737
-0.24400592 -0.2464945
-0.24200591 -0.24443267
-0.24000591 -0.24237193
-0.2380059 -0.24031225
-0.2360059 -0.23825361
-0.2340059 -0.23619597
-0.2320059 -0.23413934
-0.23000589 -0.23208372
-0.22800589 -0.23002912
-0.22600588 -0.22797552
-0.22400588 -0.22592287
-0.22200587 -0.2238712
-0.22000587 -0.22182047
-0.21800587 -0.21977071
-0.21600586 -0.21772188
-0.21400586 -0.21567401
-0.21200585 -0.21362701
-0.21000585 -0.21158096
-0.20800585 -0.20953576
-0.20600584 -0.20749149
-0.20400584 -0.20544808
-0.20200583 -0.20340554
-0.20000583 -0.20136386
-0.19800583 -0.19932304
-0.19600582 -0.19728306
-0.19400582 -0.19524391
-0.19200581 -0.19320557
-0.19000581 -0.19116807
-0.1880058 -0.18913135
-0.1860058 -0.18709545
-0.1840058 -0.18506029
-0.1820058 -0.18302591
-0.18000579 -0.18099232
-0.17800578 -0.17895949
-0.17600578 -0.1769274
-0.17400578 -0.17489605
-0.17200577 -0.17286544
-0.17000577 -0.1708355
-0.16800576 -0.16880633
-0.16600576 -0.16677783
-0.16400576 -0.16475005
-0.16200575 -0.16272292
-0.16000575 -0.16069648
-0.15800574 -0.15867071
-0.15600574 -0.15664558
-0.15400574 -0.15462112
-0.15200573 -0.1525973
-0.15000573 -0.15057407
-0.14800572 -0.1485515
-0.14600572 -0.14652951
-0.14400572 -0.14450814
-0.14200571 -0.14248736
-0.14000571 -0.14046717
-0.1380057 -0.13844757
-0.1360057 -0.13642853
-0.1340057 -0.13441004
-0.13200569 -0.13239211
-0.13000569 -0.13037471
-0.12800568 -0.12835787
-0.12600568 -0.12634152
-0.12400568 -0.124325715
-0.122005686 -0.122310415
-0.12000569 -0.120295614
-0.11800569 -0.1182813
-0.1160057 -0.11626747
-0.1140057 -0.11425412
-0.1120057 -0.11224123
-0.11000571 -0.11022879
-0.10800571 -0.1082168
-0.10600571 -0.10620526
-0.10400572 -0.10419414
-0.10200572 -0.102183454
-0.10000572 -0.100173175
-0.09800573 -0.09816331
-0.09600573 -0.09615384
-0.094005734 -0.094144754
-0.09200574 -0.09213604
-0.09000574 -0.09012771
-0.088005744 -0.088119745
-0.08600575 -0.086112134
-0.08400575 -0.084104866
-0.082005754 -0.08209795
-0.08000576 -0.08009136
-0.07800576 -0.07808509
-0.076005764 -0.07607912
-0.07400577 -0.07407349
-0.07200577 -0.07206814
-0.070005774 -0.070063084
-0.06800578 -0.068058304
-0.06600578 -0.06605381
-0.064005785 -0.06404958
-0.062005784 -0.062045585
-0.060005784 -0.060041852
-0.058005784 -0.05803836
-0.056005783 -0.0560351
-0.054005783 -0.05403207
-0.052005783 -0.052029252
-0.050005782 -0.050026644
-0.048005782 -0.048024237
-0.04600578 -0.046022028
-0.04400578 -0.044019997
-0.04200578 -0.042018145
-0.04000578 -0.04001646
-0.03800578 -0.038014937
-0.03600578 -0.036013566
-0.03400578 -0.03401234
-0.03200578 -0.03201125
-0.03000578 -0.030010283
-0.028005779 -0.02800944
-0.026005778 -0.026008708
-0.024005778 -0.024008082
-0.022005778 -0.022007553
-0.020005777 -0.020007113
-0.018005777 -0.01800675
-0.016005777 -0.01600646
-0.0140057765 -0.014006235
-0.012005776 -0.012006065
-0.010005776 -0.010005943
-0.0080057755 -0.008005861
-0.006005775 -0.006005811
-0.004005775 -0.0040057856
-0.0020057748 -0.0020057762
-5.7746656E-6 -5.7746656E-6
0.0019942254 0.0019942268
0.0039942255 0.0039942362
0.005994226 0.005994262
0.007994226 0.007994311
0.0099942265 0.009994393
0.011994227 0.011994515
0.013994227 0.0139946835
0.015994227 0.015994908
0.017994227 0.017995197
0.019994227 0.019995559
0.021994228 0.021996
0.023994228 0.02399653
0.025994228 0.025997156
0.027994229 0.027997887
0.029994229 0.029998729
0.031994227 0.03199969
0.033994228 0.03400078
0.035994228 0.036002006
0.03799423 0.038003378
0.03999423 0.0400049
0.04199423 0.042006582
0.04399423 0.044008434
0.04599423 0.04601047
0.04799423 0.048012674
0.04999423 0.050015077
0.05199423 0.05201769
0.05399423 0.0540205
0.05599423 0.056023534
0.05799423 0.05802679
0.059994232 0.060030278
0.061994232 0.06203401
0.06399423 0.064037986
0.065994225 0.06604223
0.06799422 0.06804673
0.06999422 0.0700515
0.071994215 0.072056554
0.07399421 0.0740619
0.07599421 0.07606754
0.077994205 0.078073494
0.0799942 0.080079764
0.0819942 0.082086354
0.083994195 0.08409327
0.08599419 0.08610053
0.08799419 0.088108145
0.089994185 0.090116106
0.09199418 0.09212444
0.09399418 0.09413314
0.095994174 0.09614222
0.09799417 0.09815169
0.09999417 0.10016156
0.101994164 0.10217184
0.10399416 0.10418253
0.10599416 0.10619364
0.107994154 0.10820518
0.10999415 0.11021717
0.11199415 0.11222959
0.113994144 0.11424249
0.11599414 0.11625584
0.11799414 0.11826967
0.11999413 0.120283976
0.12199413 0.12229877
0.12399413 0.12431406
0.12599413 0.12632988
0.12799414 0.12834622
0.12999414 0.13036306
0.13199414 0.13238046
0.13399415 0.13439839
0.13599415 0.13641687
0.13799416 0.13843593
0.13999416 0.14045551
0.14199416 0.1424757
0.14399417 0.14449647
0.14599417 0.14651783
0.14799418 0.1485398
0.14999418 0.15056239
0.15199418 0.1525856
0.15399419 0.15460943
0.15599419 0.15663388
0.1579942 0.15865901
0.1599942 0.1606848
0.1619942 0.16271122
0.16399421 0.16473834
0.16599421 0.16676612
0.16799422 0.1687946
0.16999422 0.17082381
0.17199422 0.17285371
0.17399423 0.17488432
0.17599423 0.17691568
0.17799424 0.17894776
0.17999424 0.1809806
0.18199424 0.18301417
0.18399425 0.18504855
0.18599425 0.18708368
0.18799426 0.18911959
0.18999426 0.1911563
0.19199426 0.19319381
0.19399427 0.19523212
0.19599427 0.1972713
0.19799428 0.19931127
0.19999428 0.20135209
0.20199428 0.20339374
0.20399429 0.20543627
0.2059943 0.20747969
0.2079943 0.20952396
0.2099943 0.21156913
0.2119943 0.21361521
0.21399431 0.21566217
0.21599431 0.21771008
0.21799432 0.21975888
0.21999432 0.22180864
0.22199433 0.22385937
0.22399433 0.22591104
0.22599433 0.22796366
0.22799434 0.23001727
0.22999434 0.23207186
0.23199435 0.23412746
0.23399435 0.23618408
0.23599435 0.2382417
0.23799436 0.24030037
0.23999436 0.24236004
0.24199437 0.24442078
0.24399437 0.2464826
0.24599437 0.24854548
0.24799438 0.2506094
0.24999438 0.25267446
0.25199437 0.25474057
0.25399438 0.2568078
0.25599438 0.25887623
0.25799438 0.26094577
0.2599944 0.2630164
0.2619944 0.26508823
0.2639944 0.2671612
0.2659944 0.26923534
0.2679944 0.2713107
0.2699944 0.27338722
0.2719944 0.27546495
0.27399442 0.27754396
0.27599442 0.2796242
0.27799442 0.2817056
0.27999443 0.2837883
0.28199443 0.28587228
0.28399444 0.28795752
0.28599444 0.29004404
0.28799444 0.29213187
0.28999445 0.294221
0.29199445 0.2963115
0.29399446 0.29840332
0.29599446 0.30049646
0.29799446 0.30259097
0.29999447 0.3046869
0.30199447 0.30678412
0.30399448 0.3088828
0.30599448 0.31098285
0.30799448 0.31308436
0.3099945 0.3151872
0.3119945 0.3172916
0.3139945 0.31939742
0.3159945 0.32150465
0.3179945 0.32361344
0.3199945 0.3257237
0.3219945 0.32783544
0.32399452 0.32994875
0.32599452 0.33206356
0.32799453 0.33417988
0.32999453 0.33629772
0.33199453 0.3384173
0.33399454 0.34053835
0.33599454 0.342661
0.33799455 0.34478527
0.33999455 0.3469111
0.34199455 0.3490386
0.34399456 0.35116777
0.34599456 0.35329866
0.34799457 0.35543114
0.34999457 0.3575653
0.35199457 0.3597012
0.35399458 0.36183882
0.35599458 0.36397818
0.3579946 0.36611927
0.3599946 0.36826208
0.3619946 0.37040672
0.3639946 0.37255314
0.3659946 0.37470138
0.3679946 0.37685138
0.3699946 0.37900323
0.3719946 0.38115692
0.37399462 0.3833125
0.37599462 0.3854699
0.37799463 0.38762924
0.37999463 0.3897905
0.38199463 0.39195365
0.38399464 0.39411876
0.38599464 0.39628577
0.38799465 0.39845482
0.38999465 0.40062577
0.39199466 0.4027987
0.39399466 0.40497378
0.39599466 0.40715078
0.39799467 0.40932986
0.39999467 0.41151097
0.40199468 0.41369423
0.40399468 0.41587955
0.40599468 0.418067
0.4079947 0.42025656
0.4099947 0.42244825
0.4119947 0.4246421
0.4139947 0.42683813
0.4159947 0.42903638
0.4179947 0.4312368
0.4199947 0.43343952
0.42199472 0.4356444
0.42399472 0.4378516
0.42599472 0.44006106
0.42799473 0.44227287
0.42999473 0.44448692
0.43199474 0.44670343
0.43399474 0.4489222
0.43599474 0.45114335
0.43799475 0.45336685
0.43999475 0.45559284
0.44199476 0.45782122
0.44399476 0.46005207
0.44599476 0.46228534
0.44799477 0.4645212
0.44999477 0.46675947
0.45199478 0.4690003
0.45399478 0.4712437
0.45599478 0.4734896
0.4579948 0.4757382
0.4599948 0.47798938
0.4619948 0.4802431
0.4639948 0.48249957
0.4659948 0.48475865
0.4679948 0.48702043
0.4699948 0.4892849
0.47199482 0.49155214
0.47399482 0.49382213
0.47599483 0.49609494
0.47799483 0.49837044
0.47999483 0.5006488
0.48199484 0.50293
0.48399484 0.50521415
0.48599485 0.5075011
0.48799485 0.5097911
0.48999485 0.5120839
0.49199486 0.5143796
0.49399486 0.5166784
0.49599487 0.5189802
0.49799487 0.521285
0.49999487 0.5235928
0.50199485 0.5259038
0.5039948 0.5282178
0.5059948 0.53053486
0.5079948 0.5328553
0.50999475 0.5351787
0.5119947 0.5375054
0.5139947 0.5398352
0.51599467 0.5421684
0.51799464 0.5445049
0.5199946 0.54684466
0.5219946 0.5491877
0.52399457 0.55153424
0.52599454 0.553884
0.5279945 0.5562373
0.5299945 0.558594
0.53199446 0.5609542
0.53399444 0.56331795
0.5359944 0.56568515
0.5379944 0.56805605
0.53999436 0.5704304
0.54199433 0.57280844
0.5439943 0.57519007
0.5459943 0.5775755
0.54799426 0.5799645
0.54999423 0.58235735
0.5519942 0.58475393
0.5539942 0.5871543
0.55599415 0.5895586
0.5579941 0.5919667
0.5599941 0.5943787
0.5619941 0.5967947
0.56399405 0.59921455
0.565994 0.6016385
0.567994 0.6040665
0.569994 0.6064986
0.57199395 0.6089347
0.5739939 0.611375
0.5759939 0.6138195
0.57799387 0.61626816
0.57999384 0.6187212
0.5819938 0.6211784
0.5839938 0.62364
0.58599377 0.6261059
0.58799374 0.62857634
0.5899937 0.6310511
0.5919937 0.6335304
0.59399366 0.6360142
0.59599364 0.63850254
0.5979936 0.64099556
0.5999936 0.6434932
0.60199356 0.6459954
0.60399354 0.6485025
0.6059935 0.65101427
0.6079935 0.6535309
0.60999346 0.6560524
0.61199343 0.65857875
0.6139934 0.6611101
0.6159934 0.66364646
0.61799335 0.6661878
0.6199933 0.6687343
0.6219933 0.67128575
0.6239933 0.67384255
0.62599325 0.6764046
0.6279932 0.6789719
0.6299932 0.68154454
0.6319932 0.68412244
0.63399315 0.6867058
0.6359931 0.6892949
0.6379931 0.69188935
0.6399931 0.6944894
0.64199305 0.69709504
0.643993 0.6997064
0.645993 0.70232356
0.64799297 0.70494634
0.64999294 0.7075752
0.6519929 0.7102099
0.6539929 0.71285063
0.65599287 0.7154975
0.65799284 0.71815014
0.6599928 0.7208093
0.6619928 0.72347456
0.66399276 0.726146
0.66599274 0.728824
0.6679927 0.7315083
0.6699927 0.73419905
0.67199266 0.73689634
0.67399263 0.73960036
0.6759926 0.742311
0.6779926 0.7450284
0.67999256 0.7477527
0.68199253 0.7504837
0.6839925 0.75322187
0.6859925 0.75596696
0.68799245 0.75871927
0.6899924 0.7614787
0.6919924 0.7642455
0.6939924 0.7670196
0.69599235 0.76980126
0.6979923 0.7725903
0.6999923 0.77538687
0.7019923 0.77819127
0.70399225 0.78100353
0.7059922 0.7838233
0.7079922 0.7866509
0.7099922 0.7894869
0.71199214 0.79233104
0.7139921 0.79518336
0.7159921 0.7980439
0.71799207 0.80091304
0.71999204 0.8037906
0.721992 0.80667686
0.723992 0.8095718
0.72599196 0.81247544
0.72799194 0.81538826
0.7299919 0.8183098
0.7319919 0.8212408
0.73399186 0.824181
0.73599184 0.8271304
0.7379918 0.8300894
0.7399918 0.83305806
0.74199176 0.83603626
0.74399173 0.8390245
0.7459917 0.8420227
0.7479917 0.8450308
0.74999166 0.8480494
0.7519916 0.85107815
0.7539916 0.8541175
0.7559916 0.8571674
0.75799155 0.86022824
0.7599915 0.86329997
0.7619915 0.8663829
0.7639915 0.86947674
0.76599145 0.8725821
0.7679914 0.87569886
0.7699914 0.8788275
0.7719914 0.881968
0.77399135 0.8851205
0.7759913 0.88828516
0.7779913 0.8914622
0.77999127 0.8946519
0.78199124 0.8978541
0.7839912 0.90106934
0.7859912 0.90429777
0.78799117 0.90753937
0.78999114 0.9107945
0.7919911 0.91406345
0.7939911 0.9173462
0.79599106 0.92064315
0.79799104 0.9239543
0.799991 0.9272802
0.801991 0.93062085
0.80399096 0.93397665
0.80599093 0.93734765
0.8079909 0.94073415
0.8099909 0.94413656
0.81199086 0.947555
0.81399083 0.9509897
0.8159908 0.95444113
0.8179908 0.95790935
0.81999075 0.9613948
0.8219907 0.9648979
0.8239907 0.9684185
0.8259907 0.9719574
0.82799065 0.9755147
0.8299906 0.9790908
0.8319906 0.9826861
0.8339906 0.9863008
0.83599055 0.98993546
0.8379905 0.9935902
0.8399905 0.9972657
0.8419905 1.0009623
0.84399045 1.0046802
0.8459904 1.00842
0.8479904 1.012182
0.84999037 1.015967
0.85199034 1.0197752
0.8539903 1.0236071
0.8559903 1.0274632
0.85799026 1.0313443
0.85999024 1.0352505
0.8619902 1.0391828
0.8639902 1.0431414
0.86599016 1.0471271
0.86799014 1.0511404
0.8699901 1.0551823
0.8719901 1.0592531
0.87399006 1.0633537
0.87599003 1.0674847
0.87799 1.0716468
0.87999 1.0758411
0.88198996 1.0800681
0.88398993 1.084329
0.8859899 1.0886245
0.8879899 1.0929555
0.88998985 1.097323
0.8919898 1.101728
0.8939898 1.1061716
0.8959898 1.1106551
0.89798975 1.1151794
0.8999897 1.119746
0.9019897 1.1243559
0.9039897 1.1290107
0.90598965 1.1337118
0.9079896 1.1384606
0.9099896 1.1432589
0.91198957 1.1481084
0.91398954 1.1530105
0.9159895 1.1579674
0.9179895 1.162981
0.91998947 1.1680536
0.92198944 1.1731873
0.9239894 1.1783844
0.9259894 1.1836478
0.92798936 1.1889799
0.92998934 1.1943839
0.9319893 1.1998627
0.9339893 1.2054197
0.93598926 1.2110589
0.93798923 1.2167838
0.9399892 1.2225987
0.9419892 1.2285084
0.94398916 1.2345177
0.94598913 1.2406322
0.9479891 1.2468578
0.9499891 1.2532009
0.95198905 1.259669
0.953989 1.2662698
0.955989 1.2730123
0.957989 1.2799063
0.95998895 1.2869627
0.9619889 1.2941942
0.9639889 1.3016149
0.9659889 1.3092406
0.96798885 1.3170902
0.9699888 1.3251848
0.9719888 1.3335499
0.9739888 1.3422147
0.97598875 1.3512151
0.9779887 1.3605942
0.9799887 1.3704046
0.98198867 1.3807139
0.98398864 1.3916078
0.9859886 1.4032003
0.9879886 1.4156479
0.98998857 1.429176
0.99198854 1.4441301
0.9939885 1.461092
0.9959885 1.481195
0.99798846 1.5073581
0.99998844 1.5659873
