-0.998 -1.4774513
-0.99600005 -1.4715748
-0.9940001 -1.4657278
-0.9920001 -1.4599104
-0.9900001 -1.4541222
-0.98800015 -1.448363
-0.9860002 -1.4426327
-0.9840002 -1.4369309
-0.98200023 -1.4312572
-0.98000026 -1.4256119
-0.9780003 -1.4199944
-0.9760003 -1.4144046
-0.97400033 -1.408842
-0.97200036 -1.4033067
-0.9700004 -1.3977984
-0.9680004 -1.3923168
-0.96600044 -1.3868619
-0.96400046 -1.3814331
-0.9620005 -1.3760303
-0.9600005 -1.3706536
-0.95800054 -1.3653026
-0.95600057 -1.3599769
-0.9540006 -1.3546766
-0.9520006 -1.3494012
-0.95000064 -1.3441509
-0.94800067 -1.3389252
-0.9460007 -1.3337238
-0.9440007 -1.3285468
-0.94200075 -1.3233938
-0.9400008 -1.3182647
-0.9380008 -1.3131592
-0.9360008 -1.3080775
-0.93400085 -1.3030188
-0.9320009 -1.2979833
-0.9300009 -1.2929705
-0.9280009 -1.2879807
-0.92600095 -1.2830135
-0.924001 -1.2780688
-0.922001 -1.2731459
-0.92000103 -1.2682453
-0.91800106 -1.2633665
-0.9160011 -1.2585095
-0.9140011 -1.2536739
-0.91200113 -1.2488596
-0.91000116 -1.2440665
-0.9080012 -1.2392945
-0.9060012 -1.2345432
-0.90400124 -1.2298126
-0.90200126 -1.2251027
-0.9000013 -1.2204129
-0.8980013 -1.2157433
-0.89600134 -1.2110938
-0.89400136 -1.206464
-0.8920014 -1.2018543
-0.8900014 -1.197264
-0.88800144 -1.192693
-0.88600147 -1.1881413
-0.8840015 -1.1836088
-0.8820015 -1.1790951
-0.88000154 -1.1746004
-0.8780016 -1.1701242
-0.8760016 -1.1656667
-0.8740016 -1.1612275
-0.87200165 -1.1568062
-0.8700017 -1.1524035
-0.8680017 -1.1480185
-0.8660017 -1.1436512
-0.86400175 -1.1393017
-0.8620018 -1.1349698
-0.8600018 -1.1306552
-0.8580018 -1.1263579
-0.85600185 -1.1220776
-0.8540019 -1.1178145
-0.8520019 -1.1135684
-0.85000193 -1.1093388
-0.84800196 -1.1051259
-0.846002 -1.1009295
-0.844002 -1.0967494
-0.84200203 -1.0925857
-0.84000206 -1.0884378
-0.8380021 -1.0843061
-0.8360021 -1.0801902
-0.83400214 -1.0760902
-0.83200216 -1.0720059
-0.8300022 -1.0679368
-0.8280022 -1.0638833
-0.82600224 -1.0598451
-0.82400227 -1.055822
-0.8220023 -1.051814
-0.8200023 -1.0478209
-0.81800234 -1.0438426
-0.81600237 -1.0398792
-0.8140024 -1.0359302
-0.8120024 -1.0319958
-0.81000245 -1.0280756
-0.8080025 -1.02417
-0.8060025 -1.0202785
-0.8040025 -1.016401
-0.80200255 -1.0125374
-0.8000026 -1.0086876
-0.7980026 -1.0048518
-0.7960026 -1.0010296
-0.79400265 -0.9972209
-0.7920027 -0.99342567
-0.7900027 -0.9896438
-0.7880027 -0.9858753
-0.78600276 -0.9821199
-0.7840028 -0.9783776
-0.7820028 -0.97464824
-0.78000283 -0.97093165
-0.77800286 -0.967228
-0.7760029 -0.96353704
-0.7740029 -0.9598587
-0.77200294 -0.9561928
-0.77000296 -0.9525394
-0.768003 -0.9488982
-0.766003 -0.9452694
-0.76400304 -0.94165266
-0.76200306 -0.9380481
-0.7600031 -0.9344554
-0.7580031 -0.93087465
-0.75600314 -0.9273057
-0.75400317 -0.9237485
-0.7520032 -0.9202028
-0.7500032 -0.91666883
-0.74800324 -0.9131463
-0.74600327 -0.90963525
-0.7440033 -0.9061353
-0.7420033 -0.90264684
-0.74000335 -0.8991694
-0.7380034 -0.89570296
-0.7360034 -0.8922477
-0.7340034 -0.8888031
-0.73200345 -0.88536966
-0.7300035 -0.88194686
-0.7280035 -0.87853473
-0.7260035 -0.8751332
-0.72400355 -0.87174225
-0.7220036 -0.8683617
-0.7200036 -0.8649917
-0.71800363 -0.86163193
-0.71600366 -0.8582825
-0.7140037 -0.8549432
-0.7120037 -0.851614
-0.71000373 -0.84829485
-0.70800376 -0.84498566
-0.7060038 -0.8416865
-0.7040038 -0.838397
-0.70200384 -0.8351174
-0.70000386 -0.8318474
-0.6980039 -0.8285871
-0.6960039 -0.8253364
-0.69400394 -0.8220952
-0.69200397 -0.81886345
-0.690004 -0.815641
-0.688004 -0.81242794
-0.68600404 -0.8092241
-0.68400407 -0.8060295
-0.6820041 -0.8028439
-0.6800041 -0.79966754
-0.67800415 -0.7965001
-0.6760042 -0.7933416
-0.6740042 -0.790192
-0.6720042 -0.7870512
-0.67000425 -0.7839192
-0.6680043 -0.7807959
-0.6660043 -0.7776812
-0.6640043 -0.7745751
-0.66200435 -0.77147764
-0.6600044 -0.7683885
-0.6580044 -0.7653079
-0.6560044 -0.7622356
-0.65400445 -0.75917166
-0.6520045 -0.756116
-0.6500045 -0.75306845
-0.64800453 -0.7500291
-0.64600456 -0.74699783
-0.6440046 -0.7439746
-0.6420046 -0.74095935
-0.64000463 -0.73795205
-0.63800466 -0.7349526
-0.6360047 -0.7319611
-0.6340047 -0.72897726
-0.63200474 -0.7260012
-0.63000476 -0.7230328
-0.6280048 -0.720072
-0.6260048 -0.7171188
-0.62400484 -0.7141732
-0.62200487 -0.711235
-0.6200049 -0.7083043
-0.6180049 -0.7053809
-0.61600494 -0.7024649
-0.61400497 -0.6995561
-0.612005 -0.6966547
-0.610005 -0.69376034
-0.60800505 -0.6908732
-0.6060051 -0.68799317
-0.6040051 -0.68512017
-0.6020051 -0.68225425
-0.60000515 -0.67939526
-0.5980052 -0.6765432
-0.5960052 -0.673698
-0.5940052 -0.67085963
-0.59200525 -0.66802806
-0.5900053 -0.6652033
-0.5880053 -0.66238517
-0.58600533 -0.65957373
-0.58400536 -0.6567689
-0.5820054 -0.65397066
-0.5800054 -0.65117896
-0.57800543 -0.64839363
-0.57600546 -0.645615
-0.5740055 -0.6428426
-0.5720055 -0.64007664
-0.57000554 -0.637317
-0.56800556 -0.6345637
-0.5660056 -0.6318166
-0.5640056 -0.6290757
-0.56200564 -0.626341
-0.56000566 -0.6236125
-0.5580057 -0.62089
-0.5560057 -0.6181736
-0.55400574 -0.6154632
-0.55200577 -0.6127588
-0.5500058 -0.6100604
-0.5480058 -0.60736775
-0.54600585 -0.60468113
-0.5440059 -0.6020003
-0.5420059 -0.59932524
-0.5400059 -0.596656
-0.53800595 -0.5939924
-0.536006 -0.5913345
-0.534006 -0.5886824
-0.532006 -0.5860358
-0.53000605 -0.58339477
-0.5280061 -0.58075935
-0.5260061 -0.5781294
-0.5240061 -0.5755049
-0.52200615 -0.57288593
-0.5200062 -0.5702724
-0.5180062 -0.5676642
-0.51600623 -0.56506133
-0.51400626 -0.5624637
-0.5120063 -0.5598715
-0.5100063 -0.5572844
-0.50800633 -0.5547026
-0.50600636 -0.552126
-0.5040064 -0.54955447
-0.5020064 -0.54698807
-0.50000644 -0.5444268
-0.49800643 -0.5418705
-0.49600643 -0.5393192
-0.49400643 -0.53677297
-0.49200642 -0.5342316
-0.49000642 -0.53169525
-0.4880064 -0.5291638
-0.4860064 -0.5266372
-0.4840064 -0.5241154
-0.4820064 -0.5215984
-0.4800064 -0.51908624
-0.4780064 -0.5165788
-0.4760064 -0.51407605
-0.47400638 -0.511578
-0.47200638 -0.50908464
-0.47000638 -0.50659585
-0.46800637 -0.50411165
-0.46600637 -0.50163203
-0.46400636 -0.49915704
-0.46200636 -0.49668652
-0.46000636 -0.49422047
-0.45800635 -0.49175888
-0.45600635 -0.4893017
-0.45400634 -0.48684892
-0.45200634 -0.48440054
-0.45000634 -0.48195648
-0.44800633 -0.47951674
-0.44600633 -0.47708136
-0.44400632 -0.47465017
-0.44200632 -0.4722232
-0.44000632 -0.4698005
-0.4380063 -0.46738195
-0.4360063 -0.46496755
-0.4340063 -0.46255732
-0.4320063 -0.46015114
-0.4300063 -0.45774907
-0.4280063 -0.45535102
-0.4260063 -0.452957
-0.42400628 -0.45056704
-0.42200628 -0.44818103
-0.42000628 -0.44579893
-0.41800627 -0.44342074
-0.41600627 -0.44104648
-0.41400626 -0.43867612
-0.41200626 -0.4363096
-0.41000625 -0.43394688
-0.40800625 -0.4315879
-0.40600625 -0.4292328
-0.40400624 -0.42688137
-0.40200624 -0.42453375
-0.40000623 -0.42218974
-0.39800623 -0.41984943
-0.39600623 -0.4175128
-0.39400622 -0.41517976
-0.39200622 -0.41285038
-0.3900062 -0.41052452
-0.3880062 -0.4082022
-0.3860062 -0.4058835
-0.3840062 -0.4035682
-0.3820062 -0.40125647
-0.3800062 -0.39894816
-0.3780062 -0.39664334
-0.3760062 -0.3943419
-0.37400618 -0.3920438
-0.37200618 -0.38974914
-0.37000617 -0.38745782
-0.36800617 -0.3851698
-0.36600617 -0.38288507
-0.36400616 -0.38060367
-0.36200616 -0.3783255
-0.36000615 -0.37605056
-0.35800615 -0.37377882
-0.35600615 -0.37151033
-0.35400614 -0.36924496
-0.35200614 -0.36698273
-0.35000613 -0.36472362
-0.34800613 -0.36246762
-0.34600613 -0.36021468
-0.34400612 -0.35796487
-0.34200612 -0.35571805
-0.3400061 -0.35347426
-0.3380061 -0.35123345
-0.3360061 -0.3489956
-0.3340061 -0.34676075
-0.3320061 -0.3445288
-0.3300061 -0.34229973
-0.3280061 -0.34007362
-0.32600608 -0.33785027
-0.32400608 -0.33562988
-0.32200608 -0.33341226
-0.32000607 -0.33119747
-0.31800607 -0.32898542
-0.31600606 -0.32677615
-0.31400606 -0.32456964
-0.31200606 -0.32236588
-0.31000605 -0.32016477
-0.30800605 -0.31796637
-0.30600604 -0.31577063
-0.30400604 -0.31357756
-0.30200604 -0.3113871
-0.30000603 -0.3091992
-0.29800603 -0.30701393
-0.29600602 -0.30483118
-0.29400602 -0.302651
-0.29200602 -0.30047333
-0.290006 -0.29829815
-0.288006 -0.2961255
-0.286006 -0.29395527
-0.284006 -0.2917875
-0.282006 -0.28962216
-0.280006 -0.28745925
-0.278006 -0.28529868
-0.27600598 -0.28314048
-0.27400598 -0.28098467
-0.27200598 -0.27883112
-0.27000597 -0.27667993
-0.26800597 -0.27453104
-0.26600596 -0.2723844
-0.26400596 -0.27024
-0.26200595 -0.26809782
-0.26000595 -0.2659579
-0.25800595 -0.26382014
-0.25600594 -0.26168457
-0.25400594 -0.25955114
-0.25200593 -0.25741988
-0.25000593 -0.25529072
-0.24800593 -0.25316367
-0.24600592 -0.2510387
-0.24400592 -0.24891579
-0.24200591 -0.24679494
-0.24000591 -0.24467608
-0.2380059 -0.24255928
-0.2360059 -0.24044445
-0.2340059 -0.23833159
-0.2320059 -0.23622067
-0.23000589 -0.23411173
-0.22800589 -0.23200466
-0.22600588 -0.22989953
-0.22400588 -0.22779626
-0.22200587 -0.22569486
-0.22000587 -0.22359529
-0.21800587 -0.22149755
-0.21600586 -0.21940166
-0.21400586 -0.21730752
-0.21200585 -0.21521518
-0.21000585 -0.21312457
-0.20800585 -0.2110357
-0.20600584 -0.20894857
-0.20400584 -0.20686315
-0.20200583 -0.2047794
-0.20000583 -0.20269732
-0.19800583 -0.2006169
-0.19600582 -0.1985381
-0.19400582 -0.19646092
-0.19200581 -0.19438533
-0.19000581 -0.19231133
-0.1880058 -0.19023891
-0.1860058 -0.18816802
-0.1840058 -0.18609864
-0.1820058 -0.18403079
-0.18000579 -0.18196441
-0.17800578 -0.17989954
-0.17600578 -0.17783612
-0.17400578 -0.17577413
-0.17200577 -0.17371358
-0.17000577 -0.17165443
-0.16800576 -0.16959667
-0.16600576 -0.1675403
-0.16400576 -0.16548528
-0.16200575 -0.16343158
-0.16000575 -0.16137922
-0.15800574 -0.15932815
-0.15600574 -0.15727839
-0.15400574 -0.15522988
-0.15200573 -0.15318264
-0.15000573 -0.15113662
-0.14800572 -0.14909184
-0.14600572 -0.14704825
-0.14400572 -0.14500587
-0.14200571 -0.14296463
-0.14000571 -0.14092457
-0.1380057 -0.13888563
-0.1360057 -0.13684782
-0.1340057 -0.13481109
-0.13200569 -0.13277549
-0.13000569 -0.13074094
-0.12800568 -0.12870744
-0.12600568 -0.12667498
-0.12400568 -0.124643534
-0.122005686 -0.122613095
-0.12000569 -0.12058365
-0.11800569 -0.11855518
-0.1160057 -0.11652766
-0.1140057 -0.114501074
-0.1120057 -0.11247541
-0.11000571 -0.110450655
-0.10800571 -0.10842679
-0.10600571 -0.1064038
-0.10400572 -0.10438166
-0.10200572 -0.10236035
-0.10000572 -0.100339875
-0.09800573 -0.0983202
-0.09600573 -0.09630131
-0.094005734 -0.09428319
-0.09200574 -0.09226584
-0.09000574 -0.090249225
-0.088005744 -0.088233344
-0.08600575 -0.086218156
-0.08400575 -0.084203675
-0.082005754 -0.08218986
-0.08000576 -0.0801767
-0.07800576 -0.0781642
-0.076005764 -0.07615232
-0.07400577 -0.07414104
-0.07200577 -0.07213036
-0.070005774 -0.07012026
-0.06800578 -0.06811073
-0.06600578 -0.06610174
-0.064005785 -0.06409327
-0.062005784 -0.062085316
-0.060005784 -0.060077865
-0.058005784 -0.05807089
-0.056005783 -0.056064382
-0.054005783 -0.05405832
-0.052005783 -0.0520527
-0.050005782 -0.050047487
-0.048005782 -0.048042677
-0.04600578 -0.046038255
-0.04400578 -0.044034198
-0.04200578 -0.0420305
-0.04000578 -0.04002713
-0.03800578 -0.038024087
-0.03600578 -0.036021344
-0.03400578 -0.034018893
-0.03200578 -0.032016713
-0.03000578 -0.030014787
-0.028005779 -0.028013103
-0.026005778 -0.02601164
-0.024005778 -0.02401039
-0.022005778 -0.02200933
-0.020005777 -0.020008447
-0.018005777 -0.018007724
-0.016005777 -0.016007144
-0.0140057765 -0.014006692
-0.012005776 -0.012006353
-0.010005776 -0.01000611
-0.0080057755 -0.008005947
-0.006005775 -0.0060058474
-0.004005775 -0.0040057963
-0.0020057748 -0.0020057776
-5.7746656E-6 -5.7746656E-6
0.0019942254 0.001994228
0.0039942255 0.003994247
0.005994226 0.0059942976
0.007994226 0.007994397
0.0099942265 0.009994559
0.011994227 0.011994802
0.013994227 0.013995141
0.015994227 0.01599559
0.017994227 0.01799617
0.019994227 0.01999689
0.021994228 0.021997774
0.023994228 0.023998832
0.025994228 0.026000082
0.027994229 0.028001543
0.029994229 0.030003225
0.031994227 0.032005146
0.033994228 0.034007326
0.035994228 0.036009777
0.03799423 0.03801252
0.03999423 0.04001556
0.04199423 0.042018928
0.04399423 0.044022623
0.04599423 0.046026677
0.04799423 0.0480311
0.04999423 0.050035905
0.05199423 0.052041113
0.05399423 0.054046735
0.05599423 0.056052793
0.05799423 0.058059298
0.059994232 0.06006627
0.061994232 0.06207372
0.06399423 0.06408167
0.065994225 0.06609013
0.06799422 0.06809912
0.06999422 0.07010865
0.071994215 0.072118744
0.07399421 0.07412942
0.07599421 0.076140694
0.077994205 0.07815257
0.0799942 0.08016508
0.0819942 0.08217823
0.083994195 0.08419204
0.08599419 0.08620652
0.08799419 0.08822169
0.089994185 0.09023758
0.09199418 0.092254184
0.09399418 0.09427154
0.095994174 0.09628964
0.09799417 0.09830853
0.09999417 0.1003282
0.101994164 0.10234867
0.10399416 0.10436997
0.10599416 0.10639211
0.107994154 0.1084151
0.10999415 0.11043896
0.11199415 0.11246371
0.113994144 0.11448937
0.11599414 0.11651595
0.11799414 0.11854346
0.11999413 0.120571926
0.12199413 0.12260137
0.12399413 0.1246318
0.12599413 0.12666324
0.12799414 0.1286957
0.12999414 0.13072918
0.13199414 0.13276374
0.13399415 0.13479935
0.13599415 0.13683607
0.13799416 0.13887388
0.13999416 0.1409128
0.14199416 0.14295286
0.14399417 0.14499408
0.14599417 0.14703646
0.14799418 0.14908004
0.14999418 0.15112482
0.15199418 0.15317082
0.15399419 0.15521806
0.15599419 0.15726656
0.1579942 0.15931632
0.1599942 0.16136737
0.1619942 0.16341972
0.16399421 0.16547342
0.16599421 0.16752842
0.16799422 0.1695848
0.16999422 0.17164256
0.17199422 0.17370169
0.17399423 0.17576224
0.17599423 0.17782421
0.17799424 0.17988762
0.17999424 0.18195249
0.18199424 0.18401885
0.18399425 0.18608668
0.18599425 0.18815605
0.18799426 0.19022694
0.18999426 0.19229937
0.19199426 0.19437335
0.19399427 0.19644894
0.19599427 0.1985261
0.19799428 0.20060489
0.19999428 0.2026853
0.20199428 0.20476738
0.20399429 0.20685111
0.2059943 0.20893653
0.2079943 0.21102364
0.2099943 0.2131125
0.2119943 0.21520309
0.21399431 0.21729544
0.21599431 0.21938954
0.21799432 0.22148545
0.21999432 0.22358318
0.22199433 0.22568274
0.22399433 0.22778413
0.22599433 0.22988737
0.22799434 0.23199251
0.22999434 0.23409955
0.23199435 0.2362085
0.23399435 0.2383194
0.23599435 0.24043225
0.23799436 0.24254707
0.23999436 0.24466386
0.24199437 0.2467827
0.24399437 0.24890354
0.24599437 0.25102645
0.24799438 0.25315142
0.24999438 0.2552784
0.25199437 0.25740758
0.25399438 0.2595388
0.25599438 0.26167226
0.25799438 0.26380777
0.2599944 0.26594555
0.2619944 0.26808545
0.2639944 0.2702276
0.2659944 0.27237198
0.2679944 0.2745186
0.2699944 0.27666754
0.2719944 0.27881867
0.27399442 0.2809722
0.27599442 0.28312802
0.27799442 0.2852862
0.27999443 0.28744674
0.28199443 0.28960964
0.28399444 0.291775
0.28599444 0.29394272
0.28799444 0.29611295
0.28999445 0.2982856
0.29199445 0.30046076
0.29399446 0.30263838
0.29599446 0.30481857
0.29799446 0.30700132
0.29999447 0.30918658
0.30199447 0.3113744
0.30399448 0.31356487
0.30599448 0.31575796
0.30799448 0.3179537
0.3099945 0.32015207
0.3119945 0.32235318
0.3139945 0.32455692
0.3159945 0.32676342
0.3179945 0.32897267
0.3199945 0.3311847
0.3219945 0.33339947
0.32399452 0.33561704
0.32599452 0.33783743
0.32799453 0.34006074
0.32999453 0.34228685
0.33199453 0.3445159
0.33399454 0.34674782
0.33599454 0.34898266
0.33799455 0.35122052
0.33999455 0.3534613
0.34199455 0.35570508
0.34399456 0.35795188
0.34599456 0.36020166
0.34799457 0.3624546
0.34999457 0.36471057
0.35199457 0.36696965
0.35399458 0.36923182
0.35599458 0.37149718
0.3579946 0.3737657
0.3599946 0.37603745
0.3619946 0.37831232
0.3639946 0.38059047
0.3659946 0.3828719
0.3679946 0.38515657
0.3699946 0.38744456
0.3719946 0.38973588
0.37399462 0.39203057
0.37599462 0.39432856
0.37799463 0.39663005
0.37999463 0.39893484
0.38199463 0.40124312
0.38399464 0.40355486
0.38599464 0.40587005
0.38799465 0.40818882
0.38999465 0.41051105
0.39199466 0.41283688
0.39399466 0.41516632
0.39599466 0.41749927
0.39799467 0.4198359
0.39999467 0.42217618
0.40199468 0.42452013
0.40399468 0.4268678
0.40599468 0.42921922
0.4079947 0.4315743
0.4099947 0.4339332
0.4119947 0.4362959
0.4139947 0.4386624
0.4159947 0.44103277
0.4179947 0.44340703
0.4199947 0.44578516
0.42199472 0.44816723
0.42399472 0.45055324
0.42599472 0.45294324
0.42799473 0.4553372
0.42999473 0.45773518
0.43199474 0.46013725
0.43399474 0.4625434
0.43599474 0.4649536
0.43799475 0.46736798
0.43999475 0.4697865
0.44199476 0.47220922
0.44399476 0.47463614
0.44599476 0.4770673
0.44799477 0.47950268
0.44999477 0.48194236
0.45199478 0.48438638
0.45399478 0.48683476
0.45599478 0.48928753
0.4579948 0.49174464
0.4599948 0.49420622
0.4619948 0.49667224
0.4639948 0.49914274
0.4659948 0.5016178
0.4679948 0.5040974
0.4699948 0.5065815
0.47199482 0.5090703
0.47399482 0.5115636
0.47599483 0.51406157
0.47799483 0.5165643
0.47999483 0.5190717
0.48199484 0.521584
0.48399484 0.52410084
0.48599485 0.5266226
0.48799485 0.5291492
0.48999485 0.53168064
0.49199486 0.53421694
0.49399486 0.53675824
0.49599487 0.5393045
0.49799487 0.5418557
0.49999487 0.54441196
0.50199485 0.5469732
0.5039948 0.54953957
0.5059948 0.552111
0.5079948 0.5546876
0.50999475 0.55726945
0.5119947 0.5598565
0.5139947 0.5624487
0.51599467 0.5650462
0.51799464 0.56764907
0.5199946 0.5702573
0.5219946 0.5728708
0.52399457 0.5754898
0.52599454 0.5781142
0.5279945 0.58074415
0.5299945 0.58337957
0.53199446 0.5860205
0.53399444 0.58866704
0.5359944 0.5913192
0.5379944 0.59397703
0.53999436 0.5966406
0.54199433 0.59930974
0.5439943 0.60198486
0.5459943 0.60466564
0.54799426 0.6073523
0.54999423 0.6100448
0.5519942 0.61274314
0.5539942 0.6154475
0.55599415 0.6181579
0.5579941 0.6208743
0.5599941 0.62359667
0.5619941 0.6263253
0.56399405 0.62905985
0.565994 0.6318007
0.567994 0.6345477
0.569994 0.637301
0.57199395 0.64006066
0.5739939 0.64282656
0.5759939 0.6455989
0.57799387 0.6483776
0.57999384 0.6511628
0.5819938 0.65395445
0.5839938 0.65675265
0.58599377 0.6595574
0.58799374 0.66236883
0.5899937 0.66518694
0.5919937 0.6680118
0.59399366 0.6708432
0.59599364 0.6736815
0.5979936 0.6765267
0.5999936 0.6793787
0.60199356 0.6822377
0.60399354 0.68510365
0.6059935 0.68797654
0.6079935 0.6908566
0.60999346 0.69374365
0.61199343 0.69663787
0.6139934 0.6995393
0.6159934 0.702448
0.61799335 0.705364
0.6199933 0.70828736
0.6219933 0.711218
0.6239933 0.7141562
0.62599325 0.7171018
0.6279932 0.7200549
0.6299932 0.72301567
0.6319932 0.725984
0.63399315 0.72896
0.6359931 0.7319438
0.6379931 0.7349353
0.6399931 0.7379347
0.64199305 0.74094194
0.643993 0.74395716
0.645993 0.7469803
0.64799297 0.7500116
0.64999294 0.7530508
0.6519929 0.7560983
0.6539929 0.759154
0.65599287 0.7622179
0.65799284 0.7652901
0.6599928 0.7683707
0.6619928 0.77145976
0.66399276 0.7745572
0.66599274 0.77766323
0.6679927 0.78077775
0.6699927 0.7839011
0.67199266 0.787033
0.67399263 0.7901738
0.6759926 0.7933234
0.6779926 0.79648185
0.67999256 0.7996492
0.68199253 0.80282557
0.6839925 0.80601096
0.6859925 0.80920565
0.68799245 0.8124094
0.6899924 0.81562245
0.6919924 0.81884474
0.6939924 0.82207644
0.69599235 0.8253176
0.6979923 0.82856834
0.6999923 0.83182853
0.7019923 0.83509845
0.70399225 0.838378
0.7059922 0.84166735
0.7079922 0.8449666
0.7099922 0.8482757
0.71199214 0.85159475
0.7139921 0.8549239
0.7159921 0.8582632
0.71799207 0.86161256
0.71999204 0.86497223
0.721992 0.8683423
0.723992 0.87172264
0.72599196 0.8751136
0.72799194 0.878515
0.7299919 0.881927
0.7319919 0.8853498
0.73399186 0.88878334
0.73599184 0.89222765
0.7379918 0.895683
0.7399918 0.89914924
0.74199176 0.9026267
0.74399173 0.9061152
0.7459917 0.90961486
0.7479917 0.913126
0.74999166 0.91664845
0.7519916 0.9201824
0.7539916 0.92372787
0.7559916 0.9272851
0.75799155 0.93085396
0.7599915 0.93443465
0.7619915 0.93802726
0.7639915 0.9416318
0.76599145 0.9452484
0.7679914 0.9488772
0.7699914 0.9525182
0.7719914 0.9561717
0.77399135 0.95983744
0.7759913 0.96351576
0.7779913 0.96720666
0.77999127 0.97091025
0.78199124 0.97462666
0.7839912 0.9783559
0.7859912 0.9820982
0.78799117 0.98585355
0.78999114 0.98962206
0.7919911 0.9934038
0.7939911 0.99719894
0.79599106 1.0010074
0.79799104 1.0048298
0.799991 1.0086656
0.801991 1.0125151
0.80399096 1.0163784
0.80599093 1.0202559
0.8079909 1.0241474
0.8099909 1.0280532
0.81199086 1.0319731
0.81399083 1.0359074
0.8159908 1.0398562
0.8179908 1.0438198
0.81999075 1.0477979
0.8219907 1.0517907
0.8239907 1.0557988
0.8259907 1.0598216
0.82799065 1.06386
0.8299906 1.0679133
0.8319906 1.0719821
0.8339906 1.0760665
0.83599055 1.0801666
0.8379905 1.0842823
0.8399905 1.0884138
0.8419905 1.0925615
0.84399045 1.0967252
0.8459904 1.1009052
0.8479904 1.1051016
0.84999037 1.1093143
0.85199034 1.1135437
0.8539903 1.11779
0.8559903 1.122053
0.85799026 1.1263331
0.85999024 1.1306303
0.8619902 1.1349448
0.8639902 1.1392766
0.86599016 1.143626
0.86799014 1.1479931
0.8699901 1.1523778
0.8719901 1.1567807
0.87399006 1.1612016
0.87599003 1.1656408
0.87799 1.1700983
0.87999 1.1745744
0.88198996 1.1790692
0.88398993 1.1835827
0.8859899 1.188115
0.8879899 1.1926666
0.88998985 1.1972375
0.8919898 1.2018276
0.8939898 1.2064376
0.8959898 1.211067
0.89798975 1.2157165
0.8999897 1.2203859
0.9019897 1.2250754
0.9039897 1.2297854
0.90598965 1.2345159
0.9079896 1.239267
0.9099896 1.2440389
0.91198957 1.2488319
0.91398954 1.253646
0.9159895 1.2584815
0.9179895 1.2633384
0.91998947 1.2682171
0.92198944 1.2731175
0.9239894 1.2780402
0.9259894 1.2829849
0.92798936 1.2879521
0.92998934 1.2929417
0.9319893 1.2979542
0.9339893 1.3029896
0.93598926 1.3080481
0.93798923 1.3131298
0.9399892 1.3182352
0.9419892 1.3233643
0.94398916 1.3285168
0.94598913 1.3336939
0.9479891 1.3388951
0.9499891 1.3441206
0.95198905 1.3493708
0.953989 1.3546461
0.955989 1.3599464
0.957989 1.3652718
0.95998895 1.3706226
0.9619889 1.3759991
0.9639889 1.3814017
0.9659889 1.3868302
0.96798885 1.3922852
0.9699888 1.3977666
0.9719888 1.4032748
0.9739888 1.40881
0.97598875 1.4143722
0.9779887 1.419962
0.9799887 1.4255794
0.98198867 1.4312246
0.98398864 1.4368979
0.9859886 1.4425997
0.9879886 1.4483297
0.98998857 1.4540888
0.99198854 1.4598768
0.9939885 1.465694
0.9959885 1.4715408
0.99798846 1.4774173
0.99998844 1.4833239
