-0.998 -1.5075406
-0.99600005 -1.4813242
-0.9940001 -1.4611977
-0.9920001 -1.4442216
-0.9900001 -1.4292579
-0.98800015 -1.4157227
-0.9860002 -1.4032695
-0.9840002 -1.3916727
-0.98200023 -1.3807752
-0.98000026 -1.3704628
-0.9780003 -1.3606495
-0.9760003 -1.351268
-0.97400033 -1.3422657
-0.97200036 -1.333599
-0.9700004 -1.3252324
-0.9680004 -1.3171362
-0.96600044 -1.3092854
-0.96400046 -1.3016584
-0.9620005 -1.2942367
-0.9600005 -1.2870041
-0.95800054 -1.2799466
-0.95600057 -1.2730516
-0.9540006 -1.2663084
-0.9520006 -1.2597067
-0.95000064 -1.253238
-0.94800067 -1.246894
-0.9460007 -1.2406678
-0.9440007 -1.2345527
-0.94200075 -1.2285428
-0.9400008 -1.2226325
-0.9380008 -1.2168171
-0.9360008 -1.2110916
-0.93400085 -1.2054521
-0.9320009 -1.1998945
-0.9300009 -1.1944152
-0.9280009 -1.189011
-0.92600095 -1.1836783
-0.924001 -1.1784147
-0.922001 -1.173217
-0.92000103 -1.168083
-0.91800106 -1.16301
-0.9160011 -1.157996
-0.9140011 -1.1530386
-0.91200113 -1.1481361
-0.91000116 -1.1432865
-0.9080012 -1.1384878
-0.9060012 -1.1337386
-0.90400124 -1.129037
-0.90200126 -1.1243818
-0.9000013 -1.1197715
-0.8980013 -1.1152045
-0.89600134 -1.1106796
-0.89400136 -1.1061957
-0.8920014 -1.1017514
-0.8900014 -1.097346
-0.88800144 -1.0929778
-0.88600147 -1.088646
-0.8840015 -1.0843499
-0.8820015 -1.0800884
-0.88000154 -1.0758603
-0.8780016 -1.071665
-0.8760016 -1.0675019
-0.8740016 -1.0633695
-0.87200165 -1.0592678
-0.8700017 -1.0551953
-0.8680017 -1.051152
-0.8660017 -1.0471365
-0.86400175 -1.0431488
-0.8620018 -1.0391877
-0.8600018 -1.0352529
-0.8580018 -1.0313437
-0.85600185 -1.0274594
-0.8540019 -1.0235996
-0.8520019 -1.0197636
-0.85000193 -1.0159509
-0.84800196 -1.0121609
-0.846002 -1.008393
-0.844002 -1.004647
-0.84200203 -1.000922
-0.84000206 -0.9972177
-0.8380021 -0.9935335
-0.8360021 -0.9898691
-0.83400214 -0.9862238
-0.83200216 -0.9825972
-0.8300022 -0.9789888
-0.8280022 -0.97539806
-0.82600224 -0.97182465
-0.82400227 -0.9682679
-0.8220023 -0.96472746
-0.8200023 -0.96120274
-0.81800234 -0.9576932
-0.81600237 -0.9541985
-0.8140024 -0.95071787
-0.8120024 -0.94725096
-0.81000245 -0.943797
-0.8080025 -0.94035566
-0.8060025 -0.93692625
-0.8040025 -0.93350816
-0.80200255 -0.9301006
-0.8000026 -0.9267033
-0.7980026 -0.92331505
-0.7960026 -0.9199355
-0.79400265 -0.91656363
-0.7920027 -0.9131989
-0.7900027 -0.9098402
-0.7880027 -0.9064869
-0.78600276 -0.90313786
-0.7840028 -0.8997921
-0.7820028 -0.89644855
-0.78000283 -0.8931062
-0.77800286 -0.8897638
-0.7760029 -0.88641983
-0.7740029 -0.88307315
-0.77200294 -0.87972224
-0.77000296 -0.8763656
-0.768003 -0.8730016
-0.766003 -0.8696283
-0.76400304 -0.8662438
-0.76200306 -0.86284626
-0.7600031 -0.8594332
-0.7580031 -0.8560026
-0.75600314 -0.8525515
-0.75400317 -0.84907776
-0.7520032 -0.8455779
-0.7500032 -0.8420493
-0.74800324 -0.83848834
-0.74600327 -0.8348915
-0.7440033 -0.8312549
-0.7420033 -0.8275745
-0.74000335 -0.82384586
-0.7380034 -0.820064
-0.7360034 -0.8162241
-0.7340034 -0.81232035
-0.73200345 -0.8083471
-0.7300035 -0.80429804
-0.7280035 -0.800166
-0.7260035 -0.795944
-0.72400355 -0.79162395
-0.7220036 -0.7871975
-0.7200036 -0.7826555
-0.71800363 -0.7779883
-0.71600366 -0.7731854
-0.7140037 -0.7682354
-0.7120037 -0.7631265
-0.71000373 -0.7578452
-0.70800376 -0.7523781
-0.7060038 -0.8178507
-0.7040038 -0.812435
-0.70200384 -0.8072307
-0.70000386 -0.8022209
-0.6980039 -0.797391
-0.6960039 -0.7927267
-0.69400394 -0.7882154
-0.69200397 -0.7838453
-0.690004 -0.7796058
-0.688004 -0.7754869
-0.68600404 -0.77147937
-0.68400407 -0.7675752
-0.6820041 -0.7637668
-0.6800041 -0.76004696
-0.67800415 -0.7564091
-0.6760042 -0.75284743
-0.6740042 -0.7493565
-0.6720042 -0.7459313
-0.67000425 -0.7425671
-0.6680043 -0.7392596
-0.6660043 -0.736005
-0.6640043 -0.7327995
-0.66200435 -0.7296399
-0.6600044 -0.7265229
-0.6580044 -0.72344595
-0.6560044 -0.7204063
-0.65400445 -0.71740144
-0.6520045 -0.7144293
-0.6500045 -0.7114875
-0.64800453 -0.7085745
-0.64600456 -0.7056883
-0.6440046 -0.7028273
-0.6420046 -0.69999003
-0.64000463 -0.69717497
-0.63800466 -0.69438106
-0.6360047 -0.69160694
-0.6340047 -0.6888514
-0.63200474 -0.6861136
-0.63000476 -0.6833926
-0.6280048 -0.6806873
-0.6260048 -0.67799705
-0.62400484 -0.67532104
-0.62200487 -0.67265856
-0.6200049 -0.6700089
-0.6180049 -0.66737145
-0.61600494 -0.66474575
-0.61400497 -0.6621312
-0.612005 -0.6595273
-0.610005 -0.6569337
-0.60800505 -0.6543497
-0.6060051 -0.6517751
-0.6040051 -0.6492095
-0.6020051 -0.6466526
-0.60000515 -0.644104
-0.5980052 -0.64156353
-0.5960052 -0.6390307
-0.5940052 -0.6365052
-0.59200525 -0.6339872
-0.5900053 -0.6314759
-0.5880053 -0.6289715
-0.58600533 -0.6264738
-0.58400536 -0.62398237
-0.5820054 -0.6214972
-0.5800054 -0.61901796
-0.57800543 -0.6165446
-0.57600546 -0.61407703
-0.5740055 -0.61161494
-0.5720055 -0.60915834
-0.57000554 -0.60670704
-0.56800556 -0.6042608
-0.5660056 -0.6018198
-0.5640056 -0.5993838
-0.56200564 -0.5969527
-0.56000566 -0.5945263
-0.5580057 -0.5921046
-0.5560057 -0.58968747
-0.55400574 -0.58727485
-0.55200577 -0.5848667
-0.5500058 -0.58246297
-0.5480058 -0.58006346
-0.54600585 -0.5776683
-0.5440059 -0.5752771
-0.5420059 -0.57289004
-0.5400059 -0.5705071
-0.53800595 -0.56812805
-0.536006 -0.565753
-0.534006 -0.5633818
-0.532006 -0.56101435
-0.53000605 -0.55865073
-0.5280061 -0.55629086
-0.5260061 -0.55393463
-0.5240061 -0.55158204
-0.52200615 -0.549233
-0.5200062 -0.54688764
-0.5180062 -0.5445457
-0.51600623 -0.5422071
-0.51400626 -0.5398721
-0.5120063 -0.5375404
-0.5100063 -0.5352121
-0.50800633 -0.5328872
-0.50600636 -0.5305655
-0.5040064 -0.52824706
-0.5020064 -0.5259319
-0.50000644 -0.5236198
-0.49800643 -0.5213109
-0.49600643 -0.5190051
-0.49400643 -0.51670253
-0.49200642 -0.5144029
-0.49000642 -0.5121063
-0.4880064 -0.50981283
-0.4860064 -0.5075222
-0.4840064 -0.50523466
-0.4820064 -0.50295
-0.4800064 -0.5006683
-0.4780064 -0.49838936
-0.4760064 -0.4961133
-0.47400638 -0.49384016
-0.47200638 -0.49156982
-0.47000638 -0.48930222
-0.46800637 -0.4870374
-0.46600637 -0.48477525
-0.46400636 -0.48251587
-0.46200636 -0.48025918
-0.46000636 -0.47800517
-0.45800635 -0.47575378
-0.45600635 -0.47350505
-0.45400634 -0.47125885
-0.45200634 -0.46901527
-0.45000634 -0.4667743
-0.44800633 -0.46453586
-0.44600633 -0.4622999
-0.44400632 -0.46006644
-0.44200632 -0.4578355
-0.44000632 -0.45560694
-0.4380063 -0.45338082
-0.4360063 -0.4511572
-0.4340063 -0.44893596
-0.4320063 -0.44671705
-0.4300063 -0.4445006
-0.4280063 -0.4422864
-0.4260063 -0.44007453
-0.42400628 -0.437865
-0.42200628 -0.4356577
-0.42000628 -0.43345279
-0.41800627 -0.43125
-0.41600627 -0.42904958
-0.41400626 -0.42685127
-0.41200626 -0.4246552
-0.41000625 -0.42246127
-0.40800625 -0.42026952
-0.40600625 -0.41807994
-0.40400624 -0.4158925
-0.40200624 -0.41370714
-0.40000623 -0.41152388
-0.39800623 -0.4093427
-0.39600623 -0.4071636
-0.39400622 -0.40498656
-0.39200622 -0.40281147
-0.3900062 -0.40063846
-0.3880062 -0.39846748
-0.3860062 -0.39629844
-0.3840062 -0.3941314
-0.3820062 -0.39196625
-0.3800062 -0.38980308
-0.3780062 -0.38764188
-0.3760062 -0.38548246
-0.37400618 -0.38332504
-0.37200618 -0.3811694
-0.37000617 -0.3790157
-0.36800617 -0.37686384
-0.36600617 -0.3747138
-0.36400616 -0.37256563
-0.36200616 -0.37041917
-0.36000615 -0.36827454
-0.35800615 -0.3661317
-0.35600615 -0.36399052
-0.35400614 -0.36185122
-0.35200614 -0.35971355
-0.35000613 -0.35757768
-0.34800613 -0.35544348
-0.34600613 -0.35331094
-0.34400612 -0.3511801
-0.34200612 -0.34905094
-0.3400061 -0.3469234
-0.3380061 -0.34479755
-0.3360061 -0.34267324
-0.3340061 -0.34055057
-0.3320061 -0.3384295
-0.3300061 -0.33631003
-0.3280061 -0.33419216
-0.32600608 -0.33207577
-0.32400608 -0.32996094
-0.32200608 -0.3278477
-0.32000607 -0.3257359
-0.31800607 -0.32362565
-0.31600606 -0.32151687
-0.31400606 -0.31940958
-0.31200606 -0.31730378
-0.31000605 -0.31519935
-0.30800605 -0.3130965
-0.30600604 -0.31099498
-0.30400604 -0.3088949
-0.30200604 -0.30679625
-0.30000603 -0.30469897
-0.29800603 -0.30260313
-0.29600602 -0.30050853
-0.29400602 -0.29841545
-0.29200602 -0.2963236
-0.290006 -0.29423308
-0.288006 -0.29214394
-0.286006 -0.2900561
-0.284006 -0.28796953
-0.282006 -0.28588432
-0.280006 -0.28380036
-0.278006 -0.28171763
-0.27600598 -0.2796362
-0.27400598 -0.27755594
-0.27200598 -0.275477
-0.27000597 -0.2733992
-0.26800597 -0.2713227
-0.26600596 -0.26924735
-0.26400596 -0.26717317
-0.26200595 -0.26510018
-0.26000595 -0.26302835
-0.25800595 -0.26095766
-0.25600594 -0.25888819
-0.25400594 -0.25681978
-0.25200593 -0.25475258
-0.25000593 -0.25268635
-0.24800593 -0.25062135
-0.24600592 -0.24855737
-0.24400592 -0.24649447
-0.24200591 -0.24443269
-0.24000591 -0.24237196
-0.2380059 -0.24031223
-0.2360059 -0.2382536
-0.2340059 -0.23619592
-0.2320059 -0.23413934
-0.23000589 -0.23208372
-0.22800589 -0.23002914
-0.22600588 -0.22797553
-0.22400588 -0.22592285
-0.22200587 -0.22387119
-0.22000587 -0.22182049
-0.21800587 -0.21977073
-0.21600586 -0.21772188
-0.21400586 -0.215674
-0.21200585 -0.21362703
-0.21000585 -0.21158095
-0.20800585 -0.20953576
-0.20600584 -0.20749147
-0.20400584 -0.20544808
-0.20200583 -0.20340554
-0.20000583 -0.20136386
-0.19800583 -0.19932306
-0.19600582 -0.19728306
-0.19400582 -0.1952439
-0.19200581 -0.19320557
-0.19000581 -0.1911681
-0.1880058 -0.18913136
-0.1860058 -0.18709542
-0.1840058 -0.18506029
-0.1820058 -0.18302593
-0.18000579 -0.18099234
-0.17800578 -0.1789595
-0.17600578 -0.17692742
-0.17400578 -0.17489605
-0.17200577 -0.17286542
-0.17000577 -0.17083551
-0.16800576 -0.16880633
-0.16600576 -0.16677785
-0.16400576 -0.16475004
-0.16200575 -0.16272293
-0.16000575 -0.16069648
-0.15800574 -0.15867071
-0.15600574 -0.15664557
-0.15400574 -0.15462112
-0.15200573 -0.15259726
-0.15000573 -0.15057406
-0.14800572 -0.1485515
-0.14600572 -0.1465295
-0.14400572 -0.14450814
-0.14200571 -0.14248738
-0.14000571 -0.14046718
-0.1380057 -0.13844757
-0.1360057 -0.13642852
-0.1340057 -0.13441004
-0.13200569 -0.13239211
-0.13000569 -0.13037473
-0.12800568 -0.12835786
-0.12600568 -0.12634152
-0.12400568 -0.124325715
-0.122005686 -0.12231041
-0.12000569 -0.12029562
-0.11800569 -0.118281305
-0.1160057 -0.11626746
-0.1140057 -0.11425412
-0.1120057 -0.11224123
-0.11000571 -0.11022879
-0.10800571 -0.10821681
-0.10600571 -0.10620526
-0.10400572 -0.10419414
-0.10200572 -0.10218345
-0.10000572 -0.10017317
-0.09800573 -0.0981633
-0.09600573 -0.09615383
-0.094005734 -0.09414475
-0.09200574 -0.09213604
-0.09000574 -0.09012771
-0.088005744 -0.08811974
-0.08600575 -0.086112134
-0.08400575 -0.084104866
-0.082005754 -0.08209795
-0.08000576 -0.08009136
-0.07800576 -0.078085095
-0.076005764 -0.07607914
-0.07400577 -0.074073486
-0.07200577 -0.07206814
-0.070005774 -0.070063084
-0.06800578 -0.06805831
-0.06600578 -0.06605381
-0.064005785 -0.06404957
-0.062005784 -0.062045585
-0.060005784 -0.060041852
-0.058005784 -0.058038365
-0.056005783 -0.0560351
-0.054005783 -0.05403207
-0.052005783 -0.052029256
-0.050005782 -0.050026648
-0.048005782 -0.04802424
-0.04600578 -0.046022028
-0.04400578 -0.044019997
-0.04200578 -0.04201814
-0.04000578 -0.04001646
-0.03800578 -0.038014937
-0.03600578 -0.036013562
-0.03400578 -0.034012336
-0.03200578 -0.03201125
-0.03000578 -0.030010285
-0.028005779 -0.02800944
-0.026005778 -0.026008708
-0.024005778 -0.024008082
-0.022005778 -0.022007555
-0.020005777 -0.020007111
-0.018005777 -0.01800675
-0.016005777 -0.01600646
-0.0140057765 -0.014006235
-0.012005776 -0.012006064
-0.010005776 -0.010005943
-0.0080057755 -0.008005861
-0.006005775 -0.006005811
-0.004005775 -0.0040057856
-0.0020057748 -0.002005776
-5.7746656E-6 -5.7746656E-6
0.0019942254 0.0019942268
0.0039942255 0.0039942362
0.005994226 0.005994262
0.007994226 0.007994311
0.0099942265 0.009994393
0.011994227 0.011994515
0.013994227 0.013994684
0.015994227 0.015994908
0.017994227 0.017995197
0.019994227 0.019995559
0.021994228 0.021996003
0.023994228 0.023996532
0.025994228 0.025997156
0.027994229 0.027997887
0.029994229 0.029998727
0.031994227 0.03199969
0.033994228 0.034000777
0.035994228 0.036002003
0.03799423 0.038003378
0.03999423 0.0400049
0.04199423 0.042006582
0.04399423 0.044008434
0.04599423 0.046010464
0.04799423 0.048012678
0.04999423 0.05001508
0.05199423 0.052017692
0.05399423 0.0540205
0.05599423 0.056023534
0.05799423 0.05802679
0.059994232 0.060030278
0.061994232 0.062034015
0.06399423 0.064037986
0.065994225 0.06604223
0.06799422 0.06804673
0.06999422 0.070051506
0.071994215 0.07205656
0.07399421 0.0740619
0.07599421 0.076067545
0.077994205 0.078073494
0.0799942 0.080079764
0.0819942 0.082086354
0.083994195 0.084093265
0.08599419 0.08610054
0.08799419 0.08810814
0.089994185 0.090116106
0.09199418 0.09212444
0.09399418 0.09413313
0.095994174 0.09614222
0.09799417 0.098151684
0.09999417 0.10016156
0.101994164 0.10217183
0.10399416 0.10418252
0.10599416 0.10619363
0.107994154 0.108205184
0.10999415 0.11021716
0.11199415 0.1122296
0.113994144 0.11424249
0.11599414 0.116255835
0.11799414 0.118269674
0.11999413 0.12028397
0.12199413 0.12229877
0.12399413 0.12431407
0.12599413 0.1263299
0.12799414 0.12834622
0.12999414 0.13036306
0.13199414 0.13238046
0.13399415 0.13439839
0.13599415 0.13641687
0.13799416 0.13843592
0.13999416 0.1404555
0.14199416 0.1424757
0.14399417 0.14449647
0.14599417 0.14651783
0.14799418 0.1485398
0.14999418 0.15056238
0.15199418 0.15258558
0.15399419 0.15460941
0.15599419 0.1566339
0.1579942 0.15865901
0.1599942 0.16068478
0.1619942 0.1627112
0.16399421 0.16473833
0.16599421 0.16676612
0.16799422 0.16879462
0.16999422 0.1708238
0.17199422 0.17285372
0.17399423 0.1748843
0.17599423 0.17691568
0.17799424 0.17894776
0.17999424 0.1809806
0.18199424 0.18301418
0.18399425 0.18504855
0.18599425 0.18708366
0.18799426 0.1891196
0.18999426 0.19115631
0.19199426 0.1931938
0.19399427 0.19523214
0.19599427 0.1972713
0.19799428 0.19931126
0.19999428 0.20135209
0.20199428 0.20339376
0.20399429 0.20543629
0.2059943 0.20747969
0.2079943 0.20952399
0.2099943 0.21156913
0.2119943 0.21361521
0.21399431 0.21566218
0.21599431 0.21771006
0.21799432 0.2197589
0.21999432 0.22180866
0.22199433 0.22385935
0.22399433 0.22591102
0.22599433 0.22796366
0.22799434 0.23001727
0.22999434 0.23207186
0.23199435 0.23412746
0.23399435 0.23618409
0.23599435 0.23824169
0.23799436 0.24030036
0.23999436 0.24236006
0.24199437 0.2444208
0.24399437 0.2464826
0.24599437 0.24854547
0.24799438 0.2506094
0.24999438 0.25267443
0.25199437 0.2547406
0.25399438 0.2568078
0.25599438 0.25887623
0.25799438 0.26094574
0.2599944 0.26301637
0.2619944 0.2650882
0.2639944 0.26716113
0.2659944 0.26923534
0.2679944 0.2713107
0.2699944 0.27338722
0.2719944 0.27546495
0.27399442 0.27754396
0.27599442 0.27962413
0.27799442 0.28170556
0.27999443 0.28378826
0.28199443 0.28587228
0.28399444 0.28795746
0.28599444 0.29004407
0.28799444 0.29213187
0.28999445 0.29422104
0.29199445 0.29631153
0.29399446 0.29840335
0.29599446 0.3004965
0.29799446 0.302591
0.29999447 0.30468684
0.30199447 0.3067841
0.30399448 0.30888277
0.30599448 0.31098282
0.30799448 0.31308436
0.3099945 0.31518722
0.3119945 0.31729156
0.3139945 0.31939736
0.3159945 0.32150468
0.3179945 0.32361346
0.3199945 0.32572368
0.3219945 0.3278355
0.32399452 0.32994875
0.32599452 0.33206356
0.32799453 0.33417985
0.32999453 0.3362978
0.33199453 0.33841726
0.33399454 0.34053832
0.33599454 0.342661
0.33799455 0.3447852
0.33999455 0.3469111
0.34199455 0.34903863
0.34399456 0.3511678
0.34599456 0.35329863
0.34799457 0.3554312
0.34999457 0.35756534
0.35199457 0.35970125
0.35399458 0.36183882
0.35599458 0.36397818
0.3579946 0.36611924
0.3599946 0.36826214
0.3619946 0.37040678
0.3639946 0.37255317
0.3659946 0.37470135
0.3679946 0.3768514
0.3699946 0.37900332
0.3719946 0.38115698
0.37399462 0.38331255
0.37599462 0.38547
0.37799463 0.38762933
0.37999463 0.38979056
0.38199463 0.39195377
0.38399464 0.39411885
0.38599464 0.39628592
0.38799465 0.39845496
0.38999465 0.4006259
0.39199466 0.4027989
0.39399466 0.40497395
0.39599466 0.40715098
0.39799467 0.4093301
0.39999467 0.41151124
0.40199468 0.41369447
0.40399468 0.41587988
0.40599468 0.4180673
0.4079947 0.42025688
0.4099947 0.4224486
0.4119947 0.42464247
0.4139947 0.42683855
0.4159947 0.42903683
0.4179947 0.43123728
0.4199947 0.43344006
0.42199472 0.43564498
0.42399472 0.43785223
0.42599472 0.44006175
0.42799473 0.44227362
0.42999473 0.4444877
0.43199474 0.4467043
0.43399474 0.4489231
0.43599474 0.45114434
0.43799475 0.453368
0.43999475 0.45559406
0.44199476 0.45782256
0.44399476 0.46005353
0.44599476 0.46228695
0.44799477 0.46452287
0.44999477 0.46676135
0.45199478 0.4690024
0.45399478 0.47124594
0.45599478 0.473492
0.4579948 0.47574073
0.4599948 0.47799215
0.4619948 0.4802462
0.4639948 0.48250282
0.4659948 0.4847622
0.4679948 0.48702434
0.4699948 0.48928908
0.47199482 0.49155664
0.47399482 0.49382704
0.47599483 0.4961002
0.47799483 0.49837622
0.47999483 0.50065494
0.48199484 0.5029367
0.48399484 0.5052214
0.48599485 0.507509
0.48799485 0.5097996
0.48999485 0.5120931
0.49199486 0.5143896
0.49399486 0.51668924
0.49599487 0.51899177
0.49799487 0.5212975
0.49999487 0.5236065
0.50199485 0.5259184
0.5039948 0.5282336
0.5059948 0.5305521
0.5079948 0.53287375
0.50999475 0.5351987
0.5119947 0.537527
0.5139947 0.5398587
0.51599467 0.54219365
0.51799464 0.5445321
0.5199946 0.5468741
0.5219946 0.5492194
0.52399457 0.55156845
0.52599454 0.553921
0.5279945 0.5562772
0.5299945 0.5586371
0.53199446 0.5610007
0.53399444 0.5633681
0.5359944 0.5657393
0.5379944 0.5681143
0.53999436 0.57049334
0.54199433 0.57287616
0.5439943 0.57526326
0.5459943 0.5776543
0.54799426 0.5800497
0.54999423 0.582449
0.5519942 0.5848529
0.5539942 0.587261
0.55599415 0.5896735
0.5579941 0.5920906
0.5599941 0.5945122
0.5619941 0.59693867
0.56399405 0.59936976
0.565994 0.6018058
0.567994 0.60424674
0.569994 0.6066929
0.57199395 0.6091441
0.5739939 0.6116007
0.5759939 0.61406267
0.57799387 0.6165303
0.57999384 0.6190036
0.5819938 0.6214828
0.5839938 0.623968
0.58599377 0.62645936
0.58799374 0.62895715
0.5899937 0.63146144
0.5919937 0.6339725
0.59399366 0.6364907
0.59599364 0.63901603
0.5979936 0.6415489
0.5999936 0.64408934
0.60199356 0.64663786
0.60399354 0.6491948
0.6059935 0.6517602
0.6079935 0.6543347
0.60999346 0.6569186
0.61199343 0.6595123
0.6139934 0.6621161
0.6159934 0.6647306
0.61799335 0.66735625
0.6199933 0.66999364
0.6219933 0.6726431
0.6239933 0.6753055
0.62599325 0.6779815
0.6279932 0.6806717
0.6299932 0.68337685
0.6319932 0.6860978
0.63399315 0.68883556
0.6359931 0.6915909
0.6379931 0.694365
0.6399931 0.6971588
0.64199305 0.6999736
0.643993 0.70281076
0.645993 0.7056716
0.64799297 0.7085576
0.64999294 0.71147066
0.6519929 0.71441203
0.6539929 0.71738416
0.65599287 0.7203889
0.65799284 0.7234283
0.6599928 0.7265051
0.6619928 0.7296217
0.66399276 0.7327811
0.66599274 0.7359863
0.6679927 0.73924065
0.6699927 0.7425479
0.67199266 0.7459117
0.67399263 0.7493366
0.6759926 0.75282717
0.6779926 0.7563883
0.67999256 0.7600256
0.68199253 0.7637451
0.6839925 0.767553
0.6859925 0.7714566
0.68799245 0.77546334
0.6899924 0.77958155
0.6919924 0.78382057
0.6939924 0.78818977
0.69599235 0.79270023
0.6979923 0.7973636
0.6999923 0.80219245
0.7019923 0.8072012
0.70399225 0.81240445
0.7059922 0.81781876
0.7079922 0.7523458
0.7099922 0.75781417
0.71199214 0.7630963
0.7139921 0.7682063
0.7159921 0.77315724
0.71799207 0.7779609
0.71999204 0.78262883
0.721992 0.7871716
0.723992 0.7915987
0.72599196 0.79591924
0.72799194 0.80014175
0.7299919 0.8042743
0.7319919 0.8083239
0.73399186 0.81229764
0.73599184 0.8162016
0.7379918 0.820042
0.7399918 0.82382405
0.74199176 0.8275531
0.74399173 0.8312338
0.7459917 0.83487064
0.7479917 0.83846754
0.74999166 0.8420288
0.7519916 0.8455577
0.7539916 0.8490575
0.7559916 0.85253155
0.75799155 0.85598266
0.7599915 0.85941344
0.7619915 0.8628266
0.7639915 0.8662242
0.76599145 0.8696087
0.7679914 0.8729821
0.7699914 0.8763462
0.7719914 0.8797029
0.77399135 0.8830538
0.7759913 0.88640046
0.7779913 0.8897444
0.77999127 0.8930869
0.78199124 0.89642924
0.7839912 0.89977276
0.7859912 0.90311855
0.78799117 0.9064676
0.78999114 0.90982085
0.7919911 0.9131796
0.7939911 0.9165443
0.79599106 0.91991585
0.79799104 0.92329544
0.799991 0.92668366
0.801991 0.93008095
0.80399096 0.9334884
0.80599093 0.93690646
0.8079909 0.94033575
0.8099909 0.94377714
0.81199086 0.9472309
0.81399083 0.9506977
0.8159908 0.95417833
0.8179908 0.95767295
0.81999075 0.9611824
0.8219907 0.96470714
0.8239907 0.9682474
0.8259907 0.97180396
0.82799065 0.9753773
0.8299906 0.9789679
0.8319906 0.9825763
0.8339906 0.98620266
0.83599055 0.9898479
0.8379905 0.99351215
0.8399905 0.9971964
0.8419905 1.0009005
0.84399045 1.0046253
0.8459904 1.0083714
0.8479904 1.012139
0.84999037 1.0159289
0.85199034 1.0197414
0.8539903 1.0235775
0.8559903 1.0274371
0.85799026 1.0313212
0.85999024 1.0352303
0.8619902 1.039165
0.8639902 1.0431257
0.86599016 1.0471134
0.86799014 1.0511286
0.8699901 1.055172
0.8719901 1.059244
0.87399006 1.0633458
0.87599003 1.0674778
0.87799 1.071641
0.87999 1.075836
0.88198996 1.0800638
0.88398993 1.0843252
0.8859899 1.0886211
0.8879899 1.0929526
0.88998985 1.0973206
0.8919898 1.1017259
0.8939898 1.1061699
0.8959898 1.1106536
0.89798975 1.1151782
0.8999897 1.1197449
0.9019897 1.1243551
0.9039897 1.12901
0.90598965 1.1337112
0.9079896 1.1384602
0.9099896 1.1432586
0.91198957 1.148108
0.91398954 1.1530101
0.9159895 1.1579672
0.9179895 1.1629809
0.91998947 1.1680534
0.92198944 1.1731871
0.9239894 1.1783843
0.9259894 1.1836476
0.92798936 1.1889799
0.92998934 1.1943837
0.9319893 1.1998626
0.9339893 1.2054197
0.93598926 1.2110589
0.93798923 1.2167838
0.9399892 1.2225987
0.9419892 1.2285084
0.94398916 1.2345177
0.94598913 1.240632
0.9479891 1.2468578
0.9499891 1.2532009
0.95198905 1.259669
0.953989 1.2662698
0.955989 1.2730123
0.957989 1.2799063
0.95998895 1.2869627
0.9619889 1.2941942
0.9639889 1.3016149
0.9659889 1.3092407
0.96798885 1.3170902
0.9699888 1.3251848
0.9719888 1.3335499
0.9739888 1.3422147
0.97598875 1.3512151
0.9779887 1.360594
0.9799887 1.3704046
0.98198867 1.3807139
0.98398864 1.3916078
0.9859886 1.4032003
0.9879886 1.4156479
0.98998857 1.4291759
0.99198854 1.4441301
0.9939885 1.461092
0.9959885 1.481195
0.99798846 1.5073581
0.99998844 1.5659873
