-9.98 -1.4709293
-9.959999 -1.4707301
-9.939999 -1.47053
-9.919998 -1.4703293
-9.899998 -1.4701277
-9.879997 -1.4699253
-9.859997 -1.469722
-9.839996 -1.469518
-9.819996 -1.4693131
-9.799995 -1.4691074
-9.779995 -1.4689009
-9.7599945 -1.4686935
-9.739994 -1.4684854
-9.719994 -1.4682763
-9.699993 -1.4680663
-9.679993 -1.4678556
-9.659992 -1.467644
-9.639992 -1.4674315
-9.619991 -1.4672182
-9.599991 -1.467004
-9.57999 -1.4667888
-9.55999 -1.4665728
-9.539989 -1.4663558
-9.519989 -1.466138
-9.499989 -1.4659193
-9.479988 -1.4656997
-9.459988 -1.465479
-9.439987 -1.4652575
-9.419987 -1.4650352
-9.399986 -1.4648118
-9.379986 -1.4645876
-9.359985 -1.4643623
-9.339985 -1.4641361
-9.319984 -1.4639089
-9.299984 -1.4636809
-9.2799835 -1.4634517
-9.259983 -1.4632217
-9.239983 -1.4629906
-9.219982 -1.4627585
-9.199982 -1.4625255
-9.179981 -1.4622915
-9.159981 -1.4620564
-9.13998 -1.4618204
-9.11998 -1.4615833
-9.099979 -1.4613452
-9.079979 -1.461106
-9.0599785 -1.4608657
-9.039978 -1.4606245
-9.019978 -1.4603822
-8.999977 -1.4601388
-8.979977 -1.4598944
-8.959976 -1.4596488
-8.939976 -1.4594022
-8.919975 -1.4591546
-8.899975 -1.4589057
-8.879974 -1.4586558
-8.859974 -1.4584048
-8.839973 -1.4581527
-8.819973 -1.4578995
-8.799973 -1.4576449
-8.779972 -1.4573895
-8.759972 -1.4571327
-8.739971 -1.4568748
-8.719971 -1.4566158
-8.69997 -1.4563557
-8.67997 -1.4560943
-8.659969 -1.4558316
-8.639969 -1.4555678
-8.619968 -1.4553028
-8.599968 -1.4550366
-8.5799675 -1.4547693
-8.559967 -1.4545006
-8.539967 -1.4542307
-8.519966 -1.4539596
-8.499966 -1.4536871
-8.479965 -1.4534135
-8.459965 -1.4531385
-8.439964 -1.4528623
-8.419964 -1.4525847
-8.399963 -1.4523059
-8.379963 -1.4520257
-8.359962 -1.4517442
-8.339962 -1.4514614
-8.319962 -1.4511772
-8.299961 -1.4508919
-8.279961 -1.4506049
-8.25996 -1.4503167
-8.23996 -1.4500271
-8.219959 -1.4497361
-8.199959 -1.4494437
-8.179958 -1.44915
-8.159958 -1.4488547
-8.139957 -1.4485581
-8.119957 -1.44826
-8.0999565 -1.4479604
-8.079956 -1.4476595
-8.059956 -1.4473569
-8.039955 -1.4470531
-8.019955 -1.4467475
-7.9999547 -1.4464406
-7.9799547 -1.4461322
-7.9599547 -1.4458222
-7.9399548 -1.4455107
-7.919955 -1.4451976
-7.899955 -1.444883
-7.879955 -1.4445668
-7.859955 -1.444249
-7.839955 -1.4439297
-7.819955 -1.4436086
-7.799955 -1.4432861
-7.779955 -1.4429618
-7.759955 -1.4426359
-7.739955 -1.4423084
-7.719955 -1.4419792
-7.699955 -1.4416482
-7.679955 -1.4413157
-7.659955 -1.4409814
-7.639955 -1.4406455
-7.619955 -1.4403076
-7.599955 -1.4399681
-7.579955 -1.4396269
-7.559955 -1.4392838
-7.539955 -1.4389391
-7.519955 -1.4385924
-7.499955 -1.438244
-7.479955 -1.4378937
-7.459955 -1.4375416
-7.439955 -1.4371877
-7.4199553 -1.4368318
-7.3999553 -1.4364741
-7.3799553 -1.4361144
-7.3599553 -1.4357529
-7.3399553 -1.4353894
-7.3199553 -1.4350239
-7.2999554 -1.4346565
-7.2799554 -1.4342872
-7.2599554 -1.4339157
-7.2399554 -1.4335424
-7.2199554 -1.433167
-7.1999555 -1.4327894
-7.1799555 -1.4324099
-7.1599555 -1.4320283
-7.1399555 -1.4316446
-7.1199555 -1.4312588
-7.0999556 -1.4308708
-7.0799556 -1.4304807
-7.0599556 -1.4300884
-7.0399556 -1.4296939
-7.0199556 -1.4292973
-6.9999557 -1.4288985
-6.9799557 -1.4284973
-6.9599557 -1.4280939
-6.9399557 -1.4276882
-6.9199557 -1.4272802
-6.8999557 -1.42687
-6.879956 -1.4264574
-6.859956 -1.4260424
-6.839956 -1.4256251
-6.819956 -1.4252053
-6.799956 -1.4247831
-6.779956 -1.4243586
-6.759956 -1.4239315
-6.739956 -1.423502
-6.719956 -1.42307
-6.699956 -1.4226353
-6.679956 -1.4221983
-6.659956 -1.4217585
-6.639956 -1.4213163
-6.619956 -1.4208714
-6.599956 -1.4204239
-6.579956 -1.4199737
-6.559956 -1.4195209
-6.539956 -1.4190654
-6.519956 -1.418607
-6.499956 -1.418146
-6.479956 -1.4176822
-6.459956 -1.4172156
-6.439956 -1.416746
-6.419956 -1.4162737
-6.399956 -1.4157985
-6.3799562 -1.4153204
-6.3599563 -1.4148394
-6.3399563 -1.4143554
-6.3199563 -1.4138684
-6.2999563 -1.4133784
-6.2799563 -1.4128853
-6.2599564 -1.4123892
-6.2399564 -1.41189
-6.2199564 -1.4113877
-6.1999564 -1.4108821
-6.1799564 -1.4103734
-6.1599565 -1.4098614
-6.1399565 -1.4093463
-6.1199565 -1.4088278
-6.0999565 -1.4083061
-6.0799565 -1.407781
-6.0599566 -1.4072526
-6.0399566 -1.4067206
-6.0199566 -1.4061853
-5.9999566 -1.4056464
-5.9799566 -1.4051042
-5.9599566 -1.4045583
-5.9399567 -1.4040089
-5.9199567 -1.4034559
-5.8999567 -1.4028993
-5.8799567 -1.4023389
-5.8599567 -1.4017748
-5.8399568 -1.401207
-5.819957 -1.4006354
-5.799957 -1.4000599
-5.779957 -1.3994806
-5.759957 -1.3988973
-5.739957 -1.3983102
-5.719957 -1.397719
-5.699957 -1.3971238
-5.679957 -1.3965247
-5.659957 -1.3959212
-5.639957 -1.3953137
-5.619957 -1.3947021
-5.599957 -1.3940861
-5.579957 -1.393466
-5.559957 -1.3928415
-5.539957 -1.3922125
-5.519957 -1.3915793
-5.499957 -1.3909415
-5.479957 -1.3902992
-5.459957 -1.3896524
-5.439957 -1.389001
-5.419957 -1.3883449
-5.399957 -1.3876841
-5.379957 -1.3870186
-5.359957 -1.3863482
-5.339957 -1.385673
-5.3199573 -1.384993
-5.2999573 -1.384308
-5.2799573 -1.3836179
-5.2599573 -1.3829228
-5.2399573 -1.3822225
-5.2199574 -1.3815172
-5.1999574 -1.3808066
-5.1799574 -1.3800906
-5.1599574 -1.3793694
-5.1399574 -1.3786427
-5.1199574 -1.3779105
-5.0999575 -1.3771727
-5.0799575 -1.3764294
-5.0599575 -1.3756806
-5.0399575 -1.3749259
-5.0199575 -1.3741654
-4.9999576 -1.3733991
-4.9799576 -1.3726269
-4.9599576 -1.3718487
-4.9399576 -1.3710644
-4.9199576 -1.3702741
-4.8999577 -1.3694775
-4.8799577 -1.3686748
-4.8599577 -1.3678656
-4.8399577 -1.3670499
-4.8199577 -1.3662279
-4.7999578 -1.3653992
-4.779958 -1.364564
-4.759958 -1.3637218
-4.739958 -1.3628731
-4.719958 -1.3620174
-4.699958 -1.3611547
-4.679958 -1.3602849
-4.659958 -1.359408
-4.639958 -1.358524
-4.619958 -1.3576325
-4.599958 -1.3567338
-4.579958 -1.3558275
-4.559958 -1.3549136
-4.539958 -1.353992
-4.519958 -1.3530626
-4.499958 -1.3521254
-4.479958 -1.3511802
-4.459958 -1.350227
-4.439958 -1.3492655
-4.419958 -1.3482958
-4.399958 -1.3473177
-4.379958 -1.3463311
-4.359958 -1.3453358
-4.339958 -1.344332
-4.319958 -1.3433193
-4.299958 -1.3422976
-4.2799582 -1.3412669
-4.2599583 -1.3402269
-4.2399583 -1.3391777
-4.2199583 -1.338119
-4.1999583 -1.3370509
-4.1799583 -1.335973
-4.1599584 -1.3348855
-4.1399584 -1.3337879
-4.1199584 -1.3326802
-4.0999584 -1.3315624
-4.0799584 -1.3304342
-4.0599585 -1.3292955
-4.0399585 -1.3281462
-4.0199585 -1.3269862
-3.9999585 -1.3258152
-3.9799585 -1.3246331
-3.9599586 -1.3234398
-3.9399586 -1.3222352
-3.9199586 -1.321019
-3.8999586 -1.3197911
-3.8799586 -1.3185513
-3.8599586 -1.3172995
-3.8399587 -1.3160354
-3.8199587 -1.314759
-3.7999587 -1.3134699
-3.7799587 -1.3121681
-3.7599587 -1.3108535
-3.7399588 -1.3095256
-3.7199588 -1.3081844
-3.6999588 -1.3068298
-3.6799588 -1.3054614
-3.6599588 -1.304079
-3.6399589 -1.3026826
-3.6199589 -1.3012719
-3.599959 -1.2998465
-3.579959 -1.2984064
-3.559959 -1.2969513
-3.539959 -1.295481
-3.519959 -1.293995
-3.499959 -1.2924936
-3.479959 -1.290976
-3.459959 -1.2894424
-3.439959 -1.2878923
-3.419959 -1.2863255
-3.399959 -1.2847416
-3.379959 -1.2831405
-3.3599591 -1.281522
-3.3399591 -1.2798856
-3.3199592 -1.2782311
-3.2999592 -1.2765583
-3.2799592 -1.2748668
-3.2599592 -1.2731564
-3.2399592 -1.2714266
-3.2199593 -1.2696772
-3.1999593 -1.2679079
-3.1799593 -1.2661183
-3.1599593 -1.2643081
-3.1399593 -1.2624769
-3.1199594 -1.2606244
-3.0999594 -1.2587503
-3.0799594 -1.2568542
-3.0599594 -1.2549357
-3.0399594 -1.2529943
-3.0199594 -1.2510298
-2.9999595 -1.2490417
-2.9799595 -1.2470297
-2.9599595 -1.2449931
-2.9399595 -1.2429317
-2.9199595 -1.240845
-2.8999596 -1.2387326
-2.8799596 -1.236594
-2.8599596 -1.2344286
-2.8399596 -1.2322361
-2.8199596 -1.230016
-2.7999597 -1.2277678
-2.7799597 -1.2254909
-2.7599597 -1.2231848
-2.7399597 -1.2208489
-2.7199597 -1.2184829
-2.6999598 -1.2160858
-2.6799598 -1.2136574
-2.6599598 -1.2111969
-2.6399598 -1.2087039
-2.6199598 -1.2061776
-2.5999599 -1.2036173
-2.5799599 -1.2010225
-2.55996 -1.1983925
-2.53996 -1.1957268
-2.51996 -1.1930242
-2.49996 -1.1902845
-2.47996 -1.1875066
-2.45996 -1.1846899
-2.43996 -1.1818336
-2.41996 -1.1789371
-2.39996 -1.1759993
-2.37996 -1.1730195
-2.35996 -1.1699969
-2.33996 -1.1669303
-2.31996 -1.1638193
-2.2999601 -1.1606627
-2.2799602 -1.1574595
-2.2599602 -1.1542089
-2.2399602 -1.1509098
-2.2199602 -1.1475612
-2.1999602 -1.144162
-2.1799603 -1.1407113
-2.1599603 -1.1372079
-2.1399603 -1.1336505
-2.1199603 -1.1300383
-2.0999603 -1.1263698
-2.0799603 -1.122644
-2.0599604 -1.1188594
-2.0399604 -1.1150149
-2.0199604 -1.1111091
-1.9999604 -1.1071409
-1.9799604 -1.1031084
-1.9599605 -1.0990106
-1.9399605 -1.0948459
-1.9199605 -1.0906129
-1.8999605 -1.0863099
-1.8799605 -1.0819353
-1.8599606 -1.0774876
-1.8399606 -1.0729649
-1.8199606 -1.0683659
-1.7999606 -1.0636885
-1.7799606 -1.058931
-1.7599607 -1.0540916
-1.7399607 -1.0491683
-1.7199607 -1.0441592
-1.6999607 -1.0390621
-1.6799607 -1.0338752
-1.6599607 -1.0285964
-1.6399608 -1.0232235
-1.6199608 -1.0177541
-1.5999608 -1.012186
-1.5799608 -1.0065169
-1.5599608 -1.0007443
-1.5399609 -0.9948661
-1.5199609 -0.9888794
-1.4999609 -0.9827817
-1.4799609 -0.97657037
-1.4599609 -0.9702427
-1.439961 -0.9637959
-1.419961 -0.95722723
-1.399961 -0.9505336
-1.379961 -0.9437122
-1.359961 -0.9367599
-1.339961 -0.9296736
-1.3199611 -0.9224501
-1.2999611 -0.9150862
-1.2799611 -0.9075785
-1.2599611 -0.89992374
-1.2399611 -0.8921184
-1.2199612 -0.884159
-1.1999612 -0.876042
-1.1799612 -0.86776376
-1.1599612 -0.8593206
-1.1399612 -0.85070866
-1.1199613 -0.84192425
-1.0999613 -0.83296365
-1.0799613 -0.8238228
-1.0599613 -0.81449765
-1.0399613 -0.8049848
-1.0199614 -0.79527974
-0.9999614 -0.7853791
-0.9799614 -0.7752779
-0.9599614 -0.7649729
-0.93996143 -0.7544598
-0.91996145 -0.7437348
-0.8999615 -0.7327939
-0.8799615 -0.7216332
-0.8599615 -0.71024895
-0.8399615 -0.6986373
-0.81996155 -0.6867947
-0.79996157 -0.6747176
-0.7799616 -0.6624024
-0.7599616 -0.64984614
-0.7399616 -0.63704556
-0.71996164 -0.6239978
-0.69996166 -0.61070025
-0.6799617 -0.59715044
-0.6599617 -0.5833464
-0.6399617 -0.5692861
-0.61996174 -0.55496806
-0.59996176 -0.5403914
-0.5799618 -0.52555513
-0.5599618 -0.51045924
-0.5399618 -0.49510375
-0.51996183 -0.47948927
-0.49996182 -0.46361712
-0.4799618 -0.44748896
-0.4599618 -0.4311072
-0.4399618 -0.41447487
-0.41996178 -0.3975955
-0.39996177 -0.38047343
-0.37996176 -0.36311364
-0.35996175 -0.34552172
-0.33996174 -0.32770422
-0.31996173 -0.3096682
-0.29996172 -0.29142165
-0.2799617 -0.27297318
-0.2599617 -0.25433215
-0.2399617 -0.23550877
-0.2199617 -0.21651377
-0.1999617 -0.19735876
-0.17996171 -0.17805585
-0.15996172 -0.15861794
-0.13996172 -0.1390584
-0.11996172 -0.119391195
-0.09996173 -0.09963076
-0.07996173 -0.079791956
-0.059961732 -0.059890028
-0.039961733 -0.039940484
-0.019961733 -0.019959081
3.8266182E-5 3.8266182E-5
0.020038266 0.020035585
0.040038265 0.040016893
0.060038265 0.05996628
0.080038264 0.079868004
0.10003826 0.09970653
0.120038256 0.11946665
0.14003825 0.13913347
0.16003825 0.15869255
0.18003824 0.17812999
0.20003824 0.19743232
0.22003824 0.21658677
0.24003823 0.23558113
0.26003823 0.25440386
0.28003824 0.27304417
0.30003825 0.2914919
0.32003826 0.30973765
0.34003827 0.32777283
0.36003828 0.3455895
0.3800383 0.3631805
0.4000383 0.3805394
0.4200383 0.39766055
0.44003832 0.41453898
0.46003833 0.43117034
0.48003834 0.4475512
0.5000383 0.46367827
0.5200383 0.47954947
0.5400383 0.49516293
0.56003827 0.5105174
0.58003825 0.5256124
0.60003823 0.54044765
0.6200382 0.5550234
0.6400382 0.56934035
0.6600382 0.58339965
0.68003815 0.5972028
0.70003814 0.6107516
0.7200381 0.62404823
0.7400381 0.637095
0.7600381 0.6498946
0.78003806 0.66245
0.80003804 0.67476416
0.820038 0.6868405
0.840038 0.6986821
0.860038 0.710293
0.88003796 0.72167635
0.90003794 0.73283625
0.9200379 0.74377626
0.9400379 0.7545004
0.9600379 0.76501274
0.98003787 0.775317
1.0000379 0.78541684
1.0200379 0.7953172
1.0400379 0.8050216
1.0600379 0.81453377
1.0800378 0.823858
1.1000378 0.83299816
1.1200378 0.84195834
1.1400378 0.85074186
1.1600378 0.85935324
1.1800377 0.86779577
1.2000377 0.8760733
1.2200377 0.8841898
1.2400377 0.89214855
1.2600377 0.89995337
1.2800376 0.9076075
1.3000376 0.9151147
1.3200376 0.92247796
1.3400376 0.929701
1.3600376 0.93678665
1.3800375 0.9437385
1.4000375 0.9505595
1.4200375 0.95725256
1.4400375 0.96382076
1.4600375 0.9702671
1.4800375 0.9765943
1.5000374 0.9828052
1.5200374 0.98890257
1.5400374 0.9948887
1.5600374 1.0007668
1.5800374 1.0065389
1.6000373 1.0122075
1.6200373 1.0177752
1.6400373 1.0232443
1.6600373 1.0286168
1.6800373 1.0338954
1.7000372 1.0390818
1.7200372 1.0441785
1.7400372 1.0491873
1.7600372 1.0541103
1.7800372 1.0589495
1.8000371 1.0637066
1.8200371 1.0683837
1.8400371 1.0729824
1.8600371 1.0775046
1.8800371 1.0819521
1.900037 1.0863265
1.920037 1.0906292
1.940037 1.094862
1.960037 1.0990264
1.980037 1.103124
2.000037 1.1071562
2.020037 1.1111243
2.040037 1.1150297
2.060037 1.118874
2.0800369 1.1226584
2.1000369 1.1263839
2.1200368 1.1300522
2.1400368 1.1336643
2.1600368 1.1372213
2.1800368 1.1407245
2.2000368 1.1441752
2.2200367 1.1475741
2.2400367 1.1509225
2.2600367 1.1542214
2.2800367 1.1574719
2.3000367 1.1606748
2.3200366 1.1638312
2.3400366 1.1669422
2.3600366 1.1700085
2.3800366 1.173031
2.4000366 1.1760106
2.4200366 1.1789483
2.4400365 1.1818447
2.4600365 1.1847007
2.4800365 1.1875173
2.5000365 1.190295
2.5200365 1.1930346
2.5400364 1.195737
2.5600364 1.1984026
2.5800364 1.2010325
2.6000364 1.2036272
2.6200364 1.2061872
2.6400363 1.2087135
2.6600363 1.2112064
2.6800363 1.2136667
2.7000363 1.2160951
2.7200363 1.2184919
2.7400362 1.220858
2.7600362 1.2231936
2.7800362 1.2254996
2.8000362 1.2277765
2.8200362 1.2300246
2.8400362 1.2322446
2.8600361 1.234437
2.880036 1.2366022
2.900036 1.2387407
2.920036 1.240853
2.940036 1.2429396
2.960036 1.2450008
2.980036 1.2470374
3.000036 1.2490494
3.020036 1.2510374
3.040036 1.2530018
3.060036 1.2549431
3.080036 1.2568616
3.100036 1.2587576
3.120036 1.2606316
3.1400359 1.262484
3.1600358 1.264315
3.1800358 1.2661251
3.2000358 1.2679147
3.2200358 1.2696838
3.2400358 1.2714332
3.2600358 1.2731628
3.2800357 1.2748734
3.3000357 1.2765648
3.3200357 1.2782376
3.3400357 1.279892
3.3600357 1.2815282
3.3800356 1.2831467
3.4000356 1.2847477
3.4200356 1.2863315
3.4400356 1.2878983
3.4600356 1.2894484
3.4800355 1.2909819
3.5000355 1.2924994
3.5200355 1.2940007
3.5400355 1.2954866
3.5600355 1.2969569
3.5800354 1.298412
3.6000354 1.299852
3.6200354 1.3012773
3.6400354 1.302688
3.6600354 1.3040844
3.6800354 1.3054667
3.7000353 1.3068349
3.7200353 1.3081896
3.7400353 1.3095307
3.7600353 1.3108585
3.7800353 1.3121731
3.8000352 1.3134749
3.8200352 1.3147639
3.8400352 1.3160403
3.8600352 1.3173043
3.8800352 1.3185561
3.9000351 1.3197958
3.9200351 1.3210237
3.940035 1.3222399
3.960035 1.3234445
3.980035 1.3246377
4.0000353 1.3258197
4.0200353 1.3269907
4.0400352 1.3281507
4.060035 1.3292999
4.080035 1.3304386
4.100035 1.3315667
4.120035 1.3326845
4.140035 1.3337921
4.160035 1.3348897
4.180035 1.3359772
4.200035 1.3370551
4.220035 1.3381232
4.240035 1.3391818
4.260035 1.340231
4.280035 1.3412708
4.300035 1.3423015
4.320035 1.3433231
4.340035 1.3443358
4.360035 1.3453398
4.380035 1.3463349
4.400035 1.3473214
4.420035 1.3482995
4.440035 1.3492693
4.460035 1.3502307
4.480035 1.3511839
4.500035 1.352129
4.520035 1.3530662
4.540035 1.3539956
4.5600348 1.354917
4.5800347 1.3558309
4.6000347 1.3567373
4.6200347 1.357636
4.6400347 1.3585274
4.6600347 1.3594115
4.6800346 1.3602883
4.7000346 1.361158
4.7200346 1.3620206
4.7400346 1.3628763
4.7600346 1.3637252
4.7800345 1.3645672
4.8000345 1.3654023
4.8200345 1.366231
4.8400345 1.367053
4.8600345 1.3678687
4.8800344 1.3686779
4.9000344 1.3694806
4.9200344 1.3702772
4.9400344 1.3710675
4.9600344 1.3718517
4.9800344 1.3726299
5.0000343 1.3734021
5.0200343 1.3741684
5.0400343 1.3749288
5.0600343 1.3756834
5.0800343 1.3764323
5.100034 1.3771756
5.120034 1.3779132
5.140034 1.3786454
5.160034 1.3793721
5.180034 1.3800933
5.200034 1.3808093
5.220034 1.3815199
5.240034 1.3822253
5.260034 1.3829255
5.280034 1.3836206
5.300034 1.3843106
5.320034 1.3849956
5.340034 1.3856757
5.360034 1.3863509
5.380034 1.3870212
5.400034 1.3876866
5.420034 1.3883474
5.440034 1.3890035
5.460034 1.3896549
5.480034 1.3903017
5.500034 1.3909439
5.520034 1.3915817
5.540034 1.392215
5.560034 1.3928438
5.580034 1.3934684
5.6000338 1.3940885
5.6200337 1.3947045
5.6400337 1.3953161
5.6600337 1.3959236
5.6800337 1.3965269
5.7000337 1.3971262
5.7200336 1.3977213
5.7400336 1.3983124
5.7600336 1.3988996
5.7800336 1.3994828
5.8000336 1.4000621
5.8200336 1.4006375
5.8400335 1.4012091
5.8600335 1.4017769
5.8800335 1.402341
5.9000335 1.4029014
5.9200335 1.403458
5.9400334 1.404011
5.9600334 1.4045604
5.9800334 1.4051063
6.0000334 1.4056486
6.0200334 1.4061874
6.0400333 1.4067227
6.0600333 1.4072546
6.0800333 1.407783
6.1000333 1.4083081
6.1200333 1.4088298
6.1400332 1.4093482
6.160033 1.4098635
6.180033 1.4103754
6.200033 1.410884
6.220033 1.4113896
6.240033 1.4118919
6.260033 1.4123911
6.280033 1.4128872
6.300033 1.4133803
6.320033 1.4138702
6.340033 1.4143572
6.360033 1.4148413
6.380033 1.4153223
6.400033 1.4158003
6.420033 1.4162755
6.440033 1.4167479
6.460033 1.4172174
6.480033 1.417684
6.500033 1.4181478
6.520033 1.4186088
6.540033 1.4190671
6.560033 1.4195226
6.580033 1.4199755
6.600033 1.4204257
6.620033 1.4208732
6.640033 1.421318
6.6600327 1.4217603
6.6800327 1.4222
6.7000327 1.422637
6.7200327 1.4230715
6.7400327 1.4235036
6.7600327 1.4239331
6.7800326 1.4243602
6.8000326 1.4247848
6.8200326 1.4252069
6.8400326 1.4256266
6.8600326 1.426044
6.8800325 1.426459
6.9000325 1.4268715
6.9200325 1.4272819
6.9400325 1.4276898
6.9600325 1.4280955
6.9800324 1.4284989
7.0000324 1.4288999
7.0200324 1.4292988
7.0400324 1.4296955
7.0600324 1.43009
7.0800323 1.4304821
7.1000323 1.4308723
7.1200323 1.4312602
7.1400323 1.4316461
7.1600323 1.4320297
7.1800323 1.4324114
7.200032 1.4327909
7.220032 1.4331684
7.240032 1.4335438
7.260032 1.4339172
7.280032 1.4342886
7.300032 1.4346579
7.320032 1.4350253
7.340032 1.4353908
7.360032 1.4357543
7.380032 1.4361159
7.400032 1.4364754
7.420032 1.4368331
7.440032 1.437189
7.460032 1.437543
7.480032 1.437895
7.500032 1.4382454
7.520032 1.4385937
7.540032 1.4389404
7.560032 1.4392852
7.580032 1.4396282
7.600032 1.4399694
7.620032 1.4403089
7.640032 1.4406466
7.660032 1.4409827
7.680032 1.441317
7.7000318 1.4416496
7.7200317 1.4419805
7.7400317 1.4423096
7.7600317 1.4426372
7.7800317 1.442963
7.8000317 1.4432873
7.8200316 1.4436098
7.8400316 1.4439309
7.8600316 1.4442502
7.8800316 1.444568
7.9000316 1.4448842
7.9200315 1.4451988
7.9400315 1.4455119
7.9600315 1.4458234
7.9800315 1.4461334
8.000031 1.4464418
8.020032 1.4467487
8.040032 1.4470541
8.060033 1.4473581
8.080033 1.4476606
8.100034 1.4479616
8.120034 1.4482611
8.140035 1.4485592
8.160035 1.4488559
8.180036 1.449151
8.200036 1.4494449
8.2200365 1.4497372
8.240037 1.4500282
8.260037 1.4503179
8.280038 1.450606
8.300038 1.4508929
8.320039 1.4511784
8.340039 1.4514625
8.36004 1.4517453
8.38004 1.4520267
8.400041 1.452307
8.420041 1.4525858
8.440042 1.4528633
8.460042 1.4531395
8.480042 1.4534144
8.500043 1.4536881
8.520043 1.4539605
8.540044 1.4542317
8.560044 1.4545016
8.580045 1.4547703
8.600045 1.4550377
8.620046 1.4553039
8.640046 1.4555689
8.660047 1.4558327
8.680047 1.4560952
8.7000475 1.4563566
8.720048 1.4566169
8.740048 1.4568759
8.760049 1.4571338
8.780049 1.4573904
8.80005 1.457646
8.82005 1.4579004
8.840051 1.4581536
8.860051 1.4584057
8.880052 1.4586568
8.900052 1.4589068
8.920053 1.4591556
8.940053 1.4594032
8.960053 1.4596498
8.980054 1.4598954
9.000054 1.4601398
9.020055 1.4603832
9.040055 1.4606254
9.060056 1.4608667
9.080056 1.4611069
9.100057 1.461346
9.120057 1.4615842
9.140058 1.4618213
9.160058 1.4620574
9.1800585 1.4622924
9.200059 1.4625264
9.220059 1.4627595
9.24006 1.4629915
9.26006 1.4632225
9.280061 1.4634526
9.300061 1.4636817
9.320062 1.4639099
9.340062 1.464137
9.360063 1.4643631
9.380063 1.4645884
9.4000635 1.4648126
9.420064 1.465036
9.440064 1.4652585
9.460065 1.46548
9.480065 1.4657005
9.500066 1.4659201
9.520066 1.4661388
9.540067 1.4663566
9.560067 1.4665736
9.580068 1.4667896
9.600068 1.4670048
9.620069 1.467219
9.640069 1.4674324
9.660069 1.4676448
9.68007 1.4678564
9.70007 1.4680672
9.720071 1.4682771
9.740071 1.4684862
9.760072 1.4686943
9.780072 1.4689018
9.800073 1.4691082
9.820073 1.469314
9.840074 1.4695188
9.860074 1.4697229
9.8800745 1.469926
9.900075 1.4701284
9.920075 1.47033
9.940076 1.4705309
9.960076 1.4707308
9.980077 1.47093
10.000077 1.4711285
10.020078 1.4713261
