-1.00000e+01 -1.47113e+00
-9.98000e+00 -1.47093e+00
-9.96000e+00 -1.47073e+00
-9.94000e+00 -1.47053e+00
-9.92000e+00 -1.47033e+00
-9.90000e+00 -1.47013e+00
-9.88000e+00 -1.46993e+00
-9.86000e+00 -1.46972e+00
-9.84000e+00 -1.46952e+00
-9.82000e+00 -1.46931e+00
-9.80000e+00 -1.46911e+00
-9.77999e+00 -1.46890e+00
-9.75999e+00 -1.46869e+00
-9.73999e+00 -1.46849e+00
-9.71999e+00 -1.46828e+00
-9.69999e+00 -1.46807e+00
-9.67999e+00 -1.46786e+00
-9.65999e+00 -1.46764e+00
-9.63999e+00 -1.46743e+00
-9.61999e+00 -1.46722e+00
-9.59999e+00 -1.46700e+00
-9.57999e+00 -1.46679e+00
-9.55999e+00 -1.46657e+00
-9.53999e+00 -1.46636e+00
-9.51999e+00 -1.46614e+00
-9.49999e+00 -1.46592e+00
-9.47999e+00 -1.46570e+00
-9.45999e+00 -1.46548e+00
-9.43999e+00 -1.46526e+00
-9.41999e+00 -1.46504e+00
-9.39999e+00 -1.46481e+00
-9.37999e+00 -1.46459e+00
-9.35999e+00 -1.46436e+00
-9.33998e+00 -1.46414e+00
-9.31998e+00 -1.46391e+00
-9.29998e+00 -1.46368e+00
-9.27998e+00 -1.46345e+00
-9.25998e+00 -1.46322e+00
-9.23998e+00 -1.46299e+00
-9.21998e+00 -1.46276e+00
-9.19998e+00 -1.46253e+00
-9.17998e+00 -1.46229e+00
-9.15998e+00 -1.46206e+00
-9.13998e+00 -1.46182e+00
-9.11998e+00 -1.46158e+00
-9.09998e+00 -1.46135e+00
-9.07998e+00 -1.46111e+00
-9.05998e+00 -1.46087e+00
-9.03998e+00 -1.46062e+00
-9.01998e+00 -1.46038e+00
-8.99998e+00 -1.46014e+00
-8.97998e+00 -1.45989e+00
-8.95998e+00 -1.45965e+00
-8.93998e+00 -1.45940e+00
-8.91998e+00 -1.45915e+00
-8.89997e+00 -1.45891e+00
-8.87997e+00 -1.45866e+00
-8.85997e+00 -1.45840e+00
-8.83997e+00 -1.45815e+00
-8.81997e+00 -1.45790e+00
-8.79997e+00 -1.45765e+00
-8.77997e+00 -1.45739e+00
-8.75997e+00 -1.45713e+00
-8.73997e+00 -1.45687e+00
-8.71997e+00 -1.45662e+00
-8.69997e+00 -1.45636e+00
-8.67997e+00 -1.45609e+00
-8.65997e+00 -1.45583e+00
-8.63997e+00 -1.45557e+00
-8.61997e+00 -1.45530e+00
-8.59997e+00 -1.45504e+00
-8.57997e+00 -1.45477e+00
-8.55997e+00 -1.45450e+00
-8.53997e+00 -1.45423e+00
-8.51997e+00 -1.45396e+00
-8.49997e+00 -1.45369e+00
-8.47997e+00 -1.45341e+00
-8.45996e+00 -1.45314e+00
-8.43996e+00 -1.45286e+00
-8.41996e+00 -1.45258e+00
-8.39996e+00 -1.45231e+00
-8.37996e+00 -1.45203e+00
-8.35996e+00 -1.45174e+00
-8.33996e+00 -1.45146e+00
-8.31996e+00 -1.45118e+00
-8.29996e+00 -1.45089e+00
-8.27996e+00 -1.45060e+00
-8.25996e+00 -1.45032e+00
-8.23996e+00 -1.45003e+00
-8.21996e+00 -1.44974e+00
-8.19996e+00 -1.44944e+00
-8.17996e+00 -1.44915e+00
-8.15996e+00 -1.44885e+00
-8.13996e+00 -1.44856e+00
-8.11996e+00 -1.44826e+00
-8.09996e+00 -1.44796e+00
-8.07996e+00 -1.44766e+00
-8.05996e+00 -1.44736e+00
-8.03996e+00 -1.44705e+00
-8.01995e+00 -1.44675e+00
-7.99995e+00 -1.44644e+00
-7.97995e+00 -1.44613e+00
-7.95995e+00 -1.44582e+00
-7.93995e+00 -1.44551e+00
-7.91995e+00 -1.44520e+00
-7.89995e+00 -1.44488e+00
-7.87995e+00 -1.44457e+00
-7.85995e+00 -1.44425e+00
-7.83995e+00 -1.44393e+00
-7.81995e+00 -1.44361e+00
-7.79995e+00 -1.44329e+00
-7.77995e+00 -1.44296e+00
-7.75995e+00 -1.44264e+00
-7.73995e+00 -1.44231e+00
-7.71995e+00 -1.44198e+00
-7.69995e+00 -1.44165e+00
-7.67996e+00 -1.44132e+00
-7.65996e+00 -1.44098e+00
-7.63996e+00 -1.44065e+00
-7.61996e+00 -1.44031e+00
-7.59996e+00 -1.43997e+00
-7.57996e+00 -1.43963e+00
-7.55996e+00 -1.43928e+00
-7.53996e+00 -1.43894e+00
-7.51996e+00 -1.43859e+00
-7.49996e+00 -1.43824e+00
-7.47996e+00 -1.43789e+00
-7.45996e+00 -1.43754e+00
-7.43996e+00 -1.43719e+00
-7.41996e+00 -1.43683e+00
-7.39996e+00 -1.43647e+00
-7.37996e+00 -1.43611e+00
-7.35996e+00 -1.43575e+00
-7.33996e+00 -1.43539e+00
-7.31996e+00 -1.43502e+00
-7.29996e+00 -1.43466e+00
-7.27996e+00 -1.43429e+00
-7.25996e+00 -1.43392e+00
-7.23996e+00 -1.43354e+00
-7.21996e+00 -1.43317e+00
-7.19996e+00 -1.43279e+00
-7.17996e+00 -1.43241e+00
-7.15996e+00 -1.43203e+00
-7.13996e+00 -1.43164e+00
-7.11996e+00 -1.43126e+00
-7.09996e+00 -1.43087e+00
-7.07996e+00 -1.43048e+00
-7.05996e+00 -1.43009e+00
-7.03996e+00 -1.42969e+00
-7.01996e+00 -1.42930e+00
-6.99996e+00 -1.42890e+00
-6.97996e+00 -1.42850e+00
-6.95996e+00 -1.42809e+00
-6.93996e+00 -1.42769e+00
-6.91996e+00 -1.42728e+00
-6.89996e+00 -1.42687e+00
-6.87996e+00 -1.42646e+00
-6.85996e+00 -1.42604e+00
-6.83996e+00 -1.42563e+00
-6.81996e+00 -1.42521e+00
-6.79996e+00 -1.42478e+00
-6.77996e+00 -1.42436e+00
-6.75996e+00 -1.42393e+00
-6.73996e+00 -1.42350e+00
-6.71996e+00 -1.42307e+00
-6.69996e+00 -1.42264e+00
-6.67996e+00 -1.42220e+00
-6.65996e+00 -1.42176e+00
-6.63996e+00 -1.42132e+00
-6.61996e+00 -1.42087e+00
-6.59996e+00 -1.42042e+00
-6.57996e+00 -1.41997e+00
-6.55996e+00 -1.41952e+00
-6.53996e+00 -1.41907e+00
-6.51996e+00 -1.41861e+00
-6.49996e+00 -1.41815e+00
-6.47996e+00 -1.41768e+00
-6.45996e+00 -1.41722e+00
-6.43996e+00 -1.41675e+00
-6.41996e+00 -1.41627e+00
-6.39996e+00 -1.41580e+00
-6.37996e+00 -1.41532e+00
-6.35996e+00 -1.41484e+00
-6.33996e+00 -1.41436e+00
-6.31996e+00 -1.41387e+00
-6.29996e+00 -1.41338e+00
-6.27996e+00 -1.41289e+00
-6.25996e+00 -1.41239e+00
-6.23996e+00 -1.41189e+00
-6.21996e+00 -1.41139e+00
-6.19996e+00 -1.41088e+00
-6.17996e+00 -1.41037e+00
-6.15996e+00 -1.40986e+00
-6.13996e+00 -1.40935e+00
-6.11996e+00 -1.40883e+00
-6.09996e+00 -1.40831e+00
-6.07996e+00 -1.40778e+00
-6.05996e+00 -1.40725e+00
-6.03996e+00 -1.40672e+00
-6.01996e+00 -1.40619e+00
-5.99996e+00 -1.40565e+00
-5.97996e+00 -1.40510e+00
-5.95996e+00 -1.40456e+00
-5.93996e+00 -1.40401e+00
-5.91996e+00 -1.40346e+00
-5.89996e+00 -1.40290e+00
-5.87996e+00 -1.40234e+00
-5.85996e+00 -1.40177e+00
-5.83996e+00 -1.40121e+00
-5.81996e+00 -1.40064e+00
-5.79996e+00 -1.40006e+00
-5.77996e+00 -1.39948e+00
-5.75996e+00 -1.39890e+00
-5.73996e+00 -1.39831e+00
-5.71996e+00 -1.39772e+00
-5.69996e+00 -1.39712e+00
-5.67996e+00 -1.39652e+00
-5.65996e+00 -1.39592e+00
-5.63996e+00 -1.39531e+00
-5.61996e+00 -1.39470e+00
-5.59996e+00 -1.39409e+00
-5.57996e+00 -1.39347e+00
-5.55996e+00 -1.39284e+00
-5.53996e+00 -1.39221e+00
-5.51996e+00 -1.39158e+00
-5.49996e+00 -1.39094e+00
-5.47996e+00 -1.39030e+00
-5.45996e+00 -1.38965e+00
-5.43996e+00 -1.38900e+00
-5.41996e+00 -1.38834e+00
-5.39996e+00 -1.38768e+00
-5.37996e+00 -1.38702e+00
-5.35996e+00 -1.38635e+00
-5.33996e+00 -1.38567e+00
-5.31996e+00 -1.38499e+00
-5.29996e+00 -1.38431e+00
-5.27996e+00 -1.38362e+00
-5.25996e+00 -1.38292e+00
-5.23996e+00 -1.38222e+00
-5.21996e+00 -1.38152e+00
-5.19996e+00 -1.38081e+00
-5.17996e+00 -1.38009e+00
-5.15996e+00 -1.37937e+00
-5.13996e+00 -1.37864e+00
-5.11996e+00 -1.37791e+00
-5.09996e+00 -1.37717e+00
-5.07996e+00 -1.37643e+00
-5.05996e+00 -1.37568e+00
-5.03996e+00 -1.37493e+00
-5.01996e+00 -1.37417e+00
-4.99996e+00 -1.37340e+00
-4.97996e+00 -1.37263e+00
-4.95996e+00 -1.37185e+00
-4.93996e+00 -1.37106e+00
-4.91996e+00 -1.37027e+00
-4.89996e+00 -1.36948e+00
-4.87996e+00 -1.36867e+00
-4.85996e+00 -1.36787e+00
-4.83996e+00 -1.36705e+00
-4.81996e+00 -1.36623e+00
-4.79996e+00 -1.36540e+00
-4.77996e+00 -1.36456e+00
-4.75996e+00 -1.36372e+00
-4.73996e+00 -1.36287e+00
-4.71996e+00 -1.36202e+00
-4.69996e+00 -1.36115e+00
-4.67996e+00 -1.36028e+00
-4.65996e+00 -1.35941e+00
-4.63996e+00 -1.35852e+00
-4.61996e+00 -1.35763e+00
-4.59996e+00 -1.35673e+00
-4.57996e+00 -1.35583e+00
-4.55996e+00 -1.35491e+00
-4.53996e+00 -1.35399e+00
-4.51996e+00 -1.35306e+00
-4.49996e+00 -1.35213e+00
-4.47996e+00 -1.35118e+00
-4.45996e+00 -1.35023e+00
-4.43996e+00 -1.34927e+00
-4.41996e+00 -1.34830e+00
-4.39996e+00 -1.34732e+00
-4.37996e+00 -1.34633e+00
-4.35996e+00 -1.34534e+00
-4.33996e+00 -1.34433e+00
-4.31996e+00 -1.34332e+00
-4.29996e+00 -1.34230e+00
-4.27996e+00 -1.34127e+00
-4.25996e+00 -1.34023e+00
-4.23996e+00 -1.33918e+00
-4.21996e+00 -1.33812e+00
-4.19996e+00 -1.33705e+00
-4.17996e+00 -1.33597e+00
-4.15996e+00 -1.33489e+00
-4.13996e+00 -1.33379e+00
-4.11996e+00 -1.33268e+00
-4.09996e+00 -1.33156e+00
-4.07996e+00 -1.33043e+00
-4.05996e+00 -1.32930e+00
-4.03996e+00 -1.32815e+00
-4.01996e+00 -1.32699e+00
-3.99996e+00 -1.32582e+00
-3.97996e+00 -1.32463e+00
-3.95996e+00 -1.32344e+00
-3.93996e+00 -1.32224e+00
-3.91996e+00 -1.32102e+00
-3.89996e+00 -1.31979e+00
-3.87996e+00 -1.31855e+00
-3.85996e+00 -1.31730e+00
-3.83996e+00 -1.31604e+00
-3.81996e+00 -1.31476e+00
-3.79996e+00 -1.31347e+00
-3.77996e+00 -1.31217e+00
-3.75996e+00 -1.31085e+00
-3.73996e+00 -1.30953e+00
-3.71996e+00 -1.30818e+00
-3.69996e+00 -1.30683e+00
-3.67996e+00 -1.30546e+00
-3.65996e+00 -1.30408e+00
-3.63996e+00 -1.30268e+00
-3.61996e+00 -1.30127e+00
-3.59996e+00 -1.29985e+00
-3.57996e+00 -1.29841e+00
-3.55996e+00 -1.29695e+00
-3.53996e+00 -1.29548e+00
-3.51996e+00 -1.29400e+00
-3.49996e+00 -1.29249e+00
-3.47996e+00 -1.29098e+00
-3.45996e+00 -1.28944e+00
-3.43996e+00 -1.28789e+00
-3.41996e+00 -1.28633e+00
-3.39996e+00 -1.28474e+00
-3.37996e+00 -1.28314e+00
-3.35996e+00 -1.28152e+00
-3.33996e+00 -1.27989e+00
-3.31996e+00 -1.27823e+00
-3.29996e+00 -1.27656e+00
-3.27996e+00 -1.27487e+00
-3.25996e+00 -1.27316e+00
-3.23996e+00 -1.27143e+00
-3.21996e+00 -1.26968e+00
-3.19996e+00 -1.26791e+00
-3.17996e+00 -1.26612e+00
-3.15996e+00 -1.26431e+00
-3.13996e+00 -1.26248e+00
-3.11996e+00 -1.26062e+00
-3.09996e+00 -1.25875e+00
-3.07996e+00 -1.25685e+00
-3.05996e+00 -1.25494e+00
-3.03996e+00 -1.25299e+00
-3.01996e+00 -1.25103e+00
-2.99996e+00 -1.24904e+00
-2.97996e+00 -1.24703e+00
-2.95996e+00 -1.24499e+00
-2.93996e+00 -1.24293e+00
-2.91996e+00 -1.24084e+00
-2.89996e+00 -1.23873e+00
-2.87996e+00 -1.23659e+00
-2.85996e+00 -1.23443e+00
-2.83996e+00 -1.23224e+00
-2.81996e+00 -1.23002e+00
-2.79996e+00 -1.22777e+00
-2.77996e+00 -1.22549e+00
-2.75996e+00 -1.22318e+00
-2.73996e+00 -1.22085e+00
-2.71996e+00 -1.21848e+00
-2.69996e+00 -1.21609e+00
-2.67996e+00 -1.21366e+00
-2.65996e+00 -1.21120e+00
-2.63996e+00 -1.20870e+00
-2.61996e+00 -1.20618e+00
-2.59996e+00 -1.20362e+00
-2.57996e+00 -1.20102e+00
-2.55996e+00 -1.19839e+00
-2.53996e+00 -1.19573e+00
-2.51996e+00 -1.19302e+00
-2.49996e+00 -1.19028e+00
-2.47996e+00 -1.18751e+00
-2.45996e+00 -1.18469e+00
-2.43996e+00 -1.18183e+00
-2.41996e+00 -1.17894e+00
-2.39996e+00 -1.17600e+00
-2.37996e+00 -1.17302e+00
-2.35996e+00 -1.17000e+00
-2.33996e+00 -1.16693e+00
-2.31996e+00 -1.16382e+00
-2.29996e+00 -1.16066e+00
-2.27996e+00 -1.15746e+00
-2.25996e+00 -1.15421e+00
-2.23996e+00 -1.15091e+00
-2.21996e+00 -1.14756e+00
-2.19996e+00 -1.14416e+00
-2.17996e+00 -1.14071e+00
-2.15996e+00 -1.13721e+00
-2.13996e+00 -1.13365e+00
-2.11996e+00 -1.13004e+00
-2.09996e+00 -1.12637e+00
-2.07996e+00 -1.12264e+00
-2.05996e+00 -1.11886e+00
-2.03996e+00 -1.11501e+00
-2.01996e+00 -1.11111e+00
-1.99996e+00 -1.10714e+00
-1.97996e+00 -1.10311e+00
-1.95996e+00 -1.09901e+00
-1.93996e+00 -1.09485e+00
-1.91996e+00 -1.09061e+00
-1.89996e+00 -1.08631e+00
-1.87996e+00 -1.08194e+00
-1.85996e+00 -1.07749e+00
-1.83996e+00 -1.07297e+00
-1.81996e+00 -1.06837e+00
-1.79996e+00 -1.06369e+00
-1.77996e+00 -1.05893e+00
-1.75996e+00 -1.05409e+00
-1.73996e+00 -1.04917e+00
-1.71996e+00 -1.04416e+00
-1.69996e+00 -1.03906e+00
-1.67996e+00 -1.03388e+00
-1.65996e+00 -1.02860e+00
-1.63996e+00 -1.02322e+00
-1.61996e+00 -1.01775e+00
-1.59996e+00 -1.01219e+00
-1.57996e+00 -1.00652e+00
-1.55996e+00 -1.00074e+00
-1.53996e+00 -9.94866e-01
-1.51996e+00 -9.88879e-01
-1.49996e+00 -9.82782e-01
-1.47996e+00 -9.76570e-01
-1.45996e+00 -9.70243e-01
-1.43996e+00 -9.63796e-01
-1.41996e+00 -9.57227e-01
-1.39996e+00 -9.50534e-01
-1.37996e+00 -9.43712e-01
-1.35996e+00 -9.36760e-01
-1.33996e+00 -9.29674e-01
-1.31996e+00 -9.22450e-01
-1.29996e+00 -9.15086e-01
-1.27996e+00 -9.07579e-01
-1.25996e+00 -8.99924e-01
-1.23996e+00 -8.92119e-01
-1.21996e+00 -8.84159e-01
-1.19996e+00 -8.76042e-01
-1.17996e+00 -8.67764e-01
-1.15996e+00 -8.59321e-01
-1.13996e+00 -8.50709e-01
-1.11996e+00 -8.41924e-01
-1.09996e+00 -8.32964e-01
-1.07996e+00 -8.23823e-01
-1.05996e+00 -8.14498e-01
-1.03996e+00 -8.04985e-01
-1.01996e+00 -7.95280e-01
-9.99961e-01 -7.85379e-01
-9.79961e-01 -7.75278e-01
-9.59961e-01 -7.64973e-01
-9.39961e-01 -7.54460e-01
-9.19961e-01 -7.43735e-01
-8.99961e-01 -7.32794e-01
-8.79961e-01 -7.21633e-01
-8.59962e-01 -7.10249e-01
-8.39962e-01 -6.98637e-01
-8.19962e-01 -6.86795e-01
-7.99962e-01 -6.74718e-01
-7.79962e-01 -6.62403e-01
-7.59962e-01 -6.49846e-01
-7.39962e-01 -6.37046e-01
-7.19962e-01 -6.23998e-01
-6.99962e-01 -6.10700e-01
-6.79962e-01 -5.97151e-01
-6.59962e-01 -5.83346e-01
-6.39962e-01 -5.69286e-01
-6.19962e-01 -5.54968e-01
-5.99962e-01 -5.40391e-01
-5.79962e-01 -5.25555e-01
-5.59962e-01 -5.10459e-01
-5.39962e-01 -4.95104e-01
-5.19962e-01 -4.79489e-01
-4.99962e-01 -4.63617e-01
-4.79962e-01 -4.47489e-01
-4.59962e-01 -4.31107e-01
-4.39962e-01 -4.14475e-01
-4.19962e-01 -3.97595e-01
-3.99962e-01 -3.80473e-01
-3.79962e-01 -3.63114e-01
-3.59962e-01 -3.45522e-01
-3.39962e-01 -3.27704e-01
-3.19962e-01 -3.09668e-01
-2.99962e-01 -2.91422e-01
-2.79962e-01 -2.72973e-01
-2.59962e-01 -2.54332e-01
-2.39962e-01 -2.35509e-01
-2.19962e-01 -2.16514e-01
-1.99962e-01 -1.97359e-01
-1.79962e-01 -1.78056e-01
-1.59962e-01 -1.58618e-01
-1.39962e-01 -1.39058e-01
-1.19962e-01 -1.19391e-01
-9.99617e-02 -9.96308e-02
-7.99617e-02 -7.97920e-02
-5.99617e-02 -5.98900e-02
-3.99617e-02 -3.99405e-02
-1.99617e-02 -1.99591e-02
3.82662e-05 3.82662e-05
2.00383e-02 2.00356e-02
4.00383e-02 4.00169e-02
6.00383e-02 5.99663e-02
8.00383e-02 7.98680e-02
1.00038e-01 9.97065e-02
1.20038e-01 1.19467e-01
1.40038e-01 1.39133e-01
1.60038e-01 1.58693e-01
1.80038e-01 1.78130e-01
2.00038e-01 1.97432e-01
2.20038e-01 2.16587e-01
2.40038e-01 2.35581e-01
2.60038e-01 2.54404e-01
2.80038e-01 2.73044e-01
3.00038e-01 2.91492e-01
3.20038e-01 3.09738e-01
3.40038e-01 3.27773e-01
3.60038e-01 3.45589e-01
3.80038e-01 3.63180e-01
4.00038e-01 3.80539e-01
4.20038e-01 3.97661e-01
4.40038e-01 4.14539e-01
4.60038e-01 4.31170e-01
4.80038e-01 4.47551e-01
5.00038e-01 4.63678e-01
5.20038e-01 4.79549e-01
5.40038e-01 4.95163e-01
5.60038e-01 5.10517e-01
5.80038e-01 5.25612e-01
6.00038e-01 5.40448e-01
6.20038e-01 5.55023e-01
6.40038e-01 5.69340e-01
6.60038e-01 5.83400e-01
6.80038e-01 5.97203e-01
7.00038e-01 6.10752e-01
7.20038e-01 6.24048e-01
7.40038e-01 6.37095e-01
7.60038e-01 6.49895e-01
7.80038e-01 6.62450e-01
8.00038e-01 6.74764e-01
8.20038e-01 6.86840e-01
8.40038e-01 6.98682e-01
8.60038e-01 7.10293e-01
8.80038e-01 7.21676e-01
9.00038e-01 7.32836e-01
9.20038e-01 7.43776e-01
9.40038e-01 7.54500e-01
9.60038e-01 7.65013e-01
9.80038e-01 7.75317e-01
1.00004e+00 7.85417e-01
1.02004e+00 7.95317e-01
1.04004e+00 8.05022e-01
1.06004e+00 8.14534e-01
1.08004e+00 8.23858e-01
1.10004e+00 8.32998e-01
1.12004e+00 8.41958e-01
1.14004e+00 8.50742e-01
1.16004e+00 8.59353e-01
1.18004e+00 8.67796e-01
1.20004e+00 8.76073e-01
1.22004e+00 8.84190e-01
1.24004e+00 8.92149e-01
1.26004e+00 8.99953e-01
1.28004e+00 9.07608e-01
1.30004e+00 9.15115e-01
1.32004e+00 9.22478e-01
1.34004e+00 9.29701e-01
1.36004e+00 9.36787e-01
1.38004e+00 9.43739e-01
1.40004e+00 9.50560e-01
1.42004e+00 9.57253e-01
1.44004e+00 9.63821e-01
1.46004e+00 9.70267e-01
1.48004e+00 9.76594e-01
1.50004e+00 9.82805e-01
1.52004e+00 9.88903e-01
1.54004e+00 9.94889e-01
1.56004e+00 1.00077e+00
1.58004e+00 1.00654e+00
1.60004e+00 1.01221e+00
1.62004e+00 1.01778e+00
1.64004e+00 1.02324e+00
1.66004e+00 1.02862e+00
1.68004e+00 1.03390e+00
1.70004e+00 1.03908e+00
1.72004e+00 1.04418e+00
1.74004e+00 1.04919e+00
1.76004e+00 1.05411e+00
1.78004e+00 1.05895e+00
1.80004e+00 1.06371e+00
1.82004e+00 1.06838e+00
1.84004e+00 1.07298e+00
1.86004e+00 1.07750e+00
1.88004e+00 1.08195e+00
1.90004e+00 1.08633e+00
1.92004e+00 1.09063e+00
1.94004e+00 1.09486e+00
1.96004e+00 1.09903e+00
1.98004e+00 1.10312e+00
2.00004e+00 1.10716e+00
2.02004e+00 1.11112e+00
2.04004e+00 1.11503e+00
2.06004e+00 1.11887e+00
2.08004e+00 1.12266e+00
2.10004e+00 1.12638e+00
2.12004e+00 1.13005e+00
2.14004e+00 1.13366e+00
2.16004e+00 1.13722e+00
2.18004e+00 1.14072e+00
2.20004e+00 1.14418e+00
2.22004e+00 1.14757e+00
2.24004e+00 1.15092e+00
2.26004e+00 1.15422e+00
2.28004e+00 1.15747e+00
2.30004e+00 1.16067e+00
2.32004e+00 1.16383e+00
2.34004e+00 1.16694e+00
2.36004e+00 1.17001e+00
2.38004e+00 1.17303e+00
2.40004e+00 1.17601e+00
2.42004e+00 1.17895e+00
2.44004e+00 1.18184e+00
2.46004e+00 1.18470e+00
2.48004e+00 1.18752e+00
2.50004e+00 1.19029e+00
2.52004e+00 1.19303e+00
2.54004e+00 1.19574e+00
2.56004e+00 1.19840e+00
2.58004e+00 1.20103e+00
2.60004e+00 1.20363e+00
2.62004e+00 1.20619e+00
2.64004e+00 1.20871e+00
2.66004e+00 1.21121e+00
2.68004e+00 1.21367e+00
2.70004e+00 1.21610e+00
2.72004e+00 1.21849e+00
2.74004e+00 1.22086e+00
2.76004e+00 1.22319e+00
2.78004e+00 1.22550e+00
2.80004e+00 1.22778e+00
2.82004e+00 1.23002e+00
2.84004e+00 1.23224e+00
2.86004e+00 1.23444e+00
2.88004e+00 1.23660e+00
2.90004e+00 1.23874e+00
2.92004e+00 1.24085e+00
2.94004e+00 1.24294e+00
2.96004e+00 1.24500e+00
2.98004e+00 1.24704e+00
3.00004e+00 1.24905e+00
3.02004e+00 1.25104e+00
3.04004e+00 1.25300e+00
3.06004e+00 1.25494e+00
3.08004e+00 1.25686e+00
3.10004e+00 1.25876e+00
3.12004e+00 1.26063e+00
3.14004e+00 1.26248e+00
3.16004e+00 1.26432e+00
3.18004e+00 1.26613e+00
3.20004e+00 1.26791e+00
3.22004e+00 1.26968e+00
3.24004e+00 1.27143e+00
3.26004e+00 1.27316e+00
3.28004e+00 1.27487e+00
3.30004e+00 1.27656e+00
3.32004e+00 1.27824e+00
3.34004e+00 1.27989e+00
3.36004e+00 1.28153e+00
3.38004e+00 1.28315e+00
3.40004e+00 1.28475e+00
3.42004e+00 1.28633e+00
3.44004e+00 1.28790e+00
3.46004e+00 1.28945e+00
3.48004e+00 1.29098e+00
3.50004e+00 1.29250e+00
3.52004e+00 1.29400e+00
3.54004e+00 1.29549e+00
3.56004e+00 1.29696e+00
3.58004e+00 1.29841e+00
3.60004e+00 1.29985e+00
3.62004e+00 1.30128e+00
3.64004e+00 1.30269e+00
3.66004e+00 1.30408e+00
3.68004e+00 1.30547e+00
3.70004e+00 1.30684e+00
3.72004e+00 1.30819e+00
3.74004e+00 1.30953e+00
3.76004e+00 1.31086e+00
3.78004e+00 1.31217e+00
3.80004e+00 1.31347e+00
3.82004e+00 1.31476e+00
3.84004e+00 1.31604e+00
3.86004e+00 1.31730e+00
3.88004e+00 1.31856e+00
3.90004e+00 1.31980e+00
3.92004e+00 1.32102e+00
3.94004e+00 1.32224e+00
3.96004e+00 1.32344e+00
3.98004e+00 1.32464e+00
4.00004e+00 1.32582e+00
4.02004e+00 1.32699e+00
4.04004e+00 1.32815e+00
4.06004e+00 1.32930e+00
4.08004e+00 1.33044e+00
4.10004e+00 1.33157e+00
4.12004e+00 1.33268e+00
4.14004e+00 1.33379e+00
4.16004e+00 1.33489e+00
4.18004e+00 1.33598e+00
4.20004e+00 1.33706e+00
4.22004e+00 1.33812e+00
4.24004e+00 1.33918e+00
4.26004e+00 1.34023e+00
4.28004e+00 1.34127e+00
4.30003e+00 1.34230e+00
4.32003e+00 1.34332e+00
4.34003e+00 1.34434e+00
4.36003e+00 1.34534e+00
4.38003e+00 1.34633e+00
4.40003e+00 1.34732e+00
4.42003e+00 1.34830e+00
4.44003e+00 1.34927e+00
4.46003e+00 1.35023e+00
4.48003e+00 1.35118e+00
4.50003e+00 1.35213e+00
4.52003e+00 1.35307e+00
4.54003e+00 1.35400e+00
4.56003e+00 1.35492e+00
4.58003e+00 1.35583e+00
4.60003e+00 1.35674e+00
4.62003e+00 1.35764e+00
4.64003e+00 1.35853e+00
4.66003e+00 1.35941e+00
4.68003e+00 1.36029e+00
4.70003e+00 1.36116e+00
4.72003e+00 1.36202e+00
4.74003e+00 1.36288e+00
4.76003e+00 1.36373e+00
4.78003e+00 1.36457e+00
4.80003e+00 1.36540e+00
4.82003e+00 1.36623e+00
4.84003e+00 1.36705e+00
4.86003e+00 1.36787e+00
4.88003e+00 1.36868e+00
4.90003e+00 1.36948e+00
4.92003e+00 1.37028e+00
4.94003e+00 1.37107e+00
4.96003e+00 1.37185e+00
4.98003e+00 1.37263e+00
5.00003e+00 1.37340e+00
5.02003e+00 1.37417e+00
5.04003e+00 1.37493e+00
5.06003e+00 1.37568e+00
5.08003e+00 1.37643e+00
5.10003e+00 1.37718e+00
5.12003e+00 1.37791e+00
5.14003e+00 1.37865e+00
5.16003e+00 1.37937e+00
5.18003e+00 1.38009e+00
5.20003e+00 1.38081e+00
5.22003e+00 1.38152e+00
5.24003e+00 1.38223e+00
5.26003e+00 1.38293e+00
5.28003e+00 1.38362e+00
5.30003e+00 1.38431e+00
5.32003e+00 1.38500e+00
5.34003e+00 1.38568e+00
5.36003e+00 1.38635e+00
5.38003e+00 1.38702e+00
5.40003e+00 1.38769e+00
5.42003e+00 1.38835e+00
5.44003e+00 1.38900e+00
5.46003e+00 1.38965e+00
5.48003e+00 1.39030e+00
5.50003e+00 1.39094e+00
5.52003e+00 1.39158e+00
5.54003e+00 1.39222e+00
5.56003e+00 1.39284e+00
5.58003e+00 1.39347e+00
5.60003e+00 1.39409e+00
5.62003e+00 1.39470e+00
5.64003e+00 1.39532e+00
5.66003e+00 1.39592e+00
5.68003e+00 1.39653e+00
5.70003e+00 1.39713e+00
5.72003e+00 1.39772e+00
5.74003e+00 1.39831e+00
5.76003e+00 1.39890e+00
5.78003e+00 1.39948e+00
5.80003e+00 1.40006e+00
5.82003e+00 1.40064e+00
5.84003e+00 1.40121e+00
5.86003e+00 1.40178e+00
5.88003e+00 1.40234e+00
5.90003e+00 1.40290e+00
5.92003e+00 1.40346e+00
5.94003e+00 1.40401e+00
5.96003e+00 1.40456e+00
5.98003e+00 1.40511e+00
6.00003e+00 1.40565e+00
6.02003e+00 1.40619e+00
6.04003e+00 1.40672e+00
6.06003e+00 1.40725e+00
6.08003e+00 1.40778e+00
6.10003e+00 1.40831e+00
6.12003e+00 1.40883e+00
6.14003e+00 1.40935e+00
6.16003e+00 1.40986e+00
6.18003e+00 1.41038e+00
6.20003e+00 1.41088e+00
6.22003e+00 1.41139e+00
6.24003e+00 1.41189e+00
6.26003e+00 1.41239e+00
6.28003e+00 1.41289e+00
6.30003e+00 1.41338e+00
6.32003e+00 1.41387e+00
6.34003e+00 1.41436e+00
6.36003e+00 1.41484e+00
6.38003e+00 1.41532e+00
6.40003e+00 1.41580e+00
6.42003e+00 1.41628e+00
6.44003e+00 1.41675e+00
6.46003e+00 1.41722e+00
6.48003e+00 1.41768e+00
6.50003e+00 1.41815e+00
6.52003e+00 1.41861e+00
6.54003e+00 1.41907e+00
6.56003e+00 1.41952e+00
6.58003e+00 1.41998e+00
6.60003e+00 1.42043e+00
6.62003e+00 1.42087e+00
6.64003e+00 1.42132e+00
6.66003e+00 1.42176e+00
6.68003e+00 1.42220e+00
6.70003e+00 1.42264e+00
6.72003e+00 1.42307e+00
6.74003e+00 1.42350e+00
6.76003e+00 1.42393e+00
6.78003e+00 1.42436e+00
6.80003e+00 1.42478e+00
6.82003e+00 1.42521e+00
6.84003e+00 1.42563e+00
6.86003e+00 1.42604e+00
6.88003e+00 1.42646e+00
6.90003e+00 1.42687e+00
6.92003e+00 1.42728e+00
6.94003e+00 1.42769e+00
6.96003e+00 1.42810e+00
6.98003e+00 1.42850e+00
7.00003e+00 1.42890e+00
7.02003e+00 1.42930e+00
7.04003e+00 1.42970e+00
7.06003e+00 1.43009e+00
7.08003e+00 1.43048e+00
7.10003e+00 1.43087e+00
7.12003e+00 1.43126e+00
7.14003e+00 1.43165e+00
7.16003e+00 1.43203e+00
7.18003e+00 1.43241e+00
7.20003e+00 1.43279e+00
7.22003e+00 1.43317e+00
7.24003e+00 1.43354e+00
7.26003e+00 1.43392e+00
7.28003e+00 1.43429e+00
7.30003e+00 1.43466e+00
7.32003e+00 1.43503e+00
7.34003e+00 1.43539e+00
7.36003e+00 1.43575e+00
7.38003e+00 1.43612e+00
7.40003e+00 1.43648e+00
7.42003e+00 1.43683e+00
7.44003e+00 1.43719e+00
7.46003e+00 1.43754e+00
7.48003e+00 1.43790e+00
7.50003e+00 1.43825e+00
7.52003e+00 1.43859e+00
7.54003e+00 1.43894e+00
7.56003e+00 1.43929e+00
7.58003e+00 1.43963e+00
7.60003e+00 1.43997e+00
7.62003e+00 1.44031e+00
7.64003e+00 1.44065e+00
7.66003e+00 1.44098e+00
7.68003e+00 1.44132e+00
7.70003e+00 1.44165e+00
7.72003e+00 1.44198e+00
7.74003e+00 1.44231e+00
7.76003e+00 1.44264e+00
7.78003e+00 1.44296e+00
7.80003e+00 1.44329e+00
7.82003e+00 1.44361e+00
7.84003e+00 1.44393e+00
7.86003e+00 1.44425e+00
7.88003e+00 1.44457e+00
7.90003e+00 1.44488e+00
7.92003e+00 1.44520e+00
7.94003e+00 1.44551e+00
7.96003e+00 1.44582e+00
7.98003e+00 1.44613e+00
8.00003e+00 1.44644e+00
8.02003e+00 1.44675e+00
8.04003e+00 1.44705e+00
8.06003e+00 1.44736e+00
8.08003e+00 1.44766e+00
8.10003e+00 1.44796e+00
8.12003e+00 1.44826e+00
8.14003e+00 1.44856e+00
8.16004e+00 1.44886e+00
8.18004e+00 1.44915e+00
8.20004e+00 1.44944e+00
8.22004e+00 1.44974e+00
8.24004e+00 1.45003e+00
8.26004e+00 1.45032e+00
8.28004e+00 1.45061e+00
8.30004e+00 1.45089e+00
8.32004e+00 1.45118e+00
8.34004e+00 1.45146e+00
8.36004e+00 1.45175e+00
8.38004e+00 1.45203e+00
8.40004e+00 1.45231e+00
8.42004e+00 1.45259e+00
8.44004e+00 1.45286e+00
8.46004e+00 1.45314e+00
8.48004e+00 1.45341e+00
8.50004e+00 1.45369e+00
8.52004e+00 1.45396e+00
8.54004e+00 1.45423e+00
8.56004e+00 1.45450e+00
8.58004e+00 1.45477e+00
8.60005e+00 1.45504e+00
8.62005e+00 1.45530e+00
8.64005e+00 1.45557e+00
8.66005e+00 1.45583e+00
8.68005e+00 1.45610e+00
8.70005e+00 1.45636e+00
8.72005e+00 1.45662e+00
8.74005e+00 1.45688e+00
8.76005e+00 1.45713e+00
8.78005e+00 1.45739e+00
8.80005e+00 1.45765e+00
8.82005e+00 1.45790e+00
8.84005e+00 1.45815e+00
8.86005e+00 1.45841e+00
8.88005e+00 1.45866e+00
8.90005e+00 1.45891e+00
8.92005e+00 1.45916e+00
8.94005e+00 1.45940e+00
8.96005e+00 1.45965e+00
8.98005e+00 1.45990e+00
9.00005e+00 1.46014e+00
9.02005e+00 1.46038e+00
9.04006e+00 1.46063e+00
9.06006e+00 1.46087e+00
9.08006e+00 1.46111e+00
9.10006e+00 1.46135e+00
9.12006e+00 1.46158e+00
9.14006e+00 1.46182e+00
9.16006e+00 1.46206e+00
9.18006e+00 1.46229e+00
9.20006e+00 1.46253e+00
9.22006e+00 1.46276e+00
9.24006e+00 1.46299e+00
9.26006e+00 1.46322e+00
9.28006e+00 1.46345e+00
9.30006e+00 1.46368e+00
9.32006e+00 1.46391e+00
9.34006e+00 1.46414e+00
9.36006e+00 1.46436e+00
9.38006e+00 1.46459e+00
9.40006e+00 1.46481e+00
9.42006e+00 1.46504e+00
9.44006e+00 1.46526e+00
9.46006e+00 1.46548e+00
9.48007e+00 1.46570e+00
9.50007e+00 1.46592e+00
9.52007e+00 1.46614e+00
9.54007e+00 1.46636e+00
9.56007e+00 1.46657e+00
9.58007e+00 1.46679e+00
9.60007e+00 1.46700e+00
9.62007e+00 1.46722e+00
9.64007e+00 1.46743e+00
9.66007e+00 1.46764e+00
9.68007e+00 1.46786e+00
9.70007e+00 1.46807e+00
9.72007e+00 1.46828e+00
9.74007e+00 1.46849e+00
9.76007e+00 1.46869e+00
9.78007e+00 1.46890e+00
9.80007e+00 1.46911e+00
9.82007e+00 1.46931e+00
9.84007e+00 1.46952e+00
9.86007e+00 1.46972e+00
9.88007e+00 1.46993e+00
9.90007e+00 1.47013e+00
9.92008e+00 1.47033e+00
9.94008e+00 1.47053e+00
9.96008e+00 1.47073e+00
9.98008e+00 1.47093e+00
