-9.98 -1.4709291
-9.959999 -1.4707301
-9.939999 -1.47053
-9.919998 -1.4703293
-9.899998 -1.4701276
-9.879997 -1.4699252
-9.859997 -1.469722
-9.839996 -1.469518
-9.819996 -1.4693131
-9.799995 -1.4691074
-9.779995 -1.4689009
-9.7599945 -1.4686935
-9.739994 -1.4684854
-9.719994 -1.4682763
-9.699993 -1.4680665
-9.679993 -1.4678557
-9.659992 -1.467644
-9.639992 -1.4674315
-9.619991 -1.4672182
-9.599991 -1.4670038
-9.57999 -1.4667888
-9.55999 -1.4665728
-9.539989 -1.4663558
-9.519989 -1.4661381
-9.499989 -1.4659193
-9.479988 -1.4656997
-9.459988 -1.4654791
-9.439987 -1.4652574
-9.419987 -1.4650352
-9.399986 -1.4648118
-9.379986 -1.4645875
-9.359985 -1.4643621
-9.339985 -1.4641361
-9.319984 -1.4639089
-9.299984 -1.4636807
-9.2799835 -1.4634516
-9.259983 -1.4632215
-9.239983 -1.4629905
-9.219982 -1.4627585
-9.199982 -1.4625256
-9.179981 -1.4622915
-9.159981 -1.4620564
-9.13998 -1.4618204
-9.11998 -1.4615831
-9.099979 -1.4613452
-9.079979 -1.4611061
-9.0599785 -1.4608657
-9.039978 -1.4606245
-9.019978 -1.4603822
-8.999977 -1.4601388
-8.979977 -1.4598944
-8.959976 -1.4596488
-8.939976 -1.4594023
-8.919975 -1.4591546
-8.899975 -1.4589057
-8.879974 -1.4586558
-8.859974 -1.4584048
-8.839973 -1.4581528
-8.819973 -1.4578993
-8.799973 -1.4576449
-8.779972 -1.4573894
-8.759972 -1.4571328
-8.739971 -1.4568748
-8.719971 -1.4566159
-8.69997 -1.4563556
-8.67997 -1.4560943
-8.659969 -1.4558318
-8.639969 -1.4555678
-8.619968 -1.455303
-8.599968 -1.4550366
-8.5799675 -1.4547694
-8.559967 -1.4545004
-8.539967 -1.4542308
-8.519966 -1.4539595
-8.499966 -1.453687
-8.479965 -1.4534135
-8.459965 -1.4531384
-8.439964 -1.4528623
-8.419964 -1.4525847
-8.399963 -1.4523058
-8.379963 -1.4520257
-8.359962 -1.4517441
-8.339962 -1.4514613
-8.319962 -1.4511774
-8.299961 -1.4508917
-8.279961 -1.4506049
-8.25996 -1.4503167
-8.23996 -1.450027
-8.219959 -1.4497361
-8.199959 -1.4494436
-8.179958 -1.4491498
-8.159958 -1.4488547
-8.139957 -1.4485581
-8.119957 -1.4482601
-8.0999565 -1.4479604
-8.079956 -1.4476595
-8.059956 -1.4473569
-8.039955 -1.4470532
-8.019955 -1.4467475
-7.9999547 -1.4464407
-7.9799547 -1.4461322
-7.9599547 -1.4458222
-7.9399548 -1.4455106
-7.919955 -1.4451976
-7.899955 -1.4448829
-7.879955 -1.4445667
-7.859955 -1.4442489
-7.839955 -1.4439297
-7.819955 -1.4436088
-7.799955 -1.4432862
-7.779955 -1.4429617
-7.759955 -1.442636
-7.739955 -1.4423084
-7.719955 -1.4419792
-7.699955 -1.4416485
-7.679955 -1.4413159
-7.659955 -1.4409814
-7.639955 -1.4406455
-7.619955 -1.4403076
-7.599955 -1.4399681
-7.579955 -1.4396269
-7.559955 -1.4392838
-7.539955 -1.4389391
-7.519955 -1.4385924
-7.499955 -1.4382441
-7.479955 -1.4378939
-7.459955 -1.4375417
-7.439955 -1.4371877
-7.4199553 -1.4368317
-7.3999553 -1.4364741
-7.3799553 -1.4361143
-7.3599553 -1.4357529
-7.3399553 -1.4353895
-7.3199553 -1.435024
-7.2999554 -1.4346566
-7.2799554 -1.4342871
-7.2599554 -1.4339159
-7.2399554 -1.4335423
-7.2199554 -1.433167
-7.1999555 -1.4327893
-7.1799555 -1.43241
-7.1599555 -1.4320283
-7.1399555 -1.4316444
-7.1199555 -1.4312587
-7.0999556 -1.4308708
-7.0799556 -1.4304807
-7.0599556 -1.4300885
-7.0399556 -1.4296939
-7.0199556 -1.4292974
-6.9999557 -1.4288986
-6.9799557 -1.4284973
-6.9599557 -1.4280939
-6.9399557 -1.4276884
-6.9199557 -1.4272802
-6.8999557 -1.4268699
-6.879956 -1.4264574
-6.859956 -1.4260426
-6.839956 -1.4256251
-6.819956 -1.4252052
-6.799956 -1.4247832
-6.779956 -1.4243586
-6.759956 -1.4239314
-6.739956 -1.423502
-6.719956 -1.42307
-6.699956 -1.4226353
-6.679956 -1.4221983
-6.659956 -1.4217587
-6.639956 -1.4213164
-6.619956 -1.4208715
-6.599956 -1.420424
-6.579956 -1.4199739
-6.559956 -1.4195211
-6.539956 -1.4190652
-6.519956 -1.418607
-6.499956 -1.4181461
-6.479956 -1.4176822
-6.459956 -1.4172156
-6.439956 -1.4167461
-6.419956 -1.4162738
-6.399956 -1.4157987
-6.3799562 -1.4153204
-6.3599563 -1.4148393
-6.3399563 -1.4143553
-6.3199563 -1.4138682
-6.2999563 -1.4133782
-6.2799563 -1.4128852
-6.2599564 -1.4123893
-6.2399564 -1.41189
-6.2199564 -1.4113877
-6.1999564 -1.4108822
-6.1799564 -1.4103734
-6.1599565 -1.4098616
-6.1399565 -1.4093463
-6.1199565 -1.4088278
-6.0999565 -1.4083061
-6.0799565 -1.4077811
-6.0599566 -1.4072526
-6.0399566 -1.4067206
-6.0199566 -1.4061854
-5.9999566 -1.4056463
-5.9799566 -1.4051042
-5.9599566 -1.4045584
-5.9399567 -1.4040089
-5.9199567 -1.4034557
-5.8999567 -1.4028993
-5.8799567 -1.4023387
-5.8599567 -1.4017746
-5.8399568 -1.401207
-5.819957 -1.4006352
-5.799957 -1.4000599
-5.779957 -1.3994806
-5.759957 -1.3988974
-5.739957 -1.3983102
-5.719957 -1.3977189
-5.699957 -1.3971238
-5.679957 -1.3965247
-5.659957 -1.3959212
-5.639957 -1.3953137
-5.619957 -1.394702
-5.599957 -1.3940861
-5.579957 -1.3934658
-5.559957 -1.3928413
-5.539957 -1.3922124
-5.519957 -1.3915792
-5.499957 -1.3909414
-5.479957 -1.3902991
-5.459957 -1.3896523
-5.439957 -1.3890009
-5.419957 -1.388345
-5.399957 -1.3876841
-5.379957 -1.3870187
-5.359957 -1.3863482
-5.339957 -1.385673
-5.3199573 -1.3849928
-5.2999573 -1.3843079
-5.2799573 -1.3836179
-5.2599573 -1.3829229
-5.2399573 -1.3822227
-5.2199574 -1.3815172
-5.1999574 -1.3808064
-5.1799574 -1.3800907
-5.1599574 -1.3793693
-5.1399574 -1.3786426
-5.1199574 -1.3779104
-5.0999575 -1.3771727
-5.0799575 -1.3764293
-5.0599575 -1.3756804
-5.0399575 -1.3749259
-5.0199575 -1.3741655
-4.9999576 -1.373399
-4.9799576 -1.372627
-4.9599576 -1.3718486
-4.9399576 -1.3710644
-4.9199576 -1.3702741
-4.8999577 -1.3694775
-4.8799577 -1.3686748
-4.8599577 -1.3678656
-4.8399577 -1.3670497
-4.8199577 -1.3662279
-4.7999578 -1.3653991
-4.779958 -1.364564
-4.759958 -1.3637218
-4.739958 -1.3628731
-4.719958 -1.3620172
-4.699958 -1.3611546
-4.679958 -1.3602848
-4.659958 -1.3594081
-4.639958 -1.3585241
-4.619958 -1.3576326
-4.599958 -1.3567338
-4.579958 -1.3558273
-4.559958 -1.3549135
-4.539958 -1.353992
-4.519958 -1.3530626
-4.499958 -1.3521254
-4.479958 -1.3511803
-4.459958 -1.3502269
-4.439958 -1.3492653
-4.419958 -1.3482957
-4.399958 -1.3473177
-4.379958 -1.3463311
-4.359958 -1.3453357
-4.339958 -1.344332
-4.319958 -1.3433192
-4.299958 -1.3422976
-4.2799582 -1.3412669
-4.2599583 -1.3402269
-4.2399583 -1.3391778
-4.2199583 -1.338119
-4.1999583 -1.3370509
-4.1799583 -1.335973
-4.1599584 -1.3348854
-4.1399584 -1.3337879
-4.1199584 -1.3326802
-4.0999584 -1.3315625
-4.0799584 -1.3304341
-4.0599585 -1.3292956
-4.0399585 -1.3281462
-4.0199585 -1.3269863
-3.9999585 -1.3258152
-3.9799585 -1.3246331
-3.9599586 -1.3234398
-3.9399586 -1.3222351
-3.9199586 -1.3210189
-3.8999586 -1.3197908
-3.8799586 -1.3185513
-3.8599586 -1.3172994
-3.8399587 -1.3160355
-3.8199587 -1.3147588
-3.7999587 -1.3134699
-3.7799587 -1.3121681
-3.7599587 -1.3108535
-3.7399588 -1.3095255
-3.7199588 -1.3081844
-3.6999588 -1.3068297
-3.6799588 -1.3054612
-3.6599588 -1.304079
-3.6399589 -1.3026826
-3.6199589 -1.3012719
-3.599959 -1.2998464
-3.579959 -1.2984066
-3.559959 -1.2969513
-3.539959 -1.2954807
-3.519959 -1.2939951
-3.499959 -1.2924936
-3.479959 -1.290976
-3.459959 -1.2894425
-3.439959 -1.2878923
-3.419959 -1.2863255
-3.399959 -1.2847416
-3.379959 -1.2831407
-3.3599591 -1.2815218
-3.3399591 -1.2798855
-3.3199592 -1.2782311
-3.2999592 -1.2765582
-3.2799592 -1.2748666
-3.2599592 -1.2731562
-3.2399592 -1.2714264
-3.2199593 -1.2696772
-3.1999593 -1.2679079
-3.1799593 -1.2661183
-3.1599593 -1.264308
-3.1399593 -1.2624769
-3.1199594 -1.2606244
-3.0999594 -1.2587504
-3.0799594 -1.256854
-3.0599594 -1.2549357
-3.0399594 -1.2529943
-3.0199594 -1.2510297
-2.9999595 -1.2490416
-2.9799595 -1.2470295
-2.9599595 -1.244993
-2.9399595 -1.2429314
-2.9199595 -1.240845
-2.8999596 -1.2387326
-2.8799596 -1.236594
-2.8599596 -1.2344286
-2.8399596 -1.2322361
-2.8199596 -1.2300162
-2.7999597 -1.227768
-2.7799597 -1.225491
-2.7599597 -1.2231848
-2.7399597 -1.220849
-2.7199597 -1.218483
-2.6999598 -1.2160859
-2.6799598 -1.2136574
-2.6599598 -1.2111969
-2.6399598 -1.208704
-2.6199598 -1.2061777
-2.5999599 -1.2036173
-2.5799599 -1.2010229
-2.55996 -1.1983926
-2.53996 -1.1957266
-2.51996 -1.1930244
-2.49996 -1.1902845
-2.47996 -1.1875067
-2.45996 -1.18469
-2.43996 -1.1818337
-2.41996 -1.1789372
-2.39996 -1.1759996
-2.37996 -1.1730196
-2.35996 -1.169997
-2.33996 -1.1669304
-2.31996 -1.1638193
-2.2999601 -1.1606627
-2.2799602 -1.1574595
-2.2599602 -1.1542089
-2.2399602 -1.1509099
-2.2199602 -1.1475611
-2.1999602 -1.1441622
-2.1799603 -1.1407113
-2.1599603 -1.1372077
-2.1399603 -1.1336505
-2.1199603 -1.1300383
-2.0999603 -1.1263697
-2.0799603 -1.122644
-2.0599604 -1.1188593
-2.0399604 -1.115015
-2.0199604 -1.1111093
-1.9999604 -1.1071408
-1.9799604 -1.1031084
-1.9599605 -1.0990107
-1.9399605 -1.0948458
-1.9199605 -1.0906129
-1.8999605 -1.0863097
-1.8799605 -1.0819352
-1.8599606 -1.0774875
-1.8399606 -1.0729649
-1.8199606 -1.0683658
-1.7999606 -1.0636885
-1.7799606 -1.0589309
-1.7599607 -1.0540917
-1.7399607 -1.0491683
-1.7199607 -1.0441589
-1.6999607 -1.039062
-1.6799607 -1.0338755
-1.6599607 -1.0285964
-1.6399608 -1.0232234
-1.6199608 -1.0177538
-1.5999608 -1.012186
-1.5799608 -1.0065169
-1.5599608 -1.0007443
-1.5399609 -0.9948656
-1.5199609 -0.9888794
-1.4999609 -0.98278147
-1.4799609 -0.9765703
-1.4599609 -0.9702427
-1.439961 -0.96379596
-1.419961 -0.9572272
-1.399961 -0.9505337
-1.379961 -0.9437122
-1.359961 -0.93675965
-1.339961 -0.92967373
-1.3199611 -0.9224501
-1.2999611 -0.9150863
-1.2799611 -0.90757865
-1.2599611 -0.89992374
-1.2399611 -0.8921185
-1.2199612 -0.88415915
-1.1999612 -0.87604207
-1.1799612 -0.8677638
-1.1599612 -0.85932046
-1.1399612 -0.85070854
-1.1199613 -0.8419247
-1.0999613 -0.832964
-1.0799613 -0.8238228
-1.0599613 -0.814498
-1.0399613 -0.80498487
-1.0199614 -0.79527956
-0.9999614 -0.7853789
-0.9799614 -0.77527803
-0.9599614 -0.7649731
-0.93996143 -0.7544597
-0.91996145 -0.74373454
-0.8999615 -0.73279375
-0.8799615 -0.72163326
-0.8599615 -0.7102491
-0.8399615 -0.69863755
-0.81996155 -0.68679446
-0.79996157 -0.6747175
-0.7799616 -0.6624027
-0.7599616 -0.64984626
-0.7399616 -0.6370458
-0.71996164 -0.62399787
-0.69996166 -0.6107002
-0.6799617 -0.5971505
-0.6599617 -0.58334655
-0.6399617 -0.56928617
-0.61996174 -0.55496794
-0.59996176 -0.54039127
-0.5799618 -0.52555543
-0.5599618 -0.51045936
-0.5399618 -0.4951039
-0.51996183 -0.4794894
-0.49996182 -0.46361703
-0.4799618 -0.44748896
-0.4599618 -0.43110722
-0.4399618 -0.4144749
-0.41996178 -0.39759558
-0.39996177 -0.38047355
-0.37996176 -0.36311358
-0.35996175 -0.34552175
-0.33996174 -0.32770413
-0.31996173 -0.30966836
-0.29996172 -0.29142183
-0.2799617 -0.27297312
-0.2599617 -0.25433236
-0.2399617 -0.23550886
-0.2199617 -0.21651381
-0.1999617 -0.19735879
-0.17996171 -0.17805594
-0.15996172 -0.15861803
-0.13996172 -0.13905841
-0.11996172 -0.11939126
-0.09996173 -0.09963076
-0.07996173 -0.079791956
-0.059961732 -0.059890024
-0.039961733 -0.03994048
-0.019961733 -0.019959083
3.8266182E-5 3.8266182E-5
0.020038266 0.020035584
0.040038265 0.040016893
0.060038265 0.05996628
0.080038264 0.079868004
0.10003826 0.09970671
0.120038256 0.11946672
0.14003825 0.13913351
0.16003825 0.15869254
0.18003824 0.17812997
0.20003824 0.19743234
0.22003824 0.21658689
0.24003823 0.23558122
0.26003823 0.2544039
0.28003824 0.27304405
0.30003825 0.29149204
0.32003826 0.30973774
0.34003827 0.32777303
0.36003828 0.34558934
0.3800383 0.36318046
0.4000383 0.38053936
0.4200383 0.39766055
0.44003832 0.41453904
0.46003833 0.43117028
0.48003834 0.4475512
0.5000383 0.46367818
0.5200383 0.4795496
0.5400383 0.49516314
0.56003827 0.5105174
0.58003825 0.52561253
0.60003823 0.5404478
0.6200382 0.5550234
0.6400382 0.56934065
0.6600382 0.58339983
0.68003815 0.59720296
0.70003814 0.61075157
0.7200381 0.6240482
0.7400381 0.63709503
0.7600381 0.6498944
0.78003806 0.66245
0.80003804 0.6747641
0.820038 0.68684024
0.840038 0.69868225
0.860038 0.710293
0.88003796 0.7216765
0.90003794 0.73283607
0.9200379 0.743776
0.9400379 0.7545003
0.9600379 0.7650127
0.98003787 0.77531713
1.0000379 0.78541714
1.0200379 0.79531723
1.0400379 0.80502135
1.0600379 0.81453377
1.0800378 0.8238582
1.1000378 0.83299845
1.1200378 0.8419587
1.1400378 0.8507423
1.1600378 0.85935324
1.1800377 0.8677959
1.2000377 0.87607354
1.2200377 0.88419014
1.2400377 0.8921487
1.2600377 0.8999533
1.2800376 0.9076075
1.3000376 0.9151147
1.3200376 0.922478
1.3400376 0.9297009
1.3600376 0.9367865
1.3800375 0.9437385
1.4000375 0.95055956
1.4200375 0.9572527
1.4400375 0.9638209
1.4600375 0.9702671
1.4800375 0.97659427
1.5000374 0.98280495
1.5200374 0.9889026
1.5400374 0.9948885
1.5600374 1.0007665
1.5800374 1.0065389
1.6000373 1.0122075
1.6200373 1.0177748
1.6400373 1.0232441
1.6600373 1.0286167
1.6800373 1.0338955
1.7000372 1.0390818
1.7200372 1.0441785
1.7400372 1.0491872
1.7600372 1.0541103
1.7800372 1.0589492
1.8000371 1.0637066
1.8200371 1.0683835
1.8400371 1.0729825
1.8600371 1.0775046
1.8800371 1.0819519
1.900037 1.0863264
1.920037 1.0906291
1.940037 1.094862
1.960037 1.0990267
1.980037 1.1031244
2.000037 1.1071563
2.020037 1.1111243
2.040037 1.1150296
2.060037 1.1188738
2.0800369 1.1226583
2.1000369 1.1263838
2.1200368 1.1300523
2.1400368 1.1336641
2.1600368 1.1372213
2.1800368 1.1407244
2.2000368 1.1441753
2.2200367 1.147574
2.2400367 1.1509225
2.2600367 1.1542213
2.2800367 1.1574719
2.3000367 1.1606748
2.3200366 1.1638312
2.3400366 1.1669421
2.3600366 1.1700087
2.3800366 1.1730311
2.4000366 1.1760108
2.4200366 1.1789482
2.4400365 1.1818447
2.4600365 1.184701
2.4800365 1.1875174
2.5000365 1.190295
2.5200365 1.1930346
2.5400364 1.1957369
2.5600364 1.1984026
2.5800364 1.2010326
2.6000364 1.2036271
2.6200364 1.2061872
2.6400363 1.2087135
2.6600363 1.2112064
2.6800363 1.2136667
2.7000363 1.216095
2.7200363 1.218492
2.7400362 1.2208581
2.7600362 1.2231936
2.7800362 1.2254999
2.8000362 1.2277765
2.8200362 1.2300246
2.8400362 1.2322447
2.8600361 1.2344372
2.880036 1.2366023
2.900036 1.2387407
2.920036 1.2408531
2.940036 1.2429395
2.960036 1.2450011
2.980036 1.2470374
3.000036 1.2490494
3.020036 1.2510374
3.040036 1.2530017
3.060036 1.2549429
3.080036 1.2568614
3.100036 1.2587576
3.120036 1.2606316
3.1400359 1.2624838
3.1600358 1.2643149
3.1800358 1.2661252
3.2000358 1.2679148
3.2200358 1.2696841
3.2400358 1.2714331
3.2600358 1.2731628
3.2800357 1.274873
3.3000357 1.2765646
3.3200357 1.2782376
3.3400357 1.279892
3.3600357 1.281528
3.3800356 1.2831469
3.4000356 1.2847478
3.4200356 1.2863314
3.4400356 1.2878983
3.4600356 1.2894483
3.4800355 1.290982
3.5000355 1.2924993
3.5200355 1.2940006
3.5400355 1.2954865
3.5600355 1.296957
3.5800354 1.2984123
3.6000354 1.2998521
3.6200354 1.3012774
3.6400354 1.3026881
3.6600354 1.3040843
3.6800354 1.3054667
3.7000353 1.3068349
3.7200353 1.3081894
3.7400353 1.3095307
3.7600353 1.3108582
3.7800353 1.3121731
3.8000352 1.3134749
3.8200352 1.3147638
3.8400352 1.3160403
3.8600352 1.3173041
3.8800352 1.3185561
3.9000351 1.3197958
3.9200351 1.3210237
3.940035 1.3222399
3.960035 1.3234446
3.980035 1.3246377
4.0000353 1.3258197
4.0200353 1.3269906
4.0400352 1.3281507
4.060035 1.3292999
4.080035 1.3304386
4.100035 1.3315668
4.120035 1.3326845
4.140035 1.3337922
4.160035 1.3348897
4.180035 1.3359771
4.200035 1.337055
4.220035 1.3381231
4.240035 1.3391817
4.260035 1.340231
4.280035 1.3412709
4.300035 1.3423014
4.320035 1.3433232
4.340035 1.3443358
4.360035 1.3453398
4.380035 1.3463349
4.400035 1.3473215
4.420035 1.3482995
4.440035 1.3492692
4.460035 1.3502307
4.480035 1.3511839
4.500035 1.352129
4.520035 1.3530662
4.540035 1.3539956
4.5600348 1.354917
4.5800347 1.3558309
4.6000347 1.3567371
4.6200347 1.357636
4.6400347 1.3585274
4.6600347 1.3594115
4.6800346 1.3602884
4.7000346 1.3611579
4.7200346 1.3620207
4.7400346 1.3628762
4.7600346 1.3637252
4.7800345 1.364567
4.8000345 1.3654025
4.8200345 1.366231
4.8400345 1.367053
4.8600345 1.3678687
4.8800344 1.3686779
4.9000344 1.3694804
4.9200344 1.3702772
4.9400344 1.3710675
4.9600344 1.3718517
4.9800344 1.3726299
5.0000343 1.3734021
5.0200343 1.3741684
5.0400343 1.374929
5.0600343 1.3756835
5.0800343 1.3764324
5.100034 1.3771756
5.120034 1.3779132
5.140034 1.3786454
5.160034 1.3793721
5.180034 1.3800933
5.200034 1.3808093
5.220034 1.3815198
5.240034 1.3822253
5.260034 1.3829255
5.280034 1.3836205
5.300034 1.3843105
5.320034 1.3849957
5.340034 1.3856757
5.360034 1.3863506
5.380034 1.3870211
5.400034 1.3876865
5.420034 1.3883474
5.440034 1.3890033
5.460034 1.3896549
5.480034 1.3903017
5.500034 1.390944
5.520034 1.3915815
5.540034 1.3922148
5.560034 1.3928437
5.580034 1.3934684
5.6000338 1.3940885
5.6200337 1.3947043
5.6400337 1.3953161
5.6600337 1.3959236
5.6800337 1.3965268
5.7000337 1.3971262
5.7200336 1.3977213
5.7400336 1.3983123
5.7600336 1.3988996
5.7800336 1.3994827
5.8000336 1.4000621
5.8200336 1.4006376
5.8400335 1.4012091
5.8600335 1.401777
5.8800335 1.4023411
5.9000335 1.4029014
5.9200335 1.4034579
5.9400334 1.404011
5.9600334 1.4045606
5.9800334 1.4051063
6.0000334 1.4056485
6.0200334 1.4061875
6.0400333 1.4067228
6.0600333 1.4072547
6.0800333 1.407783
6.1000333 1.408308
6.1200333 1.4088299
6.1400332 1.4093482
6.160033 1.4098635
6.180033 1.4103754
6.200033 1.4108841
6.220033 1.4113896
6.240033 1.4118919
6.260033 1.4123912
6.280033 1.4128871
6.300033 1.4133804
6.320033 1.4138703
6.340033 1.4143572
6.360033 1.4148412
6.380033 1.4153223
6.400033 1.4158006
6.420033 1.4162755
6.440033 1.4167478
6.460033 1.4172173
6.480033 1.4176841
6.500033 1.4181478
6.520033 1.4186089
6.540033 1.4190671
6.560033 1.4195228
6.580033 1.4199755
6.600033 1.4204257
6.620033 1.4208732
6.640033 1.421318
6.6600327 1.4217603
6.6800327 1.4222
6.7000327 1.422637
6.7200327 1.4230716
6.7400327 1.4235036
6.7600327 1.4239333
6.7800326 1.42436
6.8000326 1.4247847
6.8200326 1.4252069
6.8400326 1.4256268
6.8600326 1.426044
6.8800325 1.4264588
6.9000325 1.4268715
6.9200325 1.4272819
6.9400325 1.4276898
6.9600325 1.4280953
6.9800324 1.4284987
7.0000324 1.4289
7.0200324 1.4292989
7.0400324 1.4296954
7.0600324 1.43009
7.0800323 1.4304821
7.1000323 1.4308724
7.1200323 1.4312601
7.1400323 1.4316461
7.1600323 1.4320297
7.1800323 1.4324114
7.200032 1.432791
7.220032 1.4331684
7.240032 1.4335439
7.260032 1.4339173
7.280032 1.4342885
7.300032 1.4346578
7.320032 1.4350252
7.340032 1.4353907
7.360032 1.4357543
7.380032 1.4361157
7.400032 1.4364755
7.420032 1.4368331
7.440032 1.4371891
7.460032 1.4375429
7.480032 1.437895
7.500032 1.4382455
7.520032 1.4385939
7.540032 1.4389405
7.560032 1.4392853
7.580032 1.4396281
7.600032 1.4399695
7.620032 1.440309
7.640032 1.4406466
7.660032 1.4409828
7.680032 1.4413171
7.7000318 1.4416497
7.7200317 1.4419806
7.7400317 1.4423096
7.7600317 1.4426372
7.7800317 1.4429631
7.8000317 1.4432874
7.8200316 1.44361
7.8400316 1.4439309
7.8600316 1.4442503
7.8800316 1.4445682
7.9000316 1.4448843
7.9200315 1.4451988
7.9400315 1.4455118
7.9600315 1.4458234
7.9800315 1.4461334
8.000031 1.4464419
8.020032 1.4467487
8.040032 1.4470541
8.060033 1.4473581
8.080033 1.4476607
8.100034 1.4479616
8.120034 1.4482613
8.140035 1.4485593
8.160035 1.4488559
8.180036 1.449151
8.200036 1.4494448
8.2200365 1.4497371
8.240037 1.4500282
8.260037 1.4503179
8.280038 1.4506059
8.300038 1.4508929
8.320039 1.4511783
8.340039 1.4514625
8.36004 1.4517453
8.38004 1.4520268
8.400041 1.452307
8.420041 1.4525857
8.440042 1.4528632
8.460042 1.4531395
8.480042 1.4534144
8.500043 1.4536881
8.520043 1.4539607
8.540044 1.4542317
8.560044 1.4545016
8.580045 1.4547703
8.600045 1.4550376
8.620046 1.4553039
8.640046 1.4555688
8.660047 1.4558327
8.680047 1.4560952
8.7000475 1.4563565
8.720048 1.4566169
8.740048 1.4568758
8.760049 1.4571338
8.780049 1.4573905
8.80005 1.4576459
8.82005 1.4579003
8.840051 1.4581537
8.860051 1.4584057
8.880052 1.4586568
8.900052 1.4589067
8.920053 1.4591556
8.940053 1.459403
8.960053 1.4596498
8.980054 1.4598954
9.000054 1.4601398
9.020055 1.4603832
9.040055 1.4606254
9.060056 1.4608667
9.080056 1.4611068
9.100057 1.4613459
9.120057 1.4615841
9.140058 1.4618213
9.160058 1.4620574
9.1800585 1.4622924
9.200059 1.4625263
9.220059 1.4627595
9.24006 1.4629915
9.26006 1.4632225
9.280061 1.4634526
9.300061 1.4636817
9.320062 1.4639099
9.340062 1.4641368
9.360063 1.4643631
9.380063 1.4645884
9.4000635 1.4648128
9.420064 1.4650359
9.440064 1.4652584
9.460065 1.4654799
9.480065 1.4657004
9.500066 1.4659202
9.520066 1.4661388
9.540067 1.4663568
9.560067 1.4665737
9.580068 1.4667897
9.600068 1.4670048
9.620069 1.4672189
9.640069 1.4674323
9.660069 1.4676449
9.68007 1.4678564
9.70007 1.4680672
9.720071 1.468277
9.740071 1.4684861
9.760072 1.4686942
9.780072 1.4689016
9.800073 1.4691081
9.820073 1.4693139
9.840074 1.4695187
9.860074 1.4697227
9.8800745 1.4699261
9.900075 1.4701285
9.920075 1.47033
9.940076 1.4705307
9.960076 1.4707308
9.980077 1.4709301
10.000077 1.4711285
10.020078 1.4713261
