-9.98 -1.4709292570576087
-9.959999 -1.4707300508737189
-9.939999 -1.470530051053188
-9.919998 -1.470329252859878
-9.899998 -1.4701276515200201
-9.879997 -1.4699252422218432
-9.859997 -1.4697220201151941
-9.839996 -1.4695179803111575
-9.819996 -1.469313117881668
-9.799995 -1.4691074278591194
-9.779995 -1.4689009052359683
-9.7599945 -1.4686935449643341
-9.739994 -1.468485341955593
-9.719994 -1.4682762910799676
-9.699993 -1.4680663871661115
-9.679993 -1.4678556250006896
-9.659992 -1.4676439993279513
-9.639992 -1.4674315048493012
-9.619991 -1.4672181362228622
-9.599991 -1.4670038880630354
-9.57999 -1.4667887549400525
-9.55999 -1.466572731379524
-9.539989 -1.4663558118619822
-9.519989 -1.4661379908224172
-9.499989 -1.4659192626498088
-9.479988 -1.465699621686651
-9.459988 -1.465479062228472
-9.439987 -1.465257578523348
-9.419987 -1.4650351647714093
-9.399986 -1.4648118151243432
-9.379986 -1.4645875236848889
-9.359985 -1.4643622845063247
-9.339985 -1.4641360915919528
-9.319984 -1.4639089388945736
-9.299984 -1.4636808203159555
-9.2799835 -1.4634517297062979
-9.259983 -1.4632216608636868
-9.239983 -1.4629906075335437
-9.219982 -1.4627585634080682
-9.199982 -1.4625255221256726
-9.179981 -1.4622914772704094
-9.159981 -1.462056422371393
-9.13998 -1.4618203509022107
-9.11998 -1.461583256280331
-9.099979 -1.4613451318664994
-9.079979 -1.4611059709641292
-9.0599785 -1.4608657668186846
-9.039978 -1.460624512617055
-9.019978 -1.46038220148692
-8.999977 -1.4601388264961097
-8.979977 -1.4598943806519524
-8.959976 -1.4596488569006176
-8.939976 -1.459402248126448
-8.919975 -1.4591545471512835
-8.899975 -1.4589057467337767
-8.879974 -1.4586558395686988
-8.859974 -1.4584048182862375
-8.839973 -1.4581526754512832
-8.819973 -1.4578994035627095
-8.799973 -1.4576449950526407
-8.779972 -1.4573894422857114
-8.759972 -1.4571327375583156
-8.739971 -1.456874873097847
-8.719971 -1.4566158410619265
-8.69997 -1.4563556335376235
-8.67997 -1.4560942425406618
-8.659969 -1.4558316600146193
-8.639969 -1.4555678778301138
-8.619968 -1.4553028877839802
-8.599968 -1.4550366815984344
-8.5799675 -1.4547692509202275
-8.559967 -1.4545005873197872
-8.539967 -1.454230682290349
-8.519966 -1.4539595272470753
-8.499966 -1.4536871135261598
-8.479965 -1.4534134323839238
-8.459965 -1.4531384749958975
-8.439964 -1.4528622324558893
-8.419964 -1.452584695775041
-8.399963 -1.4523058558808732
-8.379963 -1.4520257036163142
-8.359962 -1.4517442297387164
-8.339962 -1.45146142491886
-8.319962 -1.4511772797399418
-8.299961 -1.4508917846965503
-8.279961 -1.4506049301936255
-8.25996 -1.4503167065454057
-8.23996 -1.450027103974359
-8.219959 -1.4497361126100983
-8.199959 -1.4494437224882826
-8.179958 -1.4491499235495025
-8.159958 -1.4488547056381493
-8.139957 -1.4485580585012683
-8.119957 -1.4482599717873956
-8.0999565 -1.4479604350453787
-8.079956 -1.4476594377231802
-8.059956 -1.4473569691666628
-8.039955 -1.4470530186183597
-8.019955 -1.4467475752162244
-7.9999547 -1.446440635328403
-7.9799547 -1.4461321806163314
-7.9599547 -1.4458221998973533
-7.9399548 -1.445510681879064
-7.919955 -1.4451976151579675
-7.899955 -1.4448829882181162
-7.879955 -1.444566789429728
-7.859955 -1.4442490070477843
-7.839955 -1.443929629210607
-7.819955 -1.4436086439384153
-7.799955 -1.4432860391318605
-7.779955 -1.4429618025705382
-7.759955 -1.4426359219114806
-7.739955 -1.4423083846876235
-7.719955 -1.4419791783062534
-7.699955 -1.4416482900474286
-7.679955 -1.4413157070623788
-7.659955 -1.440981416371879
-7.639955 -1.4406454048645996
-7.619955 -1.4403076592954314
-7.599955 -1.4399681662837862
-7.579955 -1.439626912311869
-7.559955 -1.4392838837229271
-7.539955 -1.4389390667194697
-7.519955 -1.4385924473614624
-7.499955 -1.438244011564492
-7.479955 -1.4378937450979057
-7.459955 -1.4375416335829176
-7.439955 -1.4371876624906914
-7.4199553 -1.4368318171403873
-7.3999553 -1.436474082697184
-7.3799553 -1.436114444170266
-7.3599553 -1.4357528864107818
-7.3399553 -1.4353893941097688
-7.3199553 -1.435023951796047
-7.2999554 -1.4346565438340775
-7.2799554 -1.4342871544217894
-7.2599554 -1.4339157675883718
-7.2399554 -1.4335423671920289
-7.2199554 -1.4331669369177027
-7.1999555 -1.432789460274757
-7.1799555 -1.4324099205946248
-7.1599555 -1.4320283010284192
-7.1399555 -1.4316445845445043
-7.1199555 -1.4312587539260284
-7.0999556 -1.4308707917684174
-7.0799556 -1.4304806804768257
-7.0599556 -1.4300884022635487
-7.0399556 -1.429693939145391
-7.0199556 -1.4292972729409927
-6.9999557 -1.428898385268112
-6.9799557 -1.4284972575408628
-6.9599557 -1.4280938709669075
-6.9399557 -1.427688206544603
-6.9199557 -1.4272802450601005
-6.8999557 -1.4268699670843963
-6.879956 -1.426457352970334
-6.859956 -1.4260423828495576
-6.839956 -1.425625036629412
-6.819956 -1.4252052939897941
-6.799956 -1.4247831343799484
-6.779956 -1.4243585370152112
-6.759956 -1.4239314808736983
-6.739956 -1.4235019446929371
-6.719956 -1.4230699069664419
-6.699956 -1.4226353459402314
-6.679956 -1.4221982396092854
-6.659956 -1.4217585657139424
-6.639956 -1.4213163017362351
-6.619956 -1.420871424896163
-6.599956 -1.4204239121478996
-6.579956 -1.4199737401759367
-6.559956 -1.4195208853911596
-6.539956 -1.4190653239268547
-6.519956 -1.418607031634649
-6.499956 -1.4181459840803763
-6.479956 -1.4176821565398732
-6.459956 -1.4172155239947004
-6.439956 -1.4167460611277882
-6.419956 -1.4162737423190068
-6.399956 -1.4157985416406558
-6.3799562 -1.415320432852876
-6.3599563 -1.414839389398978
-6.3399563 -1.4143553844006886
-6.3199563 -1.413868390653311
-6.2999563 -1.4133783806207985
-6.2799563 -1.4128853264307404
-6.2599564 -1.4123891998692564
-6.2399564 -1.411889972375799
-6.2199564 -1.4113876150378617
-6.1999564 -1.4108820985855905
-6.1799564 -1.410373393386298
-6.1599565 -1.4098614694388758
-6.1399565 -1.409346296368105
-6.1199565 -1.4088278434188626
-6.0999565 -1.4083060794502202
-6.0799565 -1.4077809729294333
-6.0599566 -1.4072524919258196
-6.0399566 -1.406720604104523
-6.0199566 -1.4061852767201624
-5.9999566 -1.4056464766103582
-5.9799566 -1.4051041701891418
-5.9599566 -1.404558323440238
-5.9399567 -1.4040089019102202
-5.9199567 -1.403455870701539
-5.8999567 -1.402899194465415
-5.8799567 -1.4023388373945975
-5.8599567 -1.401774763215986
-5.8399568 -1.4012069351831087
-5.819957 -1.4006353160684561
-5.799957 -1.4000598681556695
-5.779957 -1.3994805532315748
-5.759957 -1.398897332578065
-5.739957 -1.3983101669638232
-5.719957 -1.397719016635884
-5.699957 -1.3971238413110307
-5.679957 -1.396524600167024
-5.659957 -1.3959212518336552
-5.639957 -1.3953137543836274
-5.619957 -1.3947020653232518
-5.599957 -1.3940861415829624
-5.579957 -1.3934659395076396
-5.559957 -1.392841414846742
-5.539957 -1.392212522744239
-5.519957 -1.3915792177283424
-5.499957 -1.39094145370103
-5.479957 -1.3902991839273584
-5.459957 -1.3896523610245572
-5.439957 -1.389000936950903
-5.419957 -1.3883448629943662
-5.399957 -1.3876840897610232
-5.379957 -1.3870185671632347
-5.359957 -1.3863482444075752
-5.339957 -1.3856730699825186
-5.3199573 -1.384992991645864
-5.2999573 -1.384307956411903
-5.2799573 -1.383617910538317
-5.2599573 -1.382922799512804
-5.2399573 -1.3822225680394191
-5.2199574 -1.3815171600246332
-5.1999574 -1.380806518563094
-5.1799574 -1.3800905859230856
-5.1599574 -1.3793693035316799
-5.1399574 -1.3786426119595707
-5.1199574 -1.3779104509055846
-5.0999575 -1.3771727591808576
-5.0799575 -1.3764294746926726
-5.0599575 -1.375680534427949
-5.0399575 -1.3749258744363704
-5.0199575 -1.374165429813151
-4.9999576 -1.3733991346814223
-4.9799576 -1.372626922174237
-4.9599576 -1.3718487244161766
-4.9399576 -1.3710644725045544
-4.9199576 -1.3702740964902045
-4.8999577 -1.3694775253578437
-4.8799577 -1.368674687005998
-4.8599577 -1.367865508226481
-4.8399577 -1.3670499146834134
-4.8199577 -1.3662278308917717
-4.7999578 -1.3653991801954537
-4.779958 -1.364563884744849
-4.759958 -1.3637218654739
-4.739958 -1.3628730420766435
-4.719958 -1.3620173329832144
-4.699958 -1.3611546553353024
-4.679958 -1.3602849249610443
-4.659958 -1.3594080563493376
-4.639958 -1.3585239626235612
-4.619958 -1.3576325555146858
-4.599958 -1.356733745333759
-4.579958 -1.3558274409437487
-4.559958 -1.354913549730726
-4.539958 -1.3539919775743716
-4.519958 -1.353062628817786
-4.499958 -1.3521254062365877
-4.479958 -1.3511802110072748
-4.459958 -1.3502269426748357
-4.439958 -1.349265499119585
-4.419958 -1.3482957765232038
-4.399958 -1.3473176693339646
-4.379958 -1.3463310702311153
-4.359958 -1.3453358700884024
-4.339958 -1.3443319579367063
-4.319958 -1.343319220925767
-4.299958 -1.3422975442849732
-4.2799582 -1.3412668112831891
-4.2599583 -1.3402269031875929
-4.2399583 -1.3391776992214952
-4.2199583 -1.3381190765211164
-4.1999583 -1.337050910091286
-4.1799583 -1.3359730727600356
-4.1599584 -1.3348854351320583
-4.1399584 -1.3337878655409947
-4.1199584 -1.3326802300005196
-4.0999584 -1.331562392154189
-4.0799584 -1.330434213224015
-4.0599585 -1.3292955519577319
-4.0399585 -1.328146264574714
-4.0199585 -1.3269862047105065
-3.9999585 -1.325815223359932
-3.9799585 -1.3246331688187254
-3.9599586 -1.323439886623659
-3.9399586 -1.3222352194911131
-3.9199586 -1.3210190072540429
-3.8999586 -1.3197910867972975
-3.8799586 -1.3185512919912425
-3.8599586 -1.317299453623634
-3.8399587 -1.3160353993296916
-3.8199587 -1.31475895352032
-3.7999587 -1.3134699373084207
-3.7799587 -1.3121681684332371
-3.7599587 -1.3108534611826752
-3.7399588 -1.3095256263135369
-3.7199588 -1.3081844709696044
-3.6999588 -1.3068297985975117
-3.6799588 -1.3054614088603298
-3.6599588 -1.304079097548805
-3.6399589 -1.3026826564901726
-3.6199589 -1.3012718734544713
-3.599959 -1.2998465320582866
-3.579959 -1.2984064116658387
-3.559959 -1.296951287287336
-3.539959 -1.2954809294745104
-3.519959 -1.2939951042132432
-3.499959 -1.292493572813195
-3.479959 -1.2909760917943465
-3.459959 -1.2894424127703505
-3.439959 -1.2878922823285976
-3.419959 -1.2863254419068955
-3.399959 -1.2847416276666477
-3.379959 -1.283140570362432
-3.3599591 -1.281521995207856
-3.3399591 -1.2798856217375791
-3.3199592 -1.278231163665375
-3.2999592 -1.2765583287381117
-3.2799592 -1.2748668185855214
-3.2599592 -1.2731563285656209
-3.2399592 -1.2714265476056508
-3.2199593 -1.2696771580383872
-3.1999593 -1.2679078354336777
-3.1799593 -1.2661182484250526
-3.1599593 -1.2643080585312516
-3.1399593 -1.262476919972503
-3.1199594 -1.26062447948139
-3.0999594 -1.258750376108129
-3.0799594 -1.256854241020081
-3.0599594 -1.2549356972953123
-3.0399594 -1.2529943597100117
-3.0199594 -1.251029834519572
-2.9999595 -1.249041719233126
-2.9799595 -1.2470296023813325
-2.9599595 -1.2449930632771966
-2.9399595 -1.2429316717696957
-2.9199595 -1.240844987989987
-2.8999596 -1.2387325620899583
-2.8799596 -1.2365939339728753
-2.8599596 -1.234428633015876
-2.8399596 -1.232236177784054
-2.8199596 -1.2300160757358598
-2.7999597 -1.2277678229195508
-2.7799597 -1.225490903660403
-2.7599597 -1.2231847902383968
-2.7399597 -1.2208489425560765
-2.7199597 -1.218482807796276
-2.6999598 -1.2160858200693998
-2.6799598 -1.2136574000499314
-2.6599598 -1.2111969546018384
-2.6399598 -1.2087038763925375
-2.6199598 -1.2061775434950672
-2.5999599 -1.2036173189781167
-2.5799599 -1.2010225504835434
-2.55996 -1.198392569791008
-2.53996 -1.1957266923693508
-2.51996 -1.1930242169143184
-2.49996 -1.190284424872253
-2.47996 -1.1875065799493394
-2.45996 -1.1846899276060068
-2.43996 -1.181833694536076
-2.41996 -1.1789370881302357
-2.39996 -1.175999295923427
-2.37996 -1.1730194850257176
-2.35996 -1.1699968015362432
-2.33996 -1.166930369939787
-2.31996 -1.163819292485584
-2.2999601 -1.16066264854792
-2.2799602 -1.1574594939681204
-2.2599602 -1.1542088603775134
-2.2399602 -1.1509097545009692
-2.2199602 -1.1475611574406317
-2.1999602 -1.1441620239394628
-2.1799603 -1.1407112816242488
-2.1599603 -1.1372078302277326
-2.1399603 -1.1336505407895618
-2.1199603 -1.130038254835775
-2.0999603 -1.126369783536584
-2.0799603 -1.1226439068422431
-2.0599604 -1.1188593725968534
-2.0399604 -1.1150148956299974
-2.0199604 -1.1111091568261582
-1.9999604 -1.1071408021719522
-1.9799604 -1.1031084417812804
-1.9599605 -1.099010648898587
-1.9399605 -1.094845958880521
-1.9199605 -1.0906128681564042
-1.8999605 -1.0863098331680296
-1.8799605 -1.0819352692894615
-1.8599606 -1.0774875497276588
-1.8399606 -1.072965004404917
-1.8199606 -1.0683659188243162
-1.7999606 -1.063688532919575
-1.7799606 -1.0589310398909497
-1.7599607 -1.054091585029072
-1.7399607 -1.0491682645289127
-1.7199607 -1.0441591242963724
-1.6999607 -1.0390621587503532
-1.6799607 -1.0338753096235436
-1.6599607 -1.0285964647655776
-1.6399608 -1.0232234569526866
-1.6199608 -1.01775406270847
-1.5999608 -1.0121860011409693
-1.5799608 -1.0065169328018233
-1.5599608 -1.000744458573958
-1.5399609 -0.9948661185949692
-1.5199609 -0.9888793912241433
-1.4999609 -0.9827816920619101
-1.4799609 -0.9765703730314389
-1.4599609 -0.9702427215330818
-1.439961 -0.9637959596834477
-1.419961 -0.9572272436520429
-1.399961 -0.9505336631096635
-1.379961 -0.9437122408040589
-1.359961 -0.9367599322798221
-1.339961 -0.9296736257609866
-1.3199611 -0.9224501422164435
-1.2999611 -0.9150862356300206
-1.2799611 -0.9075785934988962
-1.2599611 -0.8999238375859531
-1.2399611 -0.8921185249537029
-1.2199612 -0.8841591493095355
-1.1999612 -0.8760421426942491
-1.1799612 -0.8677638775480945
-1.1599612 -0.8593206691909125
-1.1399612 -0.850708778755322
-1.1199613 -0.841924416614322
-1.0999613 -0.8329637463470778
-1.0799613 -0.8238228892890171
-1.0599613 -0.8144979297146555
-1.0399613 -0.8049849207037325
-1.0199614 -0.7952798907432292
-0.9999614 -0.7853788511195866
-0.9799614 -0.7752778041568783
-0.9599614 -0.764972752357737
-0.93996143 -0.7544597085043813
-0.91996145 -0.7437347067770563
-0.8999615 -0.7327938149464454
-0.8799615 -0.7216331476950291
-0.8599615 -0.7102488811198069
-0.8399615 -0.6986372684651069
-0.81996155 -0.6867946571292469
-0.79996157 -0.6747175069823973
-0.7799616 -0.6624024100249652
-0.7599616 -0.6498461114060161
-0.7399616 -0.6370455318094869
-0.71996164 -0.6239977912020933
-0.69996166 -0.610700233920736
-0.6799617 -0.5971504550587687
-0.6599617 -0.5833463280896212
-0.6399617 -0.5692860336429465
-0.61996174 -0.5549680893226986
-0.59996176 -0.5403913804284526
-0.5799618 -0.5255551914110189
-0.5599618 -0.5104592378612498
-0.5399618 -0.49510369879726734
-0.51996183 -0.4794892489806511
-0.49996182 -0.4636170671144364
-0.4799618 -0.44748893803695455
-0.4599618 -0.43110721316297607
-0.4399618 -0.41447486260451
-0.41996178 -0.3975955023927229
-0.39996177 -0.3804734194200031
-0.37996176 -0.363113593628827
-0.35996175 -0.3455217169634921
-0.33996174 -0.3277042085985485
-0.31996173 -0.30966822596507737
-0.29996172 -0.29142167111390105
-0.2799617 -0.2729731919842176
-0.2599617 -0.2543321781876392
-0.2399617 -0.23550876506127982
-0.2199617 -0.21651377551775414
-0.1999617 -0.19735873938256163
-0.17996171 -0.17805585077740094
-0.15996172 -0.1586179329274018
-0.13996172 -0.13905839667209166
-0.11996172 -0.1193911928873926
-0.09996173 -0.09963075913728288
-0.07996173 -0.07979196098402087
-0.059961732 -0.05989002477985577
-0.039961733 -0.0399404811184197
-0.019961733 -0.019959082615456626
3.8266182E-5 3.826618192712305E-5
0.020038266 0.020035584378607058
0.040038265 0.04001689122610741
0.060038265 0.05996628261551458
0.080038264 0.07986800665559994
0.10003826 0.0997065337550516
0.120038256 0.11946663882986139
0.14003825 0.13913345783740985
0.16003825 0.15869255496747597
0.18003824 0.17812998131252727
0.20003824 0.19743232819472578
0.22003824 0.21658677472116702
0.24003823 0.23558112924914432
0.26003823 0.2544038645545668
0.28003824 0.27304416042357593
0.30003825 0.29149188429245326
0.32003826 0.30973764937235976
0.34003827 0.32777281057390273
0.36003828 0.3455894687014311
0.3800383 0.36318046916413205
0.4000383 0.3805393955941321
0.4200383 0.397660558803245
0.44003832 0.4145389815393726
0.46003833 0.4311703795214554
0.48003834 0.44755113923915374
0.5000383 0.46367826916003907
0.5200383 0.4795494447889314
0.5400383 0.4951629065674487
0.56003827 0.5105174540283836
0.58003825 0.5256124143670027
0.60003823 0.5404476103987839
0.6200382 0.5550233282427828
0.6400382 0.5693402850350535
0.6600382 0.5833995969414566
0.68003815 0.5972027477044903
0.70003814 0.6107515579251224
0.7200381 0.6240481552484498
0.7400381 0.6370949455917672
0.7600381 0.6498945855255266
0.78003806 0.6624499558919344
0.80003804 0.6747641367226013
0.820038 0.6868403834958106
0.840038 0.6986821047555328
0.860038 0.7102928410982277
0.88003796 0.7216762455196285
0.90003794 0.7328360651019561
0.9200379 0.7437761240122029
0.9400379 0.7545003077741137
0.9600379 0.7650125487700772
0.98003787 0.7753168129241853
1.0000379 0.7854171173152268
1.0200379 0.7953173992674083
1.0400379 0.805021686842365
1.0600379 0.8145339687029804
1.0800378 0.8238582162817344
1.1000378 0.8329983763916134
1.1200378 0.8419583646270126
1.1400378 0.8507420595003123
1.1600378 0.8593532972615701
1.1800377 0.8677958673507493
1.2000377 0.8760735084340818
1.2200377 0.8841899049784373
1.2400377 0.8921486843199469
1.2600377 0.8999534141855237
1.2800376 0.9076076006283302
1.3000376 0.9151146863406266
1.3200376 0.9224780493097721
1.3400376 0.9297010017854322
1.3600376 0.9367867895282493
1.3800375 0.943738591312349
1.4000375 0.950559518656089
1.4200375 0.9572526157573816
1.4400375 0.9638208596117565
1.4600375 0.970267160293057
1.4800375 0.9765943613782949
1.5000374 0.9828052404997142
1.5200374 0.9889025100085498
1.5400374 0.9948888177363023
1.5600374 1.0007667478405942
1.5800374 1.006538821723831
1.6000373 1.0122074990139684
1.6200373 1.017775178597674
1.6400373 1.0232441996970947
1.6600373 1.0286168429822915
1.6800373 1.0338953317121784
1.7000372 1.0390818328975224
1.7200372 1.0441784584802256
1.7400372 1.049187266523705
1.7600372 1.0541102624097518
1.7800372 1.058949400037746
1.8000371 1.063706583022576
1.8200371 1.068383665888023
1.8400371 1.072982455252765
1.8600371 1.0775047110064953
1.8800371 1.0819521474739764
1.900037 1.0863264345651265
1.920037 1.0906291989095103
1.940037 1.0948620249738292
1.960037 1.099026456161227
1.980037 1.1031239958914143
2.000037 1.107156108660791
2.020037 1.1111242210819006
2.040037 1.1150297229016852
2.060037 1.1188739679981428
2.0800369 1.1226582753550938
2.1000369 1.1263839300148621
2.1200368 1.1300521840087714
2.1400368 1.133664257265425
2.1600368 1.1372213384968186
2.1800368 1.140724586062384
2.2000368 1.1441751288111264
2.2200367 1.1475740669020535
2.2400367 1.1509224726031464
2.2600367 1.1542213910691468
2.2800367 1.157471841098472
2.3000367 1.160674815869591
2.3200366 1.163831283657219
2.3400366 1.1669421885287008
2.3600366 1.1700084510209736
2.3800366 1.1730309687985097
2.4000366 1.1760106172926421
2.4200366 1.1789482503226965
2.4400365 1.18184470069934
2.4600365 1.1847007808105772
2.4800365 1.1875172831908114
2.5000365 1.1902949810733958
2.5200365 1.1930346289270988
2.5400364 1.1957369629768966
2.5600364 1.198402701709515
2.5800364 1.201032546364123
2.6000364 1.2036271814085935
2.6200364 1.2061872750017202
2.6400363 1.208713479441792
2.6600363 1.2112064316019067
2.6800363 1.2136667533524044
2.7000363 1.2160950519707936
2.7200363 1.2184919205395301
2.7400362 1.2208579383320104
2.7600362 1.2231936711871203
2.7800362 1.2254996718726863
2.8000362 1.2277764804381555
2.8200362 1.2300246245568274
2.8400362 1.232244619857959
2.8600361 1.2344369702490399
2.880036 1.2366021682285453
2.900036 1.238740695189453
2.920036 1.2408530217138058
2.940036 1.2429396078585966
2.960036 1.2450009034332425
2.980036 1.2470373482689063
3.000036 1.2490493724799165
3.020036 1.2510373967175314
3.040036 1.2530018324162824
3.060036 1.2549430820331302
3.080036 1.2568615392796514
3.100036 1.258757589347475
3.120036 1.260631609127179
3.1400359 1.2624839674208483
3.1600358 1.264315025148491
3.1800358 1.2661251355485033
3.2000358 1.2679146443723712
3.2200358 1.2696838900737828
3.2400358 1.2714332039923288
3.2600358 1.2731629105319544
3.2800357 1.2748733273343316
3.3000357 1.2765647654473022
3.3200357 1.2782375294885497
3.3400357 1.2798919178046426
3.3600357 1.2815282226255957
3.3800356 1.2831467302150852
3.4000356 1.284747721016453
3.4200356 1.2863314697946275
3.4400356 1.287898245774088
3.4600356 1.2894483127729934
3.4800355 1.2909819293335918
3.5000355 1.2924993488490257
3.5200355 1.2940008196866413
3.5400355 1.2954865853079092
3.5600355 1.2969568843850605
3.5800354 1.2984119509145335
3.6000354 1.299852014327333
3.6200354 1.301277299596392
3.6400354 1.3026880273410262
3.6600354 1.3040844139285694
3.6800354 1.305466671573276
3.7000353 1.3068350084325666
3.7200353 1.308189628700705
3.7400353 1.309530732699974
3.7600353 1.3108585169694291
3.7800353 1.3121731743513037
3.8000352 1.3134748940751284
3.8200352 1.3147638618396398
3.8400352 1.3160402598925378
3.8600352 1.3173042671081583
3.8800352 1.318556059063119
3.9000351 1.3197958081100005
3.9200351 1.3210236834491194
3.940035 1.322239851198446
3.960035 1.323444474461724
3.980035 1.3246377133948424
4.0000353 1.3258197392948998
4.0200353 1.3269906784345833
4.0400352 1.3281506966649848
4.060035 1.3292999429810353
4.080035 1.3304385637371632
4.100035 1.3315667027041835
4.120035 1.3326845011247623
4.140035 1.333792097767492
4.160035 1.3348896289796213
4.180035 1.3359772287384752
4.200035 1.3370550287016028
4.220035 1.338123158255686
4.240035 1.3391817445642493
4.260035 1.3402309126141958
4.280035 1.34127078526121
4.300035 1.3423014832740527
4.320035 1.3433231253777833
4.340035 1.3443358282959337
4.360035 1.3453397067916677
4.380035 1.34633487370795
4.400035 1.3473214400067532
4.420035 1.3482995148073305
4.440035 1.3492692054235733
4.460035 1.3502306174004888
4.480035 1.3511838545498087
4.500035 1.3521290189847646
4.520035 1.3530662111540426
4.540035 1.3539955298749442
4.5600348 1.3549170723657753
4.5800347 1.3558309342774775
4.6000347 1.3567372097245307
4.6200347 1.3576359913151388
4.6400347 1.358527370180721
4.6600347 1.3594114360047254
4.6800346 1.3602882770507845
4.7000346 1.361157980190227
4.7200346 1.3620206309289644
4.7400346 1.3628763134337691
4.7600346 1.3637251105579584
4.7800345 1.3645671038664986
4.8000345 1.3654023736605487
4.8200345 1.3662309990014518
4.8400345 1.367053057734194
4.8600345 1.3678686265103392
4.8800344 1.3686777808104584
4.9000344 1.3694805949660618
4.9200344 1.3702771421810473
4.9400344 1.3710674945526808
4.9600344 1.371851723092115
4.9800344 1.372629897744462
5.0000343 1.373402087408428
5.0200343 1.3741683599555254
5.0400343 1.3749287822488663
5.0600343 1.375683420161553
5.0800343 1.3764323385946748
5.100034 1.377175601494917
5.120034 1.377913271871796
5.140034 1.3786454118145277
5.160034 1.3793720825085378
5.180034 1.3800933442516237
5.200034 1.3808092564697743
5.220034 1.38151987773266
5.240034 1.3822252657687966
5.260034 1.3829254774803925
5.280034 1.3836205689578887
5.300034 1.3843105954941943
5.320034 1.3849956115986313
5.340034 1.3856756710105875
5.360034 1.386350826712893
5.380034 1.3870211309449194
5.400034 1.3876866352154127
5.420034 1.3883473903150654
5.440034 1.3890034463288314
5.460034 1.3896548526479942
5.480034 1.3903016579819885
5.500034 1.3909439103699865
5.520034 1.3915816571922508
5.540034 1.3922149451812598
5.560034 1.3928438204326108
5.580034 1.393468328415709
5.6000338 1.394088513984241
5.6200337 1.3947044213864435
5.6400337 1.3953160942751701
5.6600337 1.3959235757177575
5.6800337 1.3965269082057026
5.7000337 1.3971261336641463
5.7200336 1.397721293461176
5.7400336 1.3983124284169455
5.7600336 1.3988995788126195
5.7800336 1.3994827843991442
5.8000336 1.400062084405851
5.8200336 1.4006375175488928
5.8400335 1.4012091220395209
5.8600335 1.401776935592203
5.8800335 1.4023409954325865
5.9000335 1.4029013383053122
5.9200335 1.4034580004816781
5.9400334 1.4040110177671608
5.9600334 1.4045604255087938
5.9800334 1.4051062586024086
6.0000334 1.40564855149974
6.0200334 1.406187338215399
6.0400333 1.4067226523337155
6.0600333 1.407254527015455
6.0800333 1.4077829950044116
6.1000333 1.4083080886338772
6.1200333 1.408829839832995
6.1400332 1.409348280132994
6.160033 1.4098634406733097
6.180033 1.4103753522075964
6.200033 1.4108840451096252
6.220033 1.4113895493790798
6.240033 1.4118918946472445
6.260033 1.4123911101825908
6.280033 1.4128872248962638
6.300033 1.413380267347471
6.320033 1.4138702657487712
6.340033 1.414357247971275
6.360033 1.414841241549747
6.380033 1.415322273687622
6.400033 1.4158003712619298
6.420033 1.4162755608281343
6.440033 1.4167478686248878
6.460033 1.4172173205787009
6.480033 1.417683942308532
6.500033 1.4181477591302956
6.520033 1.4186087960612936
6.540033 1.419067077824568
6.560033 1.4195226288531797
6.580033 1.4199754732944132
6.600033 1.4204256350139084
6.620033 1.4208731375997221
6.640033 1.4213180043663203
6.6600327 1.4217602583585012
6.6800327 1.4221999223552526
6.7000327 1.422637018873543
6.7200327 1.42307157017205
6.7400327 1.4235035982548228
6.7600327 1.423933124874886
6.7800326 1.4243601715377825
6.8000326 1.4247847595050542
6.8200326 1.4252069097976687
6.8400326 1.4256266431993854
6.8600326 1.4260439802600682
6.8800325 1.4264589412989415
6.9000325 1.4268715464077928
6.9200325 1.4272818154541234
6.9400325 1.4276897680842466
6.9600325 1.4280954237263344
6.9800324 1.4284988015934155
7.0000324 1.428899920686324
7.0200324 1.4292987997965996
7.0400324 1.4296954575093412
7.0600324 1.430089912206015
7.0800323 1.430482182067214
7.1000323 1.4308722850753788
7.1200323 1.4312602390174685
7.1400323 1.4316460614875934
7.1600323 1.4320297698896023
7.1800323 1.432411381439631
7.200032 1.4327909131686094
7.220032 1.4331683819247276
7.240032 1.4335438043758648
7.260032 1.4339171970119788
7.280032 1.4342885761474589
7.300032 1.4346579579234389
7.320032 1.4350253583100787
7.340032 1.4353907931088057
7.360032 1.4357542779545232
7.380032 1.4361158283177848
7.400032 1.4364754595069347
7.420032 1.4368331866702135
7.440032 1.437189024797834
7.460032 1.4375429887240232
7.480032 1.4378950931290329
7.500032 1.43824535254112
7.520032 1.4385937813384984
7.540032 1.4389403937512555
7.560032 1.439285203863247
7.580032 1.4396282256139568
7.600032 1.4399694728003316
7.620032 1.4403089590785876
7.640032 1.4406466979659898
7.660032 1.4409827028426032
7.680032 1.44131698695302
7.7000318 1.4416495634080597
7.7200317 1.441980445186443
7.7400317 1.4423096451364434
7.7600317 1.4426371759775103
7.7800317 1.4429630503018727
7.8000317 1.4432872805761148
7.8200316 1.4436098791427312
7.8400316 1.443930858221659
7.8600316 1.444250229911785
7.8800316 1.4445680061924338
7.9000316 1.4448841989248329
7.9200315 1.445198819853556
7.9400315 1.4455118806079454
7.9600315 1.445823392703515
7.9800315 1.4461333675433308
8.000031 1.4464418164193742
8.020032 1.4467487578137992
8.040032 1.4470541954290659
8.060033 1.4473581402326556
8.080033 1.4476606030862085
8.100034 1.44796159474679
8.120034 1.4482611258681404
8.140035 1.4485592070019053
8.160035 1.44885584859885
8.180036 1.4491510610100555
8.200036 1.4494448544880985
8.2200365 1.4497372391882135
8.240037 1.4500282251694412
8.260037 1.4503178223957571
8.280038 1.4506060407371875
8.300038 1.4508928899709082
8.320039 1.4511783797823286
8.340039 1.4514625197661597
8.36004 1.4517453194274692
8.38004 1.4520267881827205
8.400041 1.4523069353607965
8.420041 1.4525857702040126
8.440042 1.4528633018691117
8.460042 1.453139539428249
8.480042 1.4534144918699607
8.500043 1.4536881681001215
8.520043 1.4539605769428872
8.540044 1.4542317271416265
8.560044 1.4545016273598386
8.580045 1.454770286182058
8.600045 1.4550377121147497
8.620046 1.4553039135871892
8.640046 1.455568898952332
8.660047 1.455832676487673
8.680047 1.4560952543960906
8.7000475 1.4563566408066833
8.720048 1.456616843775593
8.740048 1.456875871286819
8.760049 1.4571337312530184
8.780049 1.4573904315162982
8.80005 1.4576459798489976
8.82005 1.4579003839544573
8.840051 1.4581536514677806
8.860051 1.4584057899565837
8.880052 1.4586568069217374
8.900052 1.4589067097980968
8.920053 1.459155505955224
8.940053 1.4594032026980994
8.960053 1.4596498072678254
8.980054 1.459895326842319
9.000054 1.4601397685369975
9.020055 1.460383139405454
9.040055 1.4606254464401254
9.060056 1.460866696572949
9.080056 1.461106896676015
9.100057 1.4613460535622071
9.120057 1.4615841739858362
9.140058 1.4618212646432656
9.160058 1.46205733217353
9.1800585 1.4622923831589432
9.200059 1.4625264241257017
9.220059 1.4627594615444786
9.24006 1.4629915018310096
9.26006 1.463222551346674
9.280061 1.4634526163990655
9.300061 1.463681703242558
9.320062 1.4639098180788632
9.340062 1.4641369670575817
9.360063 1.4643631562767465
9.380063 1.4645883917833615
9.4000635 1.4648126795739305
9.420064 1.4650360255949828
9.440064 1.4652584357435896
9.460065 1.4654799158678755
9.480065 1.4657004717675237
9.500066 1.465920109194274
9.520066 1.466138833852416
9.540067 1.4663566513992752
9.560067 1.466573567445693
9.580068 1.4667895875565027
9.600068 1.4670047172509968
9.620069 1.4672189620033917
9.640069 1.467432327243284
9.660069 1.4676448183561035
9.68007 1.4678564406835588
9.70007 1.4680671995240793
9.720071 1.4682771001332502
9.740071 1.4684861477242446
9.760072 1.468694347468247
9.780072 1.468901704494875
9.800073 1.4691082238925945
9.820073 1.4693139107091295
9.840074 1.4695187699518684
9.860074 1.4697228065882637
9.8800745 1.4699260255462288
9.900075 1.4701284317145291
9.920075 1.470330029943168
9.940076 1.47053082504377
9.960076 1.4707308217899573
9.980077 1.4709300249177235
10.000077 1.4711284391258022
10.020078 1.4713260690760317
