-9.98 -1.4686985
-9.959999 -1.4686401
-9.939999 -1.4685818
-9.919998 -1.4685229
-9.899998 -1.4684637
-9.879997 -1.4684043
-9.859997 -1.4683444
-9.839996 -1.4682844
-9.819996 -1.4682235
-9.799995 -1.4681627
-9.779995 -1.4681014
-9.7599945 -1.4680396
-9.739994 -1.4679772
-9.719994 -1.4679148
-9.699993 -1.467852
-9.679993 -1.4677892
-9.659992 -1.4677252
-9.639992 -1.4676611
-9.619991 -1.4675969
-9.599991 -1.4675324
-9.57999 -1.4674672
-9.55999 -1.4674014
-9.539989 -1.4673358
-9.519989 -1.4672693
-9.499989 -1.4672024
-9.479988 -1.4671352
-9.459988 -1.4670675
-9.439987 -1.4669995
-9.419987 -1.466931
-9.399986 -1.4668623
-9.379986 -1.4667931
-9.359985 -1.4667231
-9.339985 -1.4666529
-9.319984 -1.4665823
-9.299984 -1.4665112
-9.2799835 -1.4664394
-9.259983 -1.4663678
-9.239983 -1.466295
-9.219982 -1.466222
-9.199982 -1.466149
-9.179981 -1.4660748
-9.159981 -1.4660004
-9.13998 -1.4659256
-9.11998 -1.4658506
-9.099979 -1.4657749
-9.079979 -1.4656986
-9.0599785 -1.4656216
-9.039978 -1.4655445
-9.019978 -1.4654666
-8.999977 -1.4653883
-8.979977 -1.4653099
-8.959976 -1.4652302
-8.939976 -1.4651505
-8.919975 -1.4650701
-8.899975 -1.4649894
-8.879974 -1.4649078
-8.859974 -1.4648259
-8.839973 -1.4647434
-8.819973 -1.4646603
-8.799973 -1.464577
-8.779972 -1.4644926
-8.759972 -1.4644078
-8.739971 -1.4643228
-8.719971 -1.4642371
-8.69997 -1.4641503
-8.67997 -1.4640635
-8.659969 -1.4639757
-8.639969 -1.4638875
-8.619968 -1.4637988
-8.599968 -1.4637091
-8.5799675 -1.4636195
-8.559967 -1.4635289
-8.539967 -1.4634372
-8.519966 -1.4633458
-8.499966 -1.4632529
-8.479965 -1.4631597
-8.459965 -1.4630661
-8.439964 -1.4629717
-8.419964 -1.4628766
-8.399963 -1.462781
-8.379963 -1.4626842
-8.359962 -1.4625875
-8.339962 -1.4624894
-8.319962 -1.4623909
-8.299961 -1.4622916
-8.279961 -1.4621918
-8.25996 -1.4620916
-8.23996 -1.4619901
-8.219959 -1.4618881
-8.199959 -1.4617852
-8.179958 -1.4616821
-8.159958 -1.4615777
-8.139957 -1.4614726
-8.119957 -1.4613668
-8.0999565 -1.4612606
-8.079956 -1.4611531
-8.059956 -1.4610451
-8.039955 -1.4609363
-8.019955 -1.4608269
-7.9999547 -1.4607162
-7.9799547 -1.4606049
-7.9599547 -1.4604927
-7.9399548 -1.4603801
-7.919955 -1.4602665
-7.899955 -1.460152
-7.879955 -1.4600365
-7.859955 -1.4599204
-7.839955 -1.4598031
-7.819955 -1.4596853
-7.799955 -1.4595666
-7.779955 -1.4594468
-7.759955 -1.459326
-7.739955 -1.4592047
-7.719955 -1.459082
-7.699955 -1.4589587
-7.679955 -1.4588344
-7.659955 -1.4587091
-7.639955 -1.4585829
-7.619955 -1.4584556
-7.599955 -1.4583273
-7.579955 -1.4581985
-7.559955 -1.4580685
-7.539955 -1.4579371
-7.519955 -1.457805
-7.499955 -1.4576718
-7.479955 -1.4575375
-7.459955 -1.4574022
-7.439955 -1.4572659
-7.4199553 -1.4571285
-7.3999553 -1.4569901
-7.3799553 -1.4568504
-7.3599553 -1.4567096
-7.3399553 -1.4565679
-7.3199553 -1.456425
-7.2999554 -1.4562811
-7.2799554 -1.456136
-7.2599554 -1.4559895
-7.2399554 -1.4558423
-7.2199554 -1.4556931
-7.1999555 -1.4555435
-7.1799555 -1.4553921
-7.1599555 -1.4552399
-7.1399555 -1.4550865
-7.1199555 -1.4549316
-7.0999556 -1.4547757
-7.0799556 -1.4546181
-7.0599556 -1.4544595
-7.0399556 -1.4542992
-7.0199556 -1.4541384
-6.9999557 -1.4539754
-6.9799557 -1.4538116
-6.9599557 -1.4536463
-6.9399557 -1.4534796
-6.9199557 -1.4533113
-6.8999557 -1.4531419
-6.879956 -1.4529712
-6.859956 -1.4527986
-6.839956 -1.4526248
-6.819956 -1.4524493
-6.799956 -1.4522727
-6.779956 -1.4520946
-6.759956 -1.4519145
-6.739956 -1.4517335
-6.719956 -1.4515502
-6.699956 -1.4513662
-6.679956 -1.4511799
-6.659956 -1.450992
-6.639956 -1.4508028
-6.619956 -1.4506117
-6.599956 -1.4504191
-6.579956 -1.4502248
-6.559956 -1.4500289
-6.539956 -1.449831
-6.519956 -1.4496315
-6.499956 -1.4494301
-6.479956 -1.4492272
-6.459956 -1.4490225
-6.439956 -1.4488157
-6.419956 -1.448607
-6.399956 -1.4483967
-6.3799562 -1.4481843
-6.3599563 -1.4479702
-6.3399563 -1.4477539
-6.3199563 -1.4475358
-6.2999563 -1.4473157
-6.2799563 -1.4470934
-6.2599564 -1.4468693
-6.2399564 -1.4466431
-6.2199564 -1.4464146
-6.1999564 -1.4461842
-6.1799564 -1.4459518
-6.1599565 -1.4457169
-6.1399565 -1.4454799
-6.1199565 -1.4452406
-6.0999565 -1.4449997
-6.0799565 -1.444756
-6.0599566 -1.4445101
-6.0399566 -1.4442617
-6.0199566 -1.4440109
-5.9999566 -1.4437579
-5.9799566 -1.4435025
-5.9599566 -1.4432446
-5.9399567 -1.4429843
-5.9199567 -1.4427212
-5.8999567 -1.4424559
-5.8799567 -1.4421881
-5.8599567 -1.4419173
-5.8399568 -1.4416441
-5.819957 -1.4413681
-5.799957 -1.4410893
-5.779957 -1.4408083
-5.759957 -1.4405241
-5.739957 -1.4402373
-5.719957 -1.4399472
-5.699957 -1.4396544
-5.679957 -1.4393587
-5.659957 -1.43906
-5.639957 -1.4387587
-5.619957 -1.4384542
-5.599957 -1.438146
-5.579957 -1.4378356
-5.559957 -1.4375215
-5.539957 -1.4372039
-5.519957 -1.4368836
-5.499957 -1.4365594
-5.479957 -1.4362323
-5.459957 -1.435902
-5.439957 -1.435568
-5.419957 -1.4352304
-5.399957 -1.4348896
-5.379957 -1.4345449
-5.359957 -1.4341968
-5.339957 -1.4338448
-5.3199573 -1.4334893
-5.2999573 -1.4331297
-5.2799573 -1.4327666
-5.2599573 -1.4323995
-5.2399573 -1.4320282
-5.2199574 -1.4316534
-5.1999574 -1.4312742
-5.1799574 -1.4308906
-5.1599574 -1.4305035
-5.1399574 -1.4301118
-5.1199574 -1.4297158
-5.0999575 -1.4293154
-5.0799575 -1.4289107
-5.0599575 -1.4285016
-5.0399575 -1.4280877
-5.0199575 -1.4276694
-4.9999576 -1.4272466
-4.9799576 -1.4268188
-4.9599576 -1.426386
-4.9399576 -1.4259487
-4.9199576 -1.4255062
-4.8999577 -1.4250587
-4.8799577 -1.4246058
-4.8599577 -1.4241482
-4.8399577 -1.4236853
-4.8199577 -1.4232167
-4.7999578 -1.422743
-4.779958 -1.4222636
-4.759958 -1.4217787
-4.739958 -1.421288
-4.719958 -1.4207917
-4.699958 -1.4202893
-4.679958 -1.4197812
-4.659958 -1.4192668
-4.639958 -1.4187467
-4.619958 -1.4182203
-4.599958 -1.417687
-4.579958 -1.4171475
-4.559958 -1.4166019
-4.539958 -1.4160496
-4.519958 -1.41549
-4.499958 -1.4149241
-4.479958 -1.4143507
-4.459958 -1.413771
-4.439958 -1.4131838
-4.419958 -1.4125891
-4.399958 -1.4119871
-4.379958 -1.4113779
-4.359958 -1.4107605
-4.339958 -1.4101355
-4.319958 -1.4095029
-4.299958 -1.4088621
-4.2799582 -1.4082131
-4.2599583 -1.4075556
-4.2399583 -1.40689
-4.2199583 -1.4062159
-4.1999583 -1.4055325
-4.1799583 -1.4048404
-4.1599584 -1.4041393
-4.1399584 -1.403429
-4.1199584 -1.4027098
-4.0999584 -1.4019809
-4.0799584 -1.4012419
-4.0599585 -1.4004934
-4.0399585 -1.3997351
-4.0199585 -1.3989662
-3.9999585 -1.3981873
-3.9799585 -1.3973978
-3.9599586 -1.3965974
-3.9399586 -1.3957862
-3.9199586 -1.394964
-3.8999586 -1.3941308
-3.8799586 -1.3932856
-3.8599586 -1.392429
-3.8399587 -1.3915603
-3.8199587 -1.3906794
-3.7999587 -1.3897864
-3.7799587 -1.3888807
-3.7599587 -1.3879622
-3.7399588 -1.3870308
-3.7199588 -1.386086
-3.6999588 -1.3851278
-3.6799588 -1.3841556
-3.6599588 -1.3831698
-3.6399589 -1.3821694
-3.6199589 -1.3811547
-3.599959 -1.3801249
-3.579959 -1.37908
-3.559959 -1.3780203
-3.539959 -1.3769443
-3.519959 -1.3758526
-3.499959 -1.3747444
-3.479959 -1.37362
-3.459959 -1.3724787
-3.439959 -1.3713198
-3.419959 -1.3701435
-3.399959 -1.3689494
-3.379959 -1.367737
-3.3599591 -1.366506
-3.3399591 -1.365256
-3.3199592 -1.3639865
-3.2999592 -1.3626975
-3.2799592 -1.3613883
-3.2599592 -1.3600583
-3.2399592 -1.3587078
-3.2199593 -1.3573358
-3.1999593 -1.3559419
-3.1799593 -1.3545258
-3.1599593 -1.3530871
-3.1399593 -1.3516253
-3.1199594 -1.3501397
-3.0999594 -1.34863
-3.0799594 -1.347096
-3.0599594 -1.3455366
-3.0399594 -1.3439517
-3.0199594 -1.3423406
-2.9999595 -1.3407027
-2.9799595 -1.3390375
-2.9599595 -1.3373445
-2.9399595 -1.3356233
-2.9199595 -1.3338727
-2.8999596 -1.3320929
-2.8799596 -1.3302824
-2.8599596 -1.3284408
-2.8399596 -1.3265682
-2.8199596 -1.3246628
-2.7999597 -1.3227247
-2.7799597 -1.320753
-2.7599597 -1.3187463
-2.7399597 -1.3167049
-2.7199597 -1.3146274
-2.6999598 -1.3125135
-2.6799598 -1.3103615
-2.6599598 -1.3081712
-2.6399598 -1.3059417
-2.6199598 -1.3036723
-2.5999599 -1.3013616
-2.5799599 -1.2990094
-2.55996 -1.2966139
-2.53996 -1.2941746
-2.51996 -1.2916906
-2.49996 -1.2891606
-2.47996 -1.2865839
-2.45996 -1.2839589
-2.43996 -1.2812853
-2.41996 -1.2785611
-2.39996 -1.2757858
-2.37996 -1.2729583
-2.35996 -1.2700764
-2.33996 -1.2671397
-2.31996 -1.2641469
-2.2999601 -1.2610967
-2.2799602 -1.2579874
-2.2599602 -1.2548181
-2.2399602 -1.2515868
-2.2199602 -1.2482924
-2.1999602 -1.2449336
-2.1799603 -1.2415088
-2.1599603 -1.2380161
-2.1399603 -1.2344542
-2.1199603 -1.2308213
-2.0999603 -1.2271162
-2.0799603 -1.2233368
-2.0599604 -1.2194811
-2.0399604 -1.2155478
-2.0199604 -1.2115347
-1.9999604 -1.2074401
-1.9799604 -1.2032621
-1.9599605 -1.1989987
-1.9399605 -1.1946474
-1.9199605 -1.1902072
-1.8999605 -1.1856749
-1.8799605 -1.1810492
-1.8599606 -1.1763269
-1.8399606 -1.171507
-1.8199606 -1.166586
-1.7999606 -1.1615621
-1.7799606 -1.1564331
-1.7599607 -1.151196
-1.7399607 -1.1458486
-1.7199607 -1.1403884
-1.6999607 -1.1348127
-1.6799607 -1.1291186
-1.6599607 -1.1233038
-1.6399608 -1.1173654
-1.6199608 -1.1113003
-1.5999608 -1.1051059
-1.5799608 -1.0987792
-1.5599608 -1.0923175
-1.5399609 -1.0857173
-1.5199609 -1.078976
-1.4999609 -1.0720904
-1.4799609 -1.0650573
-1.4599609 -1.0578732
-1.439961 -1.0505356
-1.419961 -1.0430404
-1.399961 -1.0353851
-1.379961 -1.0275663
-1.359961 -1.0195801
-1.339961 -1.0114238
-1.3199611 -1.0030937
-1.2999611 -0.99458647
-1.2799611 -0.9858991
-1.2599611 -0.97702754
-1.2399611 -0.9679688
-1.2199612 -0.95871973
-1.1999612 -0.94927657
-1.1799612 -0.9396363
-1.1599612 -0.92979556
-1.1399612 -0.9197512
-1.1199613 -0.90950006
-1.0999613 -0.89903903
-1.0799613 -0.8883649
-1.0599613 -0.87747496
-1.0399613 -0.8663665
-1.0199614 -0.8550365
-0.9999614 -0.8434822
-0.9799614 -0.8317017
-0.9599614 -0.81969213
-0.93996143 -0.80745155
-0.91996145 -0.79497814
-0.8999615 -0.78227
-0.8799615 -0.7693255
-0.8599615 -0.75614345
-0.8399615 -0.74272275
-0.81996155 -0.7290623
-0.79996157 -0.715162
-0.7799616 -0.7010212
-0.7599616 -0.68664026
-0.7399616 -0.6720195
-0.71996164 -0.6571595
-0.69996166 -0.64206177
-0.6799617 -0.6267273
-0.6599617 -0.6111581
-0.6399617 -0.5953567
-0.61996174 -0.57932544
-0.59996176 -0.5630677
-0.5799618 -0.5465868
-0.5599618 -0.5298867
-0.5399618 -0.512972
-0.51996183 -0.49584723
-0.49996182 -0.47851762
-0.4799618 -0.46098897
-0.4599618 -0.44326714
-0.4399618 -0.42535856
-0.41996178 -0.40727004
-0.39996177 -0.38900858
-0.37996176 -0.37058157
-0.35996175 -0.35199666
-0.33996174 -0.33326176
-0.31996173 -0.314385
-0.29996172 -0.29537457
-0.2799617 -0.27623898
-0.2599617 -0.25698665
-0.2399617 -0.23762615
-0.2199617 -0.21816617
-0.1999617 -0.1986152
-0.17996171 -0.17898187
-0.15996172 -0.15927473
-0.13996172 -0.13950226
-0.11996172 -0.11967281
-0.09996173 -0.09979477
-0.07996173 -0.07987635
-0.059961732 -0.05992577
-0.039961733 -0.03995109
-0.019961733 -0.019960405
3.8266182E-5 3.8266182E-5
0.020038266 0.020036925
0.040038265 0.040027563
0.060038265 0.060002152
0.080038264 0.07995266
0.10003826 0.09987093
0.120038256 0.11974879
0.14003825 0.13957803
0.16003825 0.15935029
0.18003824 0.17905715
0.20003824 0.19869019
0.22003824 0.21824081
0.24003823 0.23770046
0.26003823 0.2570605
0.28003824 0.2763124
0.30003825 0.29544762
0.32003826 0.31445745
0.34003827 0.33333373
0.36003828 0.35206807
0.3800383 0.3706524
0.4000383 0.38907883
0.4200383 0.40733963
0.44003832 0.42542744
0.46003833 0.44333535
0.48003834 0.4610564
0.5000383 0.47858435
0.5200383 0.49591312
0.5400383 0.5130371
0.56003827 0.529951
0.58003825 0.54665023
0.60003823 0.56313026
0.6200382 0.5793871
0.6400382 0.5954175
0.6600382 0.6112181
0.68003815 0.62678623
0.70003814 0.6421199
0.7200381 0.65721685
0.7400381 0.67207587
0.7600381 0.68669575
0.78003806 0.70107585
0.80003804 0.7152155
0.820038 0.72911507
0.840038 0.7427743
0.860038 0.7561943
0.88003796 0.7693755
0.90003794 0.782319
0.9200379 0.7950263
0.9400379 0.8074988
0.9600379 0.81973857
0.98003787 0.831747
1.0000379 0.8435269
1.0200379 0.8550803
1.0400379 0.8664093
1.0600379 0.8775172
1.0800378 0.8884062
1.1000378 0.89907944
1.1200378 0.9095397
1.1400378 0.9197901
1.1600378 0.92983365
1.1800377 0.93967366
1.2000377 0.94931304
1.2200377 0.95875525
1.2400377 0.9680038
1.2600377 0.9770618
1.2800376 0.9859325
1.3000376 0.9946194
1.3200376 1.0031259
1.3400376 1.0114554
1.3600376 1.019611
1.3800375 1.0275965
1.4000375 1.0354149
1.4200375 1.0430695
1.4400375 1.0505637
1.4600375 1.0579009
1.4800375 1.0650843
1.5000374 1.0721169
1.5200374 1.079002
1.5400374 1.0857428
1.5600374 1.0923424
1.5800374 1.0988036
1.6000373 1.1051298
1.6200373 1.1113238
1.6400373 1.1173882
1.6600373 1.1233263
1.6800373 1.1291407
1.7000372 1.1348342
1.7200372 1.1404095
1.7400372 1.1458694
1.7600372 1.1512161
1.7800372 1.1564528
1.8000371 1.1615815
1.8200371 1.1666049
1.8400371 1.1715256
1.8600371 1.1763451
1.8800371 1.181067
1.900037 1.1856925
1.920037 1.1902242
1.940037 1.1946646
1.960037 1.1990151
1.980037 1.2032781
2.000037 1.2074559
2.020037 1.2115502
2.040037 1.2155629
2.060037 1.2194958
2.0800369 1.2233511
2.1000369 1.2271307
2.1200368 1.2308357
2.1400368 1.234468
2.1600368 1.2380297
2.1800368 1.2415222
2.2000368 1.2449468
2.2200367 1.2483053
2.2400367 1.2515994
2.2600367 1.2548301
2.2800367 1.2579993
2.3000367 1.2611084
2.3200366 1.2641586
2.3400366 1.2671514
2.3600366 1.2700875
2.3800366 1.272969
2.4000366 1.2757967
2.4200366 1.2785716
2.4400365 1.2812957
2.4600365 1.2839692
2.4800365 1.2865937
2.5000365 1.2891703
2.5200365 1.2917001
2.5400364 1.294184
2.5600364 1.2966232
2.5800364 1.2990181
2.6000364 1.3013706
2.6200364 1.3036811
2.6400363 1.3059505
2.6600363 1.3081797
2.6800363 1.3103698
2.7000363 1.3125213
2.7200363 1.3146355
2.7400362 1.3167129
2.7600362 1.3187543
2.7800362 1.3207605
2.8000362 1.3227322
2.8200362 1.3246702
2.8400362 1.3265753
2.8600361 1.3284483
2.880036 1.3302892
2.900036 1.3320997
2.920036 1.3338797
2.940036 1.33563
2.960036 1.337351
2.980036 1.3390441
3.000036 1.340709
3.020036 1.3423469
3.040036 1.343958
3.060036 1.3455427
3.080036 1.347102
3.100036 1.3486359
3.120036 1.3501455
3.1400359 1.3516307
3.1600358 1.3530926
3.1800358 1.3545314
3.2000358 1.3559473
3.2200358 1.3573412
3.2400358 1.358713
3.2600358 1.3600637
3.2800357 1.3613931
3.3000357 1.3627024
3.3200357 1.3639913
3.3400357 1.3652608
3.3600357 1.3665105
3.3800356 1.3677416
3.4000356 1.3689538
3.4200356 1.3701481
3.4400356 1.3713243
3.4600356 1.372483
3.4800355 1.3736243
3.5000355 1.3747491
3.5200355 1.3758568
3.5400355 1.3769487
3.5600355 1.3780242
3.5800354 1.3790842
3.6000354 1.380129
3.6200354 1.3811586
3.6400354 1.3821732
3.6600354 1.3831735
3.6800354 1.3841594
3.7000353 1.3851314
3.7200353 1.3860894
3.7400353 1.3870345
3.7600353 1.3879658
3.7800353 1.3888842
3.8000352 1.3897899
3.8200352 1.3906829
3.8400352 1.3915634
3.8600352 1.392432
3.8800352 1.3932886
3.9000351 1.3941338
3.9200351 1.3949671
3.940035 1.3957895
3.960035 1.3966005
3.980035 1.3974007
4.0000353 1.3981903
4.0200353 1.3989693
4.0400352 1.3997378
4.060035 1.4004965
4.080035 1.4012449
4.100035 1.4019834
4.120035 1.4027127
4.140035 1.403432
4.160035 1.4041419
4.180035 1.4048432
4.200035 1.4055347
4.220035 1.4062178
4.240035 1.4068925
4.260035 1.4075582
4.280035 1.4082155
4.300035 1.4088644
4.320035 1.4095052
4.340035 1.4101382
4.360035 1.4107629
4.380035 1.4113802
4.400035 1.4119897
4.420035 1.4125916
4.440035 1.4131862
4.460035 1.4137734
4.480035 1.4143535
4.500035 1.4149265
4.520035 1.4154925
4.540035 1.4160514
4.5600348 1.416604
4.5800347 1.4171499
4.6000347 1.4176892
4.6200347 1.4182221
4.6400347 1.4187486
4.6600347 1.4192686
4.6800346 1.4197832
4.7000346 1.4202912
4.7200346 1.4207934
4.7400346 1.4212899
4.7600346 1.4217806
4.7800345 1.4222654
4.8000345 1.4227446
4.8200345 1.4232186
4.8400345 1.4236871
4.8600345 1.4241501
4.8800344 1.4246079
4.9000344 1.4250602
4.9200344 1.4255078
4.9400344 1.4259503
4.9600344 1.426388
4.9800344 1.4268205
5.0000343 1.427248
5.0200343 1.4276708
5.0400343 1.4280895
5.0600343 1.4285034
5.0800343 1.4289123
5.100034 1.429317
5.120034 1.4297174
5.140034 1.4301133
5.160034 1.4305049
5.180034 1.4308922
5.200034 1.4312754
5.220034 1.4316547
5.240034 1.4320296
5.260034 1.4324007
5.280034 1.4327679
5.300034 1.4331312
5.320034 1.4334904
5.340034 1.4338464
5.360034 1.4341977
5.380034 1.4345461
5.400034 1.4348909
5.420034 1.4352317
5.440034 1.4355693
5.460034 1.4359033
5.480034 1.4362336
5.500034 1.4365608
5.520034 1.4368848
5.540034 1.4372052
5.560034 1.4375223
5.580034 1.4378363
5.6000338 1.4381471
5.6200337 1.4384551
5.6400337 1.4387597
5.6600337 1.4390614
5.6800337 1.4393601
5.7000337 1.4396555
5.7200336 1.4399484
5.7400336 1.4402378
5.7600336 1.4405252
5.7800336 1.4408094
5.8000336 1.4410906
5.8200336 1.4413689
5.8400335 1.4416451
5.8600335 1.4419184
5.8800335 1.4421889
5.9000335 1.442457
5.9200335 1.4427222
5.9400334 1.4429853
5.9600334 1.4432454
5.9800334 1.4435036
6.0000334 1.4437591
6.0200334 1.4440119
6.0400333 1.4442626
6.0600333 1.4445109
6.0800333 1.4447567
6.1000333 1.4450004
6.1200333 1.4452418
6.1400332 1.4454811
6.160033 1.4457177
6.180033 1.4459528
6.200033 1.4461852
6.220033 1.4464155
6.240033 1.4466438
6.260033 1.4468702
6.280033 1.4470946
6.300033 1.4473164
6.320033 1.4475365
6.340033 1.447755
6.360033 1.4479709
6.380033 1.4481851
6.400033 1.4483975
6.420033 1.4486079
6.440033 1.4488164
6.460033 1.4490229
6.480033 1.4492279
6.500033 1.4494312
6.520033 1.4496323
6.540033 1.449832
6.560033 1.4500296
6.580033 1.4502255
6.600033 1.4504199
6.620033 1.4506124
6.640033 1.4508034
6.6600327 1.4509931
6.6800327 1.4511807
6.7000327 1.4513665
6.7200327 1.451551
6.7400327 1.4517341
6.7600327 1.4519154
6.7800326 1.452095
6.8000326 1.4522732
6.8200326 1.4524503
6.8400326 1.4526255
6.8600326 1.4527996
6.8800325 1.4529718
6.9000325 1.4531426
6.9200325 1.4533123
6.9400325 1.4534801
6.9600325 1.4536469
6.9800324 1.4538122
7.0000324 1.453976
7.0200324 1.4541389
7.0400324 1.4543
7.0600324 1.45446
7.0800323 1.4546186
7.1000323 1.4547759
7.1200323 1.4549322
7.1400323 1.4550872
7.1600323 1.4552405
7.1800323 1.4553928
7.200032 1.4555438
7.220032 1.455694
7.240032 1.4558425
7.260032 1.4559901
7.280032 1.4561363
7.300032 1.4562814
7.320032 1.4564255
7.340032 1.4565684
7.360032 1.4567105
7.380032 1.4568509
7.400032 1.4569904
7.420032 1.457129
7.440032 1.4572666
7.460032 1.4574028
7.480032 1.457538
7.500032 1.457672
7.520032 1.4578055
7.540032 1.4579377
7.560032 1.4580687
7.580032 1.4581988
7.600032 1.458328
7.620032 1.4584559
7.640032 1.4585832
7.660032 1.4587096
7.680032 1.4588348
7.7000318 1.458959
7.7200317 1.4590826
7.7400317 1.4592049
7.7600317 1.4593264
7.7800317 1.4594473
7.8000317 1.4595668
7.8200316 1.4596857
7.8400316 1.4598038
7.8600316 1.4599206
7.8800316 1.4600371
7.9000316 1.4601524
7.9200315 1.460267
7.9400315 1.4603804
7.9600315 1.4604933
7.9800315 1.4606051
8.000031 1.460717
8.020032 1.4608269
8.040032 1.4609368
8.060033 1.4610456
8.080033 1.4611533
8.100034 1.4612607
8.120034 1.461367
8.140035 1.4614732
8.160035 1.461578
8.180036 1.4616826
8.200036 1.4617858
8.2200365 1.4618886
8.240037 1.4619902
8.260037 1.4620916
8.280038 1.462192
8.300038 1.4622923
8.320039 1.4623913
8.340039 1.46249
8.36004 1.4625876
8.38004 1.4626848
8.400041 1.4627813
8.420041 1.4628769
8.440042 1.4629719
8.460042 1.4630667
8.480042 1.4631603
8.500043 1.4632534
8.520043 1.463346
8.540044 1.4634377
8.560044 1.4635289
8.580045 1.46362
8.600045 1.4637096
8.620046 1.4637989
8.640046 1.463888
8.660047 1.463976
8.680047 1.4640636
8.7000475 1.4641508
8.720048 1.4642372
8.740048 1.4643233
8.760049 1.4644084
8.780049 1.4644932
8.80005 1.4645771
8.82005 1.4646606
8.840051 1.4647437
8.860051 1.4648263
8.880052 1.4649084
8.900052 1.4649897
8.920053 1.4650704
8.940053 1.4651506
8.960053 1.4652305
8.980054 1.4653102
9.000054 1.465389
9.020055 1.465467
9.040055 1.4655448
9.060056 1.4656221
9.080056 1.4656987
9.100057 1.4657749
9.120057 1.465851
9.140058 1.465926
9.160058 1.4660008
9.1800585 1.4660753
9.200059 1.4661492
9.220059 1.4662223
9.24006 1.4662956
9.26006 1.466368
9.280061 1.46644
9.300061 1.4665112
9.320062 1.4665824
9.340062 1.4666531
9.360063 1.4667231
9.380063 1.4667931
9.4000635 1.4668624
9.420064 1.4669312
9.440064 1.4669999
9.460065 1.4670678
9.480065 1.4671355
9.500066 1.4672025
9.520066 1.4672693
9.540067 1.4673359
9.560067 1.4674017
9.580068 1.4674672
9.600068 1.4675326
9.620069 1.4675971
9.640069 1.4676616
9.660069 1.4677258
9.68007 1.4677894
9.70007 1.4678524
9.720071 1.4679152
9.740071 1.4679778
9.760072 1.46804
9.780072 1.4681014
9.800073 1.4681627
9.820073 1.4682237
9.840074 1.4682844
9.860074 1.4683446
9.8800745 1.4684044
9.900075 1.468464
9.920075 1.4685234
9.940076 1.468582
9.960076 1.4686403
9.980077 1.4686981
10.000077 1.4687562
10.020078 1.4688138
