-9.98 -0.8497835
-9.959999 -0.8601557
-9.939999 -0.8701838
-9.919998 -0.87986404
-9.899998 -0.8891921
-9.879997 -0.89816445
-9.859997 -0.90677774
-9.839996 -0.9150282
-9.819996 -0.9229126
-9.799995 -0.9304279
-9.779995 -0.93757087
-9.7599945 -0.9443389
-9.739994 -0.9507293
-9.719994 -0.9567394
-9.699993 -0.9623667
-9.679993 -0.9676091
-9.659992 -0.9724644
-9.639992 -0.9769308
-9.619991 -0.98100626
-9.599991 -0.98468935
-9.57999 -0.9879787
-9.55999 -0.9908728
-9.539989 -0.99337053
-9.519989 -0.9954709
-9.499989 -0.99717295
-9.479988 -0.9984763
-9.459988 -0.99938023
-9.439987 -0.99988437
-9.419987 -0.9999886
-9.399986 -0.9996927
-9.379986 -0.998997
-9.359985 -0.9979017
-9.339985 -0.9964072
-9.319984 -0.9945141
-9.299984 -0.9922234
-9.2799835 -0.98953557
-9.259983 -0.9864519
-9.239983 -0.9829739
-9.219982 -0.9791025
-9.199982 -0.97483945
-9.179981 -0.97018653
-9.159981 -0.9651456
-9.13998 -0.9597184
-9.11998 -0.95390743
-9.099979 -0.947715
-9.079979 -0.9411433
-9.0599785 -0.9341952
-9.039978 -0.92687345
-9.019978 -0.91918087
-8.999977 -0.9111207
-8.979977 -0.9026961
-8.959976 -0.8939102
-8.939976 -0.88476706
-8.919975 -0.87526983
-8.899975 -0.8654225
-8.879974 -0.85522884
-8.859974 -0.84469324
-8.839973 -0.83382
-8.819973 -0.822613
-8.799973 -0.8110769
-8.779972 -0.7992164
-8.759972 -0.7870362
-8.739971 -0.7745412
-8.719971 -0.7617364
-8.69997 -0.74862695
-8.67997 -0.7352176
-8.659969 -0.72151464
-8.639969 -0.7075231
-8.619968 -0.69324833
-8.599968 -0.6786963
-8.5799675 -0.66387296
-8.559967 -0.6487836
-8.539967 -0.63343537
-8.519966 -0.61783344
-8.499966 -0.60198426
-8.479965 -0.58589447
-8.459965 -0.5695701
-8.439964 -0.553018
-8.419964 -0.53624475
-8.399963 -0.51925725
-8.379963 -0.5020617
-8.359962 -0.4846654
-8.339962 -0.46707508
-8.319962 -0.44929835
-8.299961 -0.43134147
-8.279961 -0.4132124
-8.25996 -0.3949178
-8.23996 -0.37646535
-8.219959 -0.35786223
-8.199959 -0.3391158
-8.179958 -0.32023406
-8.159958 -0.30122405
-8.139957 -0.28209352
-8.119957 -0.26285008
-8.0999565 -0.2435018
-8.079956 -0.22405595
-8.059956 -0.20452042
-8.039955 -0.18490307
-8.019955 -0.16521193
-7.9999547 -0.14545497
-7.9799547 -0.12564002
-7.9599547 -0.10577461
-7.9399548 -0.08586701
-7.919955 -0.06592503
-7.899955 -0.045956787
-7.879955 -0.025970004
-7.859955 -0.0059729638
-7.839955 0.0140265655
-7.819955 0.034020524
-7.799955 0.054000683
-7.779955 0.073959455
-7.759955 0.093888514
-7.739955 0.11378002
-7.719955 0.13362606
-7.699955 0.15341865
-7.679955 0.17314984
-7.659955 0.19281183
-7.639955 0.21239658
-7.619955 0.23189656
-7.599955 0.2513036
-7.579955 0.27061027
-7.559955 0.28980863
-7.539955 0.30889103
-7.519955 0.32784986
-7.499955 0.34667784
-7.479955 0.3653668
-7.459955 0.38390988
-7.439955 0.40229917
-7.4199553 0.42052734
-7.3999553 0.43858773
-7.3799553 0.45647275
-7.3599553 0.47417474
-7.3399553 0.49168742
-7.3199553 0.5090033
-7.2999554 0.5261158
-7.2799554 0.54301757
-7.2599554 0.55970216
-7.2399554 0.5761631
-7.2199554 0.59239334
-7.1999555 0.60838693
-7.1799555 0.624137
-7.1599555 0.6396373
-7.1399555 0.65488183
-7.1199555 0.66986465
-7.0999556 0.6845793
-7.0799556 0.69902015
-7.0599556 0.71318156
-7.0399556 0.72705764
-7.0199556 0.74064255
-6.9999557 0.7539319
-6.9799557 0.7669189
-6.9599557 0.77959967
-6.9399557 0.7919683
-6.9199557 0.8040205
-6.8999557 0.8157509
-6.879956 0.82715505
-6.859956 0.83822846
-6.839956 0.84896624
-6.819956 0.8593646
-6.799956 0.8694195
-6.779956 0.87912637
-6.759956 0.8884817
-6.739956 0.8974817
-6.719956 0.9061226
-6.699956 0.9144011
-6.679956 0.9223138
-6.659956 0.9298576
-6.639956 0.93702966
-6.619956 0.9438267
-6.599956 0.9502464
-6.579956 0.95628583
-6.559956 0.9619429
-6.539956 0.96721506
-6.519956 0.9721006
-6.499956 0.97659713
-6.479956 0.980703
-6.459956 0.98441666
-6.439956 0.9877366
-6.419956 0.99066144
-6.399956 0.99319
-6.3799562 0.99532133
-6.3599563 0.9970546
-6.3399563 0.998389
-6.3199563 0.9993241
-6.2999563 0.99985933
-6.2799563 0.9999949
-6.2599564 0.9997302
-6.2399564 0.99906576
-6.2199564 0.9980017
-6.1999564 0.9965384
-6.1799564 0.9946766
-6.1599565 0.992417
-6.1399565 0.9897602
-6.1199565 0.9867077
-6.0999565 0.98326045
-6.0799565 0.97942
-6.0599566 0.97518766
-6.0399566 0.9705654
-6.0199566 0.96555483
-5.9999566 0.9601581
-5.9799566 0.9543773
-5.9599566 0.9482147
-5.9399567 0.94167304
-5.9199567 0.9347545
-5.8999567 0.927462
-5.8799567 0.9197989
-5.8599567 0.91176766
-5.8399568 0.9033718
-5.819957 0.8946144
-5.799957 0.8854994
-5.779957 0.8760302
-5.759957 0.8662106
-5.739957 0.8560443
-5.719957 0.8455358
-5.699957 0.83468896
-5.679957 0.8235084
-5.659957 0.81199837
-5.639957 0.80016345
-5.619957 0.7880087
-5.599957 0.77553874
-5.579957 0.7627585
-5.559957 0.7496734
-5.539957 0.73628783
-5.519957 0.7226082
-5.499957 0.7086395
-5.479957 0.6943873
-5.459957 0.6798573
-5.439957 0.6650558
-5.419957 0.6499874
-5.399957 0.63465977
-5.379957 0.6190782
-5.359957 0.60324854
-5.339957 0.5871783
-5.3199573 0.5708726
-5.2999573 0.5543386
-5.2799573 0.5375833
-5.2599573 0.5206127
-5.2399573 0.50343376
-5.2199574 0.4860536
-5.1999574 0.468479
-5.1799574 0.45071715
-5.1599574 0.4327748
-5.1399574 0.41465947
-5.1199574 0.3963782
-5.0999575 0.37793827
-5.0799575 0.3593475
-5.0599575 0.3406127
-5.0399575 0.3217419
-5.0199575 0.30274224
-4.9999576 0.28362155
-4.9799576 0.26438737
-4.9599576 0.24504751
-4.9399576 0.22560947
-4.9199576 0.20608139
-4.8999577 0.18647076
-4.8799577 0.16678563
-4.8599577 0.14703374
-4.8399577 0.12722312
-4.8199577 0.10736142
-4.7999578 0.087456964
-4.779958 0.06751739
-4.759958 0.04755094
-4.739958 0.02756534
-4.719958 0.007568823
-4.699958 -0.012430711
-4.679958 -0.03242539
-4.659958 -0.05240699
-4.639958 -0.07236773
-4.619958 -0.09229955
-4.599958 -0.1121943
-4.579958 -0.13204426
-4.559958 -0.15184127
-4.539958 -0.17157778
-4.519958 -0.19124554
-4.499958 -0.21083663
-4.479958 -0.23034373
-4.459958 -0.24975854
-4.439958 -0.26907343
-4.419958 -0.28828076
-4.399958 -0.30737275
-4.379958 -0.32634154
-4.359958 -0.3451803
-4.339958 -0.36388078
-4.319958 -0.3824355
-4.299958 -0.40083748
-4.2799582 -0.419079
-4.2599583 -0.43715265
-4.2399583 -0.45505205
-4.2199583 -0.47276905
-4.1999583 -0.490297
-4.1799583 -0.5076287
-4.1599584 -0.52475786
-4.1399584 -0.54167676
-4.1199584 -0.55837893
-4.0999584 -0.57485783
-4.0799584 -0.5911068
-4.0599585 -0.6071195
-4.0399585 -0.6228892
-4.0199585 -0.63840955
-3.9999585 -0.6536747
-3.9799585 -0.66867876
-3.9599586 -0.68341506
-3.9399586 -0.697878
-3.9199586 -0.7120619
-3.8999586 -0.7259608
-3.8799586 -0.7395692
-3.8599586 -0.75288224
-3.8399587 -0.7658939
-3.8199587 -0.7785991
-3.7999587 -0.79099274
-3.7799587 -0.80307055
-3.7599587 -0.8148267
-3.7399588 -0.82625717
-3.7199588 -0.8373571
-3.6999588 -0.84812194
-3.6799588 -0.85854745
-3.6599588 -0.86863
-3.6399589 -0.87836474
-3.6199589 -0.8877482
-3.599959 -0.8967766
-3.579959 -0.90544623
-3.559959 -0.91375387
-3.539959 -0.921696
-3.519959 -0.9292693
-3.499959 -0.93647105
-3.479959 -0.9432983
-3.459959 -0.94974804
-3.439959 -0.95581806
-3.419959 -0.96150565
-3.399959 -0.9668086
-3.379959 -0.9717249
-3.3599591 -0.9762526
-3.3399591 -0.9803898
-3.3199592 -0.98413485
-3.2999592 -0.9874862
-3.2799592 -0.9904427
-3.2599592 -0.99300283
-3.2399592 -0.99516594
-3.2199593 -0.996931
-3.1999593 -0.99829715
-3.1799593 -0.99926406
-3.1599593 -0.9998313
-3.1399593 -0.9999986
-3.1199594 -0.99976605
-3.0999594 -0.9991335
-3.0799594 -0.99810123
-3.0599594 -0.9966699
-3.0399594 -0.9948398
-3.0199594 -0.9926119
-2.9999595 -0.9899868
-2.9799595 -0.98696584
-2.9599595 -0.98354995
-2.9399595 -0.9797408
-2.9199595 -0.9755398
-2.8999596 -0.97094846
-2.8799596 -0.96596885
-2.8599596 -0.9606028
-2.8399596 -0.95485264
-2.8199596 -0.9487204
-2.7999597 -0.9422089
-2.7799597 -0.9353202
-2.7599597 -0.9280577
-2.7399597 -0.92042375
-2.7199597 -0.9124219
-2.6999598 -0.90405494
-2.6799598 -0.8953265
-2.6599598 -0.8862397
-2.6399598 -0.8767987
-2.6199598 -0.8670068
-2.5999599 -0.8568681
-2.5799599 -0.84638655
-2.55996 -0.83556676
-2.53996 -0.82441294
-2.51996 -0.8129286
-2.49996 -0.80111945
-2.47996 -0.78899
-2.45996 -0.7765452
-2.43996 -0.7637895
-2.41996 -0.7507282
-2.39996 -0.73736674
-2.37996 -0.72371024
-2.35996 -0.7097645
-2.33996 -0.69553447
-2.31996 -0.68102646
-2.2999601 -0.6662464
-2.2799602 -0.65119934
-2.2599602 -0.6358918
-2.2399602 -0.62033045
-2.2199602 -0.6045206
-2.1999602 -0.58846885
-2.1799603 -0.57218194
-2.1599603 -0.55566597
-2.1399603 -0.53892785
-2.1199603 -0.5219744
-2.0999603 -0.50481164
-2.0799603 -0.48744747
-2.0599604 -0.46988788
-2.0399604 -0.45214054
-2.0199604 -0.43421245
-1.9999604 -0.41611066
-1.9799604 -0.3978425
-1.9599605 -0.37941512
-1.9399605 -0.360836
-1.9199605 -0.34211245
-1.8999605 -0.32325217
-1.8799605 -0.3042623
-1.8599606 -0.28515095
-1.8399606 -0.26592585
-1.8199606 -0.24659415
-1.7999606 -0.22716369
-1.7799606 -0.20764245
-1.7599607 -0.18803816
-1.7399607 -0.1683586
-1.7199607 -0.14861181
-1.6999607 -0.12880561
-1.6799607 -0.10894762
-1.6599607 -0.089046195
-1.6399608 -0.069109246
-1.6199608 -0.049144577
-1.5999608 -0.029160298
-1.5799608 -0.009164269
-1.5599608 0.010835255
-1.5399609 0.030830525
-1.5199609 0.050813556
-1.4999609 0.070776105
-1.4799609 0.09071054
-1.4599609 0.110608555
-1.439961 0.13046244
-1.419961 0.15026405
-1.399961 0.17000553
-1.379961 0.18967897
-1.359961 0.20927675
-1.339961 0.22879073
-1.3199611 0.24821296
-1.2999611 0.26753622
-1.2799611 0.2867523
-1.2599611 0.30585372
-1.2399611 0.32483298
-1.2199612 0.34368226
-1.1999612 0.362394
-1.1799612 0.38096073
-1.1599612 0.39937505
-1.1399612 0.41762957
-1.1199613 0.4357173
-1.0999613 0.45363063
-1.0799613 0.47136244
-1.0599613 0.4889057
-1.0399613 0.50625336
-1.0199614 0.52339894
-0.9999614 0.54033464
-0.9799614 0.5570545
-0.9599614 0.5735515
-0.93996143 0.589819
-0.91996145 0.6058507
-0.8999615 0.62164015
-0.8799615 0.6371805
-0.8599615 0.6524665
-0.8399615 0.6674915
-0.81996155 0.68224925
-0.79996157 0.69673413
-0.7799616 0.7109404
-0.7599616 0.72486234
-0.7399616 0.73849446
-0.71996164 0.75183105
-0.69996166 0.7648669
-0.6799617 0.7775967
-0.6599617 0.7900156
-0.6399617 0.8021184
-0.61996174 0.8139006
-0.59996176 0.82535714
-0.5799618 0.8364837
-0.5599618 0.8472754
-0.5399618 0.8577284
-0.51996183 0.86783814
-0.49996182 0.8776009
-0.4799618 0.88701254
-0.4599618 0.89606947
-0.4399618 0.90476793
-0.41996178 0.9131045
-0.39996177 0.9210759
-0.37996176 0.92867875
-0.35996175 0.9359103
-0.33996174 0.9427673
-0.31996173 0.94924736
-0.29996172 0.9553478
-0.2799617 0.96106607
-0.2599617 0.9663998
-0.2399617 0.97134703
-0.2199617 0.97590584
-0.1999617 0.9800741
-0.17996171 0.9838506
-0.15996172 0.98723334
-0.13996172 0.9902213
-0.11996172 0.9928132
-0.09996173 0.99500805
-0.07996173 0.9968048
-0.059961732 0.99820286
-0.039961733 0.99920166
-0.019961733 0.9998008
3.8266182E-5 1.0
0.020038266 0.9997993
0.040038265 0.9991986
0.060038265 0.9981982
0.080038264 0.99679863
0.10003826 0.9950004
0.120038256 0.992804
0.14003825 0.99021065
0.16003825 0.9872212
0.18003824 0.9838368
0.20003824 0.98005897
0.22003824 0.9758891
0.24003823 0.9713289
0.26003823 0.9663803
0.28003824 0.96104497
0.30003825 0.95532525
0.32003826 0.9492234
0.34003827 0.94274193
0.36003828 0.9358833
0.3800383 0.92865044
0.4000383 0.92104614
0.4200383 0.9130733
0.44003832 0.9047353
0.46003833 0.8960354
0.48003834 0.8869774
0.5000383 0.87756425
0.5200383 0.86780035
0.5400383 0.85768896
0.56003827 0.8472347
0.58003825 0.836442
0.60003823 0.8253141
0.6200382 0.81385636
0.6400382 0.80207306
0.6600382 0.78996867
0.68003815 0.7775489
0.70003814 0.7648178
0.7200381 0.7517806
0.7400381 0.738443
0.7600381 0.7248097
0.78003806 0.71088684
0.80003804 0.6966794
0.820038 0.6821932
0.840038 0.66743463
0.860038 0.6524087
0.88003796 0.6371217
0.90003794 0.62158024
0.9200379 0.6057901
0.9400379 0.5897573
0.9600379 0.57348907
0.98003787 0.55699116
1.0000379 0.5402705
1.0200379 0.5233339
1.0400379 0.5061876
1.0600379 0.4888391
1.0800378 0.47129506
1.1000378 0.45356253
1.1200378 0.43564847
1.1400378 0.41756037
1.1600378 0.39930516
1.1800377 0.3808902
1.2000377 0.36232263
1.2200377 0.34361047
1.2400377 0.32476076
1.2600377 0.30578128
1.2800376 0.28667936
1.3000376 0.2674626
1.3200376 0.24813926
1.3400376 0.22871631
1.3600376 0.20920199
1.3800375 0.18960412
1.4000375 0.16993028
1.4200375 0.15018848
1.4400375 0.13038656
1.4600375 0.110532716
1.4800375 0.09063443
1.5000374 0.07069998
1.5200374 0.050737217
1.5400374 0.030754218
1.5600374 0.010758826
1.5800374 -0.009240763
1.6000373 -0.029236766
1.6200373 -0.04922098
1.6400373 -0.069185555
1.6600373 -0.08912238
1.6800373 -0.10902369
1.7000372 -0.12888135
1.7200372 -0.14868744
1.7400372 -0.16843396
1.7600372 -0.18811332
1.7800372 -0.20771721
1.8000371 -0.2272382
1.8200371 -0.24666817
1.8400371 -0.26599962
1.8600371 -0.2852244
1.8800371 -0.3043353
1.900037 -0.32332447
1.920037 -0.34218433
1.940037 -0.3609073
1.960037 -0.3794859
1.980037 -0.3979126
2.000037 -0.41618028
2.020037 -0.43428132
2.040037 -0.45220897
2.060037 -0.46995547
2.0800369 -0.4875141
2.1000369 -0.5048776
2.1200368 -0.52203965
2.1400368 -0.5389921
2.1600368 -0.55572957
2.1800368 -0.57224447
2.2000368 -0.5885306
2.2200367 -0.6045815
2.2400367 -0.6203901
2.2600367 -0.6359509
2.2800367 -0.6512574
2.3000367 -0.6663032
2.3200366 -0.6810825
2.3400366 -0.69558936
2.3600366 -0.70981836
2.3800366 -0.7237631
2.4000366 -0.73741823
2.4200366 -0.7507787
2.4400365 -0.76383877
2.4600365 -0.77659327
2.4800365 -0.78903705
2.5000365 -0.8011653
2.5200365 -0.81297314
2.5400364 -0.82445604
2.5600364 -0.83560884
2.5800364 -0.8464273
2.6000364 -0.8569075
2.6200364 -0.86704487
2.6400363 -0.87683547
2.6600363 -0.8862753
2.6800363 -0.89536047
2.7000363 -0.9040876
2.7200363 -0.9124532
2.7400362 -0.9204538
2.7600362 -0.9280862
2.7800362 -0.9353474
2.8000362 -0.9422345
2.8200362 -0.94874465
2.8400362 -0.9548753
2.8600361 -0.96062416
2.880036 -0.9659886
2.900036 -0.9709668
2.920036 -0.97555655
2.940036 -0.9797561
2.960036 -0.9835638
2.980036 -0.98697805
3.000036 -0.98999757
3.020036 -0.9926211
3.040036 -0.99484754
3.060036 -0.9966761
3.080036 -0.99810594
3.100036 -0.9991367
3.120036 -0.9997676
3.1400359 -0.99999887
3.1600358 -0.9998299
3.1800358 -0.9992612
3.2000358 -0.99829274
3.2200358 -0.99692494
3.2400358 -0.9951584
3.2600358 -0.9929939
3.2800357 -0.9904321
3.3000357 -0.9874742
3.3200357 -0.9841212
3.3400357 -0.98037475
3.3600357 -0.97623616
3.3800356 -0.9717069
3.4000356 -0.9667891
3.4200356 -0.9614846
3.4400356 -0.9557955
3.4600356 -0.9497242
3.4800355 -0.94327277
3.5000355 -0.9364443
3.5200355 -0.9292411
3.5400355 -0.92166626
3.5600355 -0.9137229
3.5800354 -0.905414
3.6000354 -0.89674276
3.6200354 -0.8877131
3.6400354 -0.8783283
3.6600354 -0.8685922
3.6800354 -0.85850847
3.7000353 -0.84808147
3.7200353 -0.83731526
3.7400353 -0.8262142
3.7600353 -0.81478244
3.7800353 -0.80302507
3.8000352 -0.79094625
3.8200352 -0.7785511
3.8400352 -0.76584476
3.8600352 -0.75283206
3.8800352 -0.73951805
3.9000351 -0.7259083
3.9200351 -0.7120083
3.940035 -0.6978232
3.960035 -0.6833595
3.980035 -0.668622
4.0000353 -0.6536166
4.0200353 -0.6383504
4.0400352 -0.62282926
4.060035 -0.60705847
4.080035 -0.5910452
4.100035 -0.57479477
4.120035 -0.558315
4.140035 -0.5416123
4.160035 -0.52469265
4.180035 -0.50756276
4.200035 -0.49023005
4.220035 -0.4727014
4.240035 -0.45498383
4.260035 -0.43708378
4.280035 -0.41900918
4.300035 -0.4007672
4.320035 -0.3823645
4.340035 -0.36380947
4.360035 -0.34510812
4.380035 -0.32626915
4.400035 -0.3072997
4.420035 -0.28820726
4.440035 -0.26899946
4.460035 -0.24968423
4.480035 -0.23026899
4.500035 -0.21076171
4.520035 -0.19117017
4.540035 -0.17150216
4.5600348 -0.15176538
4.5800347 -0.13196811
4.6000347 -0.11211797
4.6200347 -0.09222304
4.6400347 -0.072291136
4.6600347 -0.052330397
4.6800346 -0.032348633
4.7000346 -0.012354017
4.7200346 0.007645622
4.7400346 0.027642207
4.7600346 0.04762765
4.7800345 0.0675941
4.8000345 0.08753345
4.8200345 0.10743787
4.8400345 0.12729926
4.8600345 0.14710978
4.8800344 0.1668614
4.9000344 0.18654624
4.9200344 0.20615648
4.9400344 0.22568439
4.9600344 0.24512197
4.9800344 0.26446152
5.0000343 0.28369504
5.0200343 0.30281538
5.0400343 0.3218146
5.0600343 0.34068504
5.0800343 0.35941917
5.100034 0.37800953
5.120034 0.3964487
5.140034 0.41472942
5.160034 0.43284407
5.180034 0.4507858
5.200034 0.46854684
5.220034 0.4861208
5.240034 0.50350004
5.260034 0.52067834
5.280034 0.5376479
5.300034 0.55440265
5.320034 0.5709357
5.340034 0.58724034
5.360034 0.60330987
5.380034 0.61913854
5.400034 0.6347191
5.420034 0.65004593
5.440034 0.66511315
5.460034 0.6799136
5.480034 0.6944427
5.500034 0.7086938
5.520034 0.7226613
5.540034 0.73633987
5.560034 0.7497243
5.580034 0.76280844
5.6000338 0.7755874
5.6200337 0.78805596
5.6400337 0.8002099
5.6600337 0.8120434
5.6800337 0.82355213
5.7000337 0.8347315
5.7200336 0.84557676
5.7400336 0.8560841
5.7600336 0.86624897
5.7800336 0.87606734
5.8000336 0.8855352
5.8200336 0.89464885
5.8400335 0.90340495
5.8600335 0.9117992
5.8800335 0.9198291
5.9000335 0.92749083
5.9200335 0.9347818
5.9400334 0.94169897
5.9600334 0.9482392
5.9800334 0.9544003
6.0000334 0.9601796
6.0200334 0.9655749
6.0400333 0.9705839
6.0600333 0.9752047
6.0800333 0.9794355
6.1000333 0.98327446
6.1200333 0.98672026
6.1400332 0.9897712
6.160033 0.99242634
6.180033 0.99468446
6.200033 0.99654484
6.220033 0.9980066
6.240033 0.9990691
6.260033 0.99973196
6.280033 0.9999951
6.300033 0.999858
6.320033 0.9993212
6.340033 0.9983846
6.360033 0.9970488
6.380033 0.995314
6.400033 0.99318105
6.420033 0.9906509
6.440033 0.9877247
6.460033 0.98440325
6.480033 0.9806881
6.500033 0.9765805
6.520033 0.97208256
6.540033 0.9671956
6.560033 0.961922
6.580033 0.95626336
6.600033 0.9502225
6.620033 0.9438013
6.640033 0.93700284
6.6600327 0.92982924
6.6800327 0.9222842
6.7000327 0.91436994
6.7200327 0.90609014
6.7400327 0.8974475
6.7600327 0.8884464
6.7800326 0.8790896
6.8000326 0.8693815
6.8200326 0.8593252
6.8400326 0.84892565
6.8600326 0.8381864
6.8800325 0.827112
6.9000325 0.8157063
6.9200325 0.80397487
6.9400325 0.7919211
6.9600325 0.77955157
6.9800324 0.76686954
7.0000324 0.75388134
7.0200324 0.74059063
7.0400324 0.7270048
7.0600324 0.71312743
7.0800323 0.69896513
7.1000323 0.6845231
7.1200323 0.6698077
7.1400323 0.65482354
7.1600323 0.63957834
7.1800323 0.6240767
7.200032 0.6083258
7.220032 0.59233105
7.240032 0.5761003
7.260032 0.5596381
7.280032 0.5429531
7.300032 0.52605
7.320032 0.50893736
7.340032 0.4916201
7.360032 0.4741072
7.380032 0.45640397
7.400032 0.43851873
7.420032 0.42045724
7.440032 0.40222892
7.460032 0.3838385
7.480032 0.36529547
7.500032 0.34660518
7.520032 0.32777733
7.540032 0.30881757
7.560032 0.28973502
7.580032 0.27053583
7.600032 0.2512293
7.620032 0.23182136
7.640032 0.21232149
7.660032 0.192736
7.680032 0.1730743
7.7000318 0.15334219
7.7200317 0.13354999
7.7400317 0.11370327
7.7600317 0.09381216
7.7800317 0.07388237
7.8000317 0.05392401
7.8200316 0.03394326
7.8400316 0.013949783
7.8600316 -0.006050062
7.8800316 -0.026046678
7.9000316 -0.046033803
7.9200315 -0.06600158
7.9400315 -0.08594393
7.9600315 -0.10585084
7.9800315 -0.12571655
8.000031 -0.14553085
8.020032 -0.1652879
8.040032 -0.18497896
8.060033 -0.20459592
8.080033 -0.22413106
8.100034 -0.24357665
8.120034 -0.2629247
8.140035 -0.2821676
8.160035 -0.3012975
8.180036 -0.3203071
8.200036 -0.3391885
8.2200365 -0.35793424
8.240037 -0.37653688
8.260037 -0.39498872
8.280038 -0.41328272
8.300038 -0.43141115
8.320039 -0.44936734
8.340039 -0.46714348
8.36004 -0.4847329
8.38004 -0.50212836
8.400041 -0.5193231
8.420041 -0.5363101
8.440042 -0.55308247
8.460042 -0.5696335
8.480042 -0.58595693
8.500043 -0.6020458
8.520043 -0.617894
8.540044 -0.633495
8.560044 -0.64884245
8.580045 -0.6639304
8.600045 -0.67875314
8.620046 -0.6933037
8.640046 -0.7075776
8.660047 -0.72156805
8.680047 -0.73526984
8.7000475 -0.7486781
8.720048 -0.7617861
8.740048 -0.77458984
8.760049 -0.78708357
8.780049 -0.7992626
8.80005 -0.8111218
8.82005 -0.82265675
8.840051 -0.8338624
8.860051 -0.8447345
8.880052 -0.8552688
8.900052 -0.8654611
8.920053 -0.8753072
8.940053 -0.88480294
8.960053 -0.89394486
8.980054 -0.9027292
9.000054 -0.91115254
9.020055 -0.9192112
9.040055 -0.9269023
9.060056 -0.9342227
9.080056 -0.94116926
9.100057 -0.9477395
9.120057 -0.9539306
9.140058 -0.9597401
9.160058 -0.96516573
9.1800585 -0.9702052
9.200059 -0.9748567
9.220059 -0.97911817
9.24006 -0.982988
9.26006 -0.9864646
9.280061 -0.98954666
9.300061 -0.99223286
9.320062 -0.9945222
9.340062 -0.99641377
9.360063 -0.9979066
9.380063 -0.99900043
9.4000635 -0.9996946
9.420064 -0.99998885
9.440064 -0.9998832
9.460065 -0.9993774
9.480065 -0.99847215
9.500066 -0.9971673
9.520066 -0.99546355
9.540067 -0.9933617
9.560067 -0.9908625
9.580068 -0.98796684
9.600068 -0.9846762
9.620069 -0.9809914
9.640069 -0.97691435
9.660069 -0.97244656
9.68007 -0.96758974
9.70007 -0.96234596
9.720071 -0.9567171
9.740071 -0.9507056
9.760072 -0.9443138
9.780072 -0.9375444
9.800073 -0.9303999
9.820073 -0.92288315
9.840074 -0.9149973
9.860074 -0.90674555
9.8800745 -0.89813095
9.900075 -0.88915724
9.920075 -0.8798278
9.940076 -0.8701462
9.960076 -0.8601168
9.980077 -0.8497433
10.000077 -0.83903
10.020078 -0.82798094
