-4.99 -0.16304493
-4.9799995 -0.16371322
-4.9699993 -0.1645987
-4.959999 -0.16569996
-4.949999 -0.16701913
-4.9399986 -0.16854
-4.9299984 -0.17026591
-4.919998 -0.17218828
-4.909998 -0.17430687
-4.8999977 -0.17660928
-4.8899975 -0.1791004
-4.8799973 -0.18177211
-4.869997 -0.18461442
-4.859997 -0.18763435
-4.8499966 -0.19081557
-4.8399963 -0.19416058
-4.829996 -0.19766903
-4.819996 -0.20133018
-4.8099957 -0.20514011
-4.7999954 -0.2090962
-4.789995 -0.21319735
-4.779995 -0.21743608
-4.7699947 -0.22181356
-4.7599945 -0.22631729
-4.7499943 -0.23095012
-4.739994 -0.2357086
-4.729994 -0.24058759
-4.7199936 -0.24558306
-4.7099934 -0.25069308
-4.699993 -0.2559091
-4.689993 -0.26123548
-4.6799927 -0.26666462
-4.6699924 -0.2721926
-4.659992 -0.2778132
-4.649992 -0.28353453
-4.6399918 -0.28934026
-4.6299915 -0.2952367
-4.6199913 -0.30121386
-4.609991 -0.3072729
-4.599991 -0.3134085
-4.5899906 -0.31962037
-4.5799904 -0.32590252
-4.56999 -0.33225554
-4.55999 -0.3386742
-4.5499897 -0.34515303
-4.5399895 -0.35169452
-4.5299892 -0.3582936
-4.519989 -0.3649441
-4.509989 -0.3716498
-4.4999886 -0.37840468
-4.4899883 -0.38520533
-4.479988 -0.39204973
-4.469988 -0.39893687
-4.4599876 -0.40586084
-4.4499874 -0.41282374
-4.439987 -0.4198178
-4.429987 -0.42684633
-4.4199867 -0.4339038
-4.4099865 -0.4409868
-4.3999863 -0.44809568
-4.389986 -0.45522416
-4.379986 -0.46237326
-4.3699856 -0.46954042
-4.3599854 -0.47672355
-4.349985 -0.48391992
-4.339985 -0.49112773
-4.3299847 -0.49834353
-4.3199844 -0.50556546
-4.309984 -0.51279235
-4.299984 -0.5200219
-4.2899837 -0.52725166
-4.2799835 -0.53448325
-4.2699833 -0.5417069
-4.259983 -0.5489286
-4.249983 -0.55614007
-4.2399826 -0.563344
-4.2299824 -0.5705377
-4.219982 -0.5777181
-4.209982 -0.58488274
-4.1999817 -0.5920321
-4.1899815 -0.5991615
-4.179981 -0.6062726
-4.169981 -0.613362
-4.159981 -0.6204282
-4.1499805 -0.6274681
-4.1399803 -0.63448024
-4.12998 -0.6414666
-4.11998 -0.6484207
-4.1099796 -0.65534604
-4.0999794 -0.6622362
-4.089979 -0.66909146
-4.079979 -0.6759089
-4.0699787 -0.68269074
-4.0599785 -0.68943447
-4.0499783 -0.69613534
-4.039978 -0.7027946
-4.029978 -0.7094106
-4.0199776 -0.7159806
-4.0099773 -0.7225057
-3.9999774 -0.7289832
-3.9899774 -0.73541033
-3.9799774 -0.74178743
-3.9699774 -0.7481133
-3.9599774 -0.7543863
-3.9499774 -0.76060486
-3.9399774 -0.76676726
-3.9299774 -0.77287316
-3.9199774 -0.77892244
-3.9099774 -0.7849113
-3.8999774 -0.79084146
-3.8899775 -0.79670954
-3.8799775 -0.8025152
-3.8699775 -0.8082559
-3.8599775 -0.8139334
-3.8499775 -0.8195444
-3.8399775 -0.8250887
-3.8299775 -0.83056617
-3.8199775 -0.83597213
-3.8099775 -0.8413107
-3.7999775 -0.84657764
-3.7899776 -0.8517715
-3.7799776 -0.85689354
-3.7699776 -0.8619416
-3.7599776 -0.86691535
-3.7499776 -0.87181365
-3.7399776 -0.87663394
-3.7299776 -0.8813779
-3.7199776 -0.8860434
-3.7099776 -0.8906296
-3.6999776 -0.89513636
-3.6899776 -0.8995621
-3.6799777 -0.9039059
-3.6699777 -0.9081681
-3.6599777 -0.9123467
-3.6499777 -0.91644156
-3.6399777 -0.920452
-3.6299777 -0.9243768
-3.6199777 -0.9282154
-3.6099777 -0.9319682
-3.5999777 -0.9356327
-3.5899777 -0.9392099
-3.5799778 -0.94269764
-3.5699778 -0.9460971
-3.5599778 -0.9494065
-3.5499778 -0.9526251
-3.5399778 -0.95575297
-3.5299778 -0.9587885
-3.5199778 -0.96173203
-3.5099778 -0.96458244
-3.4999778 -0.9673409
-3.4899778 -0.97000426
-3.4799778 -0.9725736
-3.4699779 -0.9750486
-3.4599779 -0.97742856
-3.4499779 -0.97971153
-3.439978 -0.9818996
-3.429978 -0.9839905
-3.419978 -0.9859853
-3.409978 -0.98788196
-3.399978 -0.9896809
-3.389978 -0.9913815
-3.379978 -0.9929838
-3.369978 -0.9944878
-3.359978 -0.995892
-3.349978 -0.9971969
-3.339978 -0.9984018
-3.329978 -0.9995074
-3.319978 -1.0005124
-3.309978 -1.0014155
-3.299978 -1.0022191
-3.289978 -1.002921
-3.279978 -1.0035217
-3.269978 -1.004021
-3.259978 -1.0044184
-3.249978 -1.0047139
-3.239978 -1.0049075
-3.229978 -1.0049978
-3.219978 -1.0049863
-3.209978 -1.004873
-3.199978 -1.0046566
-3.1899781 -1.0043372
-3.1799781 -1.0039145
-3.1699781 -1.0033895
-3.1599782 -1.0027614
-3.1499782 -1.0020298
-3.1399782 -1.0011948
-3.1299782 -1.0002571
-3.1199782 -0.9992161
-3.1099782 -0.9980722
-3.0999782 -0.99682444
-3.0899782 -0.9954736
-3.0799782 -0.9940202
-3.0699782 -0.99246305
-3.0599782 -0.99080265
-3.0499783 -0.98903954
-3.0399783 -0.9871734
-3.0299783 -0.9852046
-3.0199783 -0.98313254
-3.0099783 -0.9809579
-2.9999783 -0.9786808
-2.9899783 -0.9763015
-2.9799783 -0.9738196
-2.9699783 -0.9712352
-2.9599783 -0.9685496
-2.9499784 -0.9657617
-2.9399784 -0.9628721
-2.9299784 -0.9598813
-2.9199784 -0.95678955
-2.9099784 -0.9535971
-2.8999784 -0.95030296
-2.8899784 -0.94690907
-2.8799784 -0.94341433
-2.8699784 -0.93982035
-2.8599784 -0.9361261
-2.8499784 -0.9323329
-2.8399785 -0.92843986
-2.8299785 -0.9244487
-2.8199785 -0.9203589
-2.8099785 -0.9161706
-2.7999785 -0.9118847
-2.7899785 -0.90750176
-2.7799785 -0.9030213
-2.7699785 -0.898444
-2.7599785 -0.8937707
-2.7499785 -0.8890016
-2.7399786 -0.88413644
-2.7299786 -0.8791766
-2.7199786 -0.8741218
-2.7099786 -0.8689726
-2.6999786 -0.86372995
-2.6899786 -0.8583938
-2.6799786 -0.85296464
-2.6699786 -0.8474431
-2.6599786 -0.84182966
-2.6499786 -0.8361248
-2.6399786 -0.8303288
-2.6299787 -0.8244425
-2.6199787 -0.8184664
-2.6099787 -0.8124009
-2.5999787 -0.8062465
-2.5899787 -0.8000038
-2.5799787 -0.7936732
-2.5699787 -0.7872558
-2.5599787 -0.7807516
-2.5499787 -0.77416134
-2.5399787 -0.76748586
-2.5299788 -0.76072556
-2.5199788 -0.753881
-2.5099788 -0.74695295
-2.4999788 -0.73994195
-2.4899788 -0.7328485
-2.4799788 -0.72567356
-2.4699788 -0.7184175
-2.4599788 -0.7110812
-2.4499788 -0.70366526
-2.4399788 -0.69617075
-2.4299788 -0.6885975
-2.4199789 -0.6809465
-2.4099789 -0.6732191
-2.3999789 -0.6654154
-2.389979 -0.6575361
-2.379979 -0.64958227
-2.369979 -0.64155453
-2.359979 -0.6334534
-2.349979 -0.62527984
-2.339979 -0.6170347
-2.329979 -0.6087184
-2.319979 -0.600332
-2.309979 -0.59187627
-2.299979 -0.5833519
-2.289979 -0.5747597
-2.279979 -0.5661006
-2.269979 -0.5573753
-2.259979 -0.5485846
-2.249979 -0.53972924
-2.239979 -0.53081024
-2.229979 -0.52182823
-2.219979 -0.5127844
-2.209979 -0.5036793
-2.199979 -0.4945139
-2.189979 -0.48528895
-2.179979 -0.47600535
-2.169979 -0.46666408
-2.159979 -0.4572659
-2.149979 -0.44781178
-2.1399791 -0.4383026
-2.1299791 -0.42873904
-2.1199791 -0.4191224
-2.1099792 -0.40945348
-2.0999792 -0.39973313
-2.0899792 -0.38996202
-2.0799792 -0.38014144
-2.0699792 -0.3702721
-2.0599792 -0.36035514
-2.0499792 -0.35039118
-2.0399792 -0.34038135
-2.0299792 -0.33032668
-2.0199792 -0.32022795
-2.0099792 -0.3100863
-1.9999793 -0.29990265
-1.9899793 -0.2896779
-1.9799793 -0.27941298
-1.9699793 -0.26910898
-1.9599793 -0.2587668
-1.9499793 -0.24838738
-1.9399793 -0.23797196
-1.9299793 -0.22752115
-1.9199793 -0.21703617
-1.9099793 -0.20651801
-1.8999794 -0.19596772
-1.8899794 -0.18538618
-1.8799794 -0.17477448
-1.8699794 -0.16413353
-1.8599794 -0.15346451
-1.8499794 -0.14276826
-1.8399794 -0.13204592
-1.8299794 -0.12129848
-1.8199794 -0.11052697
-1.8099794 -0.09973231
-1.7999794 -0.08891575
-1.7899795 -0.078078054
-1.7799795 -0.06722049
-1.7699795 -0.05634401
-1.7599795 -0.04544968
-1.7499795 -0.034538552
-1.7399795 -0.023611587
-1.7299795 -0.012669794
-1.7199795 -0.0017144469
-1.7099795 0.009253662
-1.6999795 0.020233357
-1.6899796 0.031223621
-1.6799796 0.042223327
-1.6699796 0.053231586
-1.6599796 0.06424713
-1.6499796 0.07526912
-1.6399796 0.08629634
-1.6299796 0.097327694
-1.6199796 0.10836244
-1.6099796 0.11939914
-1.5999796 0.1304369
-1.5899796 0.14147472
-1.5799797 0.1525114
-1.5699797 0.16354603
-1.5599797 0.17457744
-1.5499797 0.18560462
-1.5399797 0.19662651
-1.5299797 0.20764202
-1.5199797 0.21865022
-1.5099797 0.22964983
-1.4999797 0.24063998
-1.4899797 0.25161958
-1.4799798 0.26258752
-1.4699798 0.27354276
-1.4599798 0.2844842
-1.4499798 0.29541105
-1.4399798 0.30632183
-1.4299798 0.3172159
-1.4199798 0.32809195
-1.4099798 0.33894902
-1.3999798 0.34978607
-1.3899798 0.3606021
-1.3799798 0.3713959
-1.3699799 0.3821667
-1.3599799 0.39291325
-1.3499799 0.4036346
-1.3399799 0.4143297
-1.3299799 0.42499754
-1.3199799 0.435637
-1.3099799 0.44624722
-1.2999799 0.45682704
-1.2899799 0.46737558
-1.27998 0.47789162
-1.26998 0.48837432
-1.25998 0.49882266
-1.24998 0.5092355
-1.23998 0.519612
-1.22998 0.5299511
-1.21998 0.54025173
-1.20998 0.55051297
-1.19998 0.5607339
-1.18998 0.5709133
-1.17998 0.5810504
-1.16998 0.59114426
-1.15998 0.60119385
-1.1499801 0.61119795
-1.1399801 0.621156
-1.1299801 0.6310667
-1.1199801 0.64092934
-1.1099801 0.65074295
-1.0999801 0.66050637
-1.0899801 0.6702188
-1.0799801 0.67987937
-1.0699801 0.68948704
-1.0599802 0.69904095
-1.0499802 0.70854
-1.0399802 0.71798366
-1.0299802 0.72737056
-1.0199802 0.73670006
-1.0099802 0.7459714
-0.9999802 0.7551833
-0.9899802 0.7643351
-0.97998023 0.77342594
-0.96998024 0.78245485
-0.95998025 0.791421
-0.94998026 0.8003235
-0.93998027 0.80916154
-0.9299803 0.8179342
-0.9199803 0.8266407
-0.9099803 0.83528024
-0.8999803 0.8438518
-0.8899803 0.85235476
-0.8799803 0.8607881
-0.86998034 0.8691512
-0.85998034 0.87744313
-0.84998035 0.8856631
-0.83998036 0.8938104
-0.8299804 0.901884
-0.8199804 0.90988356
-0.8099804 0.9178078
-0.7999804 0.9256564
-0.7899804 0.93342835
-0.7799804 0.94112283
-0.76998043 0.9487393
-0.75998044 0.956277
-0.74998045 0.96373504
-0.73998046 0.97111285
-0.72998047 0.97840965
-0.7199805 0.9856248
-0.7099805 0.99275744
-0.6999805 0.9998071
-0.6899805 1.006773
-0.6799805 1.0136544
-0.6699805 1.0204506
-0.65998054 1.0271611
-0.64998055 1.0337853
-0.63998055 1.0403224
-0.62998056 1.0467718
-0.6199806 1.0531329
-0.6099806 1.0594051
-0.5999806 1.0655876
-0.5899806 1.0716803
-0.5799806 1.0776819
-0.5699806 1.0835923
-0.55998063 1.0894109
-0.54998064 1.0951371
-0.53998065 1.1007704
-0.52998066 1.10631
-0.51998067 1.1117554
-0.5099807 1.1171066
-0.4999807 1.1223624
-0.4899807 1.1275227
-0.4799807 1.1325867
-0.46998072 1.1375543
-0.45998073 1.1424247
-0.44998074 1.1471975
-0.43998075 1.1518724
-0.42998075 1.1564487
-0.41998076 1.1609259
-0.40998077 1.1653041
-0.39998078 1.1695822
-0.3899808 1.1737604
-0.3799808 1.1778378
-0.3699808 1.1818143
-0.35998082 1.1856893
-0.34998083 1.1894627
-0.33998084 1.193134
-0.32998085 1.1967028
-0.31998086 1.2001688
-0.30998087 1.2035315
-0.29998088 1.2067908
-0.2899809 1.2099464
-0.2799809 1.2129977
-0.2699809 1.2159446
-0.25998092 1.218787
-0.24998091 1.2215244
-0.2399809 1.2241563
-0.2299809 1.2266833
-0.2199809 1.2291042
-0.20998089 1.2314191
-0.19998088 1.2336278
-0.18998088 1.2357303
-0.17998087 1.237726
-0.16998087 1.239615
-0.15998086 1.2413971
-0.14998086 1.2430719
-0.13998085 1.2446395
-0.12998085 1.2460996
-0.11998085 1.2474521
-0.10998085 1.2486969
-0.09998085 1.2498338
-0.089980856 1.2508628
-0.07998086 1.2517836
-0.06998086 1.2525963
-0.05998086 1.2533009
-0.049980864 1.2538971
-0.039980866 1.2543851
-0.029980866 1.2547644
-0.019980866 1.2550354
-0.009980867 1.2551979
1.9133091E-5 1.255252
0.010019133 1.2551975
0.020019133 1.2550346
0.030019132 1.2547631
0.040019132 1.2543834
0.05001913 1.2538949
0.060019128 1.2532984
0.070019126 1.2525934
0.080019124 1.2517804
0.09001912 1.250859
0.10001912 1.2498296
0.11001912 1.2486923
0.120019116 1.2474471
0.13001911 1.2460942
0.14001912 1.2446337
0.15001912 1.2430657
0.16001913 1.2413905
0.17001913 1.2396079
0.18001914 1.2377187
0.19001915 1.2357224
0.20001915 1.2336196
0.21001916 1.2314105
0.22001916 1.229095
0.23001917 1.2266737
0.24001917 1.2241466
0.25001916 1.2215141
0.26001915 1.2187762
0.27001914 1.2159337
0.28001913 1.2129862
0.29001912 1.2099344
0.30001912 1.2067784
0.3100191 1.2035189
0.3200191 1.2001557
0.3300191 1.1966895
0.34001908 1.1931201
0.35001907 1.1894485
0.36001906 1.1856748
0.37001905 1.1817994
0.38001904 1.1778225
0.39001903 1.1737446
0.40001902 1.1695662
0.410019 1.1652875
0.420019 1.160909
0.430019 1.1564313
0.44001898 1.1518548
0.45001897 1.1471795
0.46001896 1.1424061
0.47001895 1.1375356
0.48001894 1.1325675
0.49001893 1.1275032
0.50001895 1.1223423
0.51001894 1.1170862
0.52001894 1.1117349
0.5300189 1.106289
0.5400189 1.1007489
0.5500189 1.0951154
0.5600189 1.089389
0.5700189 1.0835699
0.5800189 1.0776591
0.59001887 1.0716571
0.60001886 1.0655643
0.61001885 1.0593812
0.62001884 1.0531088
0.63001883 1.0467473
0.6400188 1.0402975
0.6500188 1.0337601
0.6600188 1.0271356
0.6700188 1.0204247
0.6800188 1.0136284
0.6900188 1.0067465
0.70001876 0.99978024
0.71001875 0.9927304
0.72001874 0.98559725
0.73001873 0.97838193
0.7400187 0.9710848
0.7500187 0.9637066
0.7600187 0.9562483
0.7700187 0.9487103
0.7800187 0.9410935
0.7900187 0.9333987
0.80001867 0.92562646
0.81001866 0.9177776
0.82001865 0.9098531
0.83001864 0.90185326
0.84001863 0.89377934
0.8500186 0.88563174
0.8600186 0.87741154
0.8700186 0.8691193
0.8800186 0.860756
0.8900186 0.8523223
0.9000186 0.84381914
0.91001856 0.8352473
0.92001855 0.8266076
0.93001854 0.81790084
0.94001853 0.80912787
0.9500185 0.8002896
0.9600185 0.7913868
0.9700185 0.78242046
0.9800185 0.7733913
0.9900185 0.7643002
1.0000185 0.7551481
1.0100185 0.74593604
1.0200185 0.7366645
1.0300184 0.7273348
1.0400184 0.7179476
1.0500184 0.7085038
1.0600184 0.6990044
1.0700184 0.6894504
1.0800184 0.6798425
1.0900184 0.67018175
1.1000184 0.6604691
1.1100184 0.65070546
1.1200184 0.6408917
1.1300184 0.63102883
1.1400183 0.62111795
1.1500183 0.61115974
1.1600183 0.6011554
1.1700183 0.59110576
1.1800183 0.5810118
1.1900183 0.57087445
1.2000183 0.5606948
1.2100183 0.55047375
1.2200183 0.5402124
1.2300183 0.5299116
1.2400182 0.51957244
1.2500182 0.5091957
1.2600182 0.49878272
1.2700182 0.48833433
1.2800182 0.47785148
1.2900182 0.46733528
1.3000182 0.45678666
1.3100182 0.44620663
1.3200182 0.43559635
1.3300182 0.42495674
1.3400182 0.4142888
1.3500181 0.4035936
1.3600181 0.39287218
1.3700181 0.38212553
1.3800181 0.3713547
1.3900181 0.36056075
1.4000181 0.34974465
1.4100181 0.33890754
1.4200181 0.32805035
1.4300181 0.31717423
1.440018 0.30628014
1.450018 0.29536918
1.460018 0.28444245
1.470018 0.27350086
1.480018 0.2625456
1.490018 0.25157762
1.500018 0.2405979
1.510018 0.22960784
1.520018 0.2186081
1.530018 0.2075999
1.540018 0.19658437
1.550018 0.1855624
1.560018 0.17453521
1.5700179 0.1635038
1.5800179 0.1524692
1.5900179 0.14143243
1.6000179 0.13039462
1.6100179 0.11935686
1.6200179 0.10832018
1.6300179 0.09728554
1.6400179 0.086254105
1.6500179 0.07522689
1.6600178 0.064204976
1.6700178 0.05318947
1.6800178 0.04218124
1.6900178 0.031181574
1.7000178 0.020191314
1.7100178 0.009211641
1.7200178 -0.0017563795
1.7300178 -0.012711675
1.7400178 -0.0236534
1.7500178 -0.034580346
1.7600178 -0.045491394
1.7700177 -0.056385677
1.7800177 -0.06726216
1.7900177 -0.07811964
1.8000177 -0.08895709
1.8100177 -0.099773645
1.8200177 -0.11056819
1.8300177 -0.12133959
1.8400177 -0.13208693
1.8500177 -0.14280929
1.8600177 -0.1535054
1.8700176 -0.1641743
1.8800176 -0.17481512
1.8900176 -0.18542674
1.9000176 -0.19600818
1.9100176 -0.20655847
1.9200176 -0.21707644
1.9300176 -0.22756127
1.9400176 -0.23801184
1.9500176 -0.24842721
1.9600176 -0.25880644
1.9700176 -0.26914847
1.9800175 -0.27945238
1.9900175 -0.28971708
2.0000176 -0.29994187
2.0100176 -0.3101253
2.0200176 -0.3202668
2.0300176 -0.33036545
2.0400176 -0.34041983
2.0500176 -0.35042945
2.0600176 -0.36039314
2.0700176 -0.37031004
2.0800176 -0.3801792
2.0900176 -0.38999966
2.1000175 -0.39977044
2.1100175 -0.4094907
2.1200175 -0.41915965
2.1300175 -0.4287759
2.1400175 -0.4383391
2.1500175 -0.44784814
2.1600175 -0.45730212
2.1700175 -0.46669996
2.1800175 -0.47604102
2.1900175 -0.4853244
2.2000175 -0.49454916
2.2100174 -0.5037144
2.2200174 -0.5128192
2.2300174 -0.52186286
2.2400174 -0.5308444
2.2500174 -0.5397632
2.2600174 -0.5486183
2.2700174 -0.55740887
2.2800174 -0.5661339
2.2900174 -0.574793
2.3000174 -0.5833849
2.3100173 -0.5919089
2.3200173 -0.60036445
2.3300173 -0.6087505
2.3400173 -0.6170663
2.3500173 -0.6253114
2.3600173 -0.63348466
2.3700173 -0.6415854
2.3800173 -0.6496129
2.3900173 -0.65756667
2.4000173 -0.6654454
2.4100173 -0.673249
2.4200172 -0.6809764
2.4300172 -0.6886265
2.4400172 -0.6961994
2.4500172 -0.70369405
2.4600172 -0.7111097
2.4700172 -0.71844554
2.4800172 -0.7257013
2.4900172 -0.73287576
2.5000172 -0.73996866
2.5100172 -0.7469797
2.5200171 -0.7539075
2.5300171 -0.76075137
2.5400171 -0.7675114
2.550017 -0.7741869
2.560017 -0.78077674
2.570017 -0.78728056
2.580017 -0.7936977
2.590017 -0.8000278
2.600017 -0.80627024
2.610017 -0.8124243
2.620017 -0.8184898
2.630017 -0.82446545
2.640017 -0.8303511
2.650017 -0.8361469
2.660017 -0.8418516
2.670017 -0.84746444
2.680017 -0.85298574
2.690017 -0.85841435
2.700017 -0.86375016
2.710017 -0.86899275
2.720017 -0.8741413
2.730017 -0.8791956
2.740017 -0.8841553
2.750017 -0.88901967
2.760017 -0.89378893
2.770017 -0.89846176
2.780017 -0.90303874
2.790017 -0.9075187
2.8000169 -0.91190183
2.8100169 -0.91618717
2.8200169 -0.9203747
2.8300169 -0.924464
2.8400168 -0.9284552
2.8500168 -0.9323474
2.8600168 -0.9361406
2.8700168 -0.9398341
2.8800168 -0.94342804
2.8900168 -0.9469221
2.9000168 -0.9503159
2.9100168 -0.9536093
2.9200168 -0.9568018
2.9300168 -0.95989347
2.9400167 -0.96288383
2.9500167 -0.96577245
2.9600167 -0.96855986
2.9700167 -0.97124565
2.9800167 -0.9738291
2.9900167 -0.9763107
3.0000167 -0.9786899
3.0100167 -0.98096675
3.0200167 -0.9831404
3.0300167 -0.9852121
3.0400167 -0.9871805
3.0500166 -0.98904663
3.0600166 -0.9908095
3.0700166 -0.99246913
3.0800166 -0.99402606
3.0900166 -0.9954791
3.1000166 -0.9968295
3.1100166 -0.99807644
3.1200166 -0.99922055
3.1300166 -1.0002612
3.1400166 -1.0011984
3.1500165 -1.002033
3.1600165 -1.0027635
3.1700165 -1.0033913
3.1800165 -1.0039164
3.1900165 -1.0043387
3.2000165 -1.0046576
3.2100165 -1.0048738
3.2200165 -1.0049871
3.2300165 -1.0049977
3.2400165 -1.0049062
3.2500165 -1.0047122
3.2600164 -1.0044174
3.2700164 -1.0040195
3.2800164 -1.0035193
3.2900164 -1.0029187
3.3000164 -1.0022163
3.3100164 -1.0014125
3.3200164 -1.0005081
3.3300164 -0.9995033
3.3400164 -0.99839765
3.3500164 -0.99719226
3.3600163 -0.9958867
3.3700163 -0.994482
3.3800163 -0.9929777
3.3900163 -0.9913754
3.4000163 -0.98967385
3.4100163 -0.9878742
3.4200163 -0.98597735
3.4300163 -0.9839828
3.4400163 -0.98189104
3.4500163 -0.9797033
3.4600163 -0.97741973
3.4700162 -0.9750396
3.4800162 -0.9725641
3.4900162 -0.96999395
3.5000162 -0.96733
3.5100162 -0.9645723
3.5200162 -0.96172094
3.5300162 -0.95877683
3.5400162 -0.9557406
3.5500162 -0.95261264
3.5600162 -0.949394
3.5700161 -0.9460841
3.5800161 -0.942685
3.5900161 -0.9391964
3.600016 -0.9356191
3.610016 -0.93195397
3.620016 -0.92820156
3.630016 -0.92436224
3.640016 -0.92043597
3.650016 -0.9164255
3.660016 -0.9123314
3.670016 -0.90815216
3.680016 -0.9038894
3.690016 -0.8995453
3.700016 -0.8951194
3.710016 -0.8906123
3.720016 -0.88602567
3.730016 -0.8813606
3.740016 -0.87661594
3.750016 -0.87179434
3.760016 -0.8668961
3.770016 -0.8619225
3.780016 -0.85687405
3.790016 -0.85175276
3.800016 -0.8465571
3.810016 -0.8412898
3.820016 -0.8359532
3.830016 -0.83054405
3.840016 -0.8250682
3.8500159 -0.8195226
3.8600159 -0.81391186
3.8700159 -0.80823404
3.8800159 -0.80249244
3.8900158 -0.7966872
3.9000158 -0.7908187
3.9100158 -0.7848887
3.9200158 -0.77889955
3.9300158 -0.7728498
3.9400158 -0.7667437
3.9500158 -0.7605801
3.9600158 -0.7543623
3.9700158 -0.7480893
3.9800158 -0.7417643
3.9900157 -0.7353857
4.0000157 -0.7289577
4.010016 -0.72248125
4.020016 -0.7159561
4.0300164 -0.7093851
4.0400167 -0.7027687
4.050017 -0.6961092
4.060017 -0.6894078
4.0700173 -0.6826632
4.0800176 -0.6758834
4.090018 -0.6690637
4.100018 -0.6622075
4.1100183 -0.655318
4.1200185 -0.6483934
4.1300187 -0.6414394
4.140019 -0.6344554
4.150019 -0.6274394
4.1600194 -0.62039983
4.1700196 -0.6133344
4.18002 -0.6062454
4.19002 -0.5991349
4.2000203 -0.59200525
4.2100205 -0.5848565
4.220021 -0.577688
4.230021 -0.5705098
4.240021 -0.5633168
4.2500215 -0.5561123
4.2600217 -0.5489004
4.270022 -0.54167986
4.280022 -0.53445506
4.2900224 -0.52722466
4.3000226 -0.5199953
4.310023 -0.51276344
4.320023 -0.50553656
4.3300233 -0.498316
4.3400235 -0.49109995
4.3500237 -0.48389292
4.360024 -0.4766962
4.370024 -0.46951336
4.3800244 -0.46234626
4.3900247 -0.45519656
4.400025 -0.44806862
4.410025 -0.4409594
4.4200253 -0.4338764
4.4300256 -0.42681837
4.440026 -0.4197924
4.450026 -0.41279662
4.4600263 -0.40583438
4.4700265 -0.39891028
4.4800267 -0.39202362
4.490027 -0.3851781
4.500027 -0.37837762
4.5100274 -0.3716222
4.5200276 -0.36491948
4.530028 -0.35826653
4.540028 -0.35166812
4.5500283 -0.34512883
4.5600286 -0.3386472
4.570029 -0.33223033
4.580029 -0.32587934
4.5900292 -0.31959522
4.6000295 -0.31338382
4.6100297 -0.30724847
4.62003 -0.30119073
4.63003 -0.29521167
4.6400304 -0.28931868
4.6500306 -0.2835108
4.660031 -0.2777915
4.670031 -0.27216923
4.6800313 -0.2666403
4.6900315 -0.26121306
4.7000318 -0.25588918
4.710032 -0.2506696
4.720032 -0.24556506
4.7300324 -0.24056685
4.7400327 -0.2356906
4.750033 -0.23093402
4.760033 -0.22630417
4.7700334 -0.2217927
4.7800336 -0.2174226
4.790034 -0.2131803
4.800034 -0.20908058
4.8100343 -0.20512342
4.8200345 -0.20131385
4.8300347 -0.19765389
4.840035 -0.19415009
4.850035 -0.19080257
4.8600354 -0.18762136
4.8700356 -0.18460524
4.880036 -0.18176043
4.890036 -0.17909253
4.9000363 -0.17660189
4.9100366 -0.17429614
4.920037 -0.17218089
4.930037 -0.1702578
4.9400373 -0.16853476
4.9500375 -0.16701174
4.9600377 -0.16569853
4.970038 -0.16459608
4.980038 -0.16370797
4.9900384 -0.16304708
5.0000386 -0.1626041
5.010039 -0.16240025
