-4.99 0.2740586994268051
-4.9799995 0.2644278064942881
-4.9699993 0.25477046979102935
-4.959999 0.24508765508685892
-4.949999 0.23538033069950248
-4.9399986 0.2256494673977457
-4.9299984 0.2158960383043538
-4.919998 0.2061210187987558
-4.909998 0.19632538641950265
-4.8999977 0.18651012076650988
-4.8899975 0.17667620340309392
-4.8799973 0.16682461775781207
-4.869997 0.15695634902611602
-4.859997 0.14707238407182846
-4.8499966 0.13717371132845319
-4.8399963 0.127261320700328
-4.829996 0.11733620346363047
-4.819996 0.10739935216724669
-4.8099957 0.09745176053351272
-4.7999954 0.0874944233588385
-4.789995 0.07752833641422457
-4.779995 0.06755449634568125
-4.7699947 0.057573900574560265
-4.7599945 0.04758754719780888
-4.7499943 0.03759643488815651
-4.739994 0.02760156279424366
-4.729994 0.017603930440703342
-4.7199936 0.0076045376282048716
-4.7099934 -0.002395615666529955
-4.699993 -0.012395529390728268
-4.689993 -0.022394203515575146
-4.6799927 -0.03239063813622025
-4.6699924 -0.04238383357177204
-4.659992 -0.05237279046526962
-4.649992 -0.06235650988362215
-4.6399918 -0.07233399341750596
-4.6299915 -0.08230424328120912
-4.6199913 -0.09226626241241385
-4.609991 -0.1022190545719064
-4.599991 -0.11216162444320478
-4.5899906 -0.12209297773209406
-4.5799904 -0.13201212126605955
-4.56999 -0.1419180630936078
-4.55999 -0.1518098125834654
-4.5499897 -0.16168638052364587
-4.5399895 -0.1715467792203745
-4.5299892 -0.18139002259686157
-4.519989 -0.1912151262919135
-4.509989 -0.20102110775837284
-4.4999886 -0.21080698636137657
-4.4899883 -0.22057178347642328
-4.479988 -0.23031452258723936
-4.469988 -0.24003422938343413
-4.4599876 -0.24972993185793466
-4.4499874 -0.25940066040419
-4.439987 -0.2690454479131357
-4.429987 -0.278663329869908
-4.4199867 -0.2882533444502991
-4.4099865 -0.2978145326169433
-4.3999863 -0.3073459382152241
-4.389986 -0.3168466080688935
-4.379986 -0.32631559207539285
-4.3699856 -0.33575194330086694
-4.3599854 -0.345154718074861
-4.349985 -0.3545229760846908
-4.339985 -0.36385578046947803
-4.3299847 -0.37315219791383963
-4.3199844 -0.38241129874122265
-4.309984 -0.39163215700687576
-4.299984 -0.4008138505904468
-4.2899837 -0.40995546128819865
-4.2799835 -0.41905607490483265
-4.2699833 -0.428114781344912
-4.259983 -0.4371306747038743
-4.249983 -0.44610285335862554
-4.2399826 -0.45503042005770594
-4.2299824 -0.4639124820110182
-4.219982 -0.47274815097911016
-4.209982 -0.48153654336200163
-4.1999817 -0.49027678028754823
-4.1899815 -0.4989679876993314
-4.179981 -0.5076092964440676
-4.169981 -0.516199842358527
-4.159981 -0.5247387663559525
-4.1499805 -0.5332252145119725
-4.1399803 -0.5416583381499955
-4.12998 -0.5500372939260819
-4.11998 -0.5583612439132808
-4.1099796 -0.5666293556854262
-4.0999794 -0.5748408024003828
-4.089979 -0.5829947628827332
-4.079979 -0.5910904217058984
-4.0699787 -0.5991269692736836
-4.0599785 -0.607103601901241
-4.0499783 -0.615019521895441
-4.039978 -0.6228739376346447
-4.029978 -0.6306660636478693
-4.0199776 -0.6383951206933371
-4.0099773 -0.6460603358364042
-3.9999774 -0.6536607620946282
-3.9899774 -0.661195822946032
-3.9799774 -0.6686647648922468
-3.9699774 -0.6760668410467265
-3.9599774 -0.6834013112094361
-3.9499774 -0.6906674419408703
-3.9399774 -0.6978645066353967
-3.9299774 -0.7049917855939162
-3.9199774 -0.7120485660958316
-3.9099774 -0.7190341424703195
-3.8999774 -0.725947816166896
-3.8899775 -0.7327888958252715
-3.8799775 -0.7395566973444858
-3.8699775 -0.7462505439513177
-3.8599775 -0.7528697662679614
-3.8499775 -0.7594137023789638
-3.8399775 -0.7658816978974151
-3.8299775 -0.772273106030387
-3.8199775 -0.7785872876436116
-3.8099775 -0.7848236113253937
-3.7999775 -0.7909814534497513
-3.7899776 -0.7970601982387782
-3.7799776 -0.8030592378242203
-3.7699776 -0.8089779723082626
-3.7599776 -0.8148158098235178
-3.7499776 -0.8205721665922127
-3.7399776 -0.8262464669845652
-3.7299776 -0.8318381435763469
-3.7199776 -0.8373466372056251
-3.7099776 -0.8427713970286776
-3.6999776 -0.8481118805750776
-3.6899776 -0.8533675538019393
-3.6799777 -0.8585378911473223
-3.6699777 -0.8636223755827866
-3.6599777 -0.8686204986650958
-3.6499777 -0.8735317605870597
-3.6399777 -0.8783556702275158
-3.6299777 -0.8830917452004399
-3.6199777 -0.8877395119031848
-3.6099777 -0.8922985055638398
-3.5999777 -0.8967682702877076
-3.5899777 -0.901148359102893
-3.5799778 -0.9054383340050001
-3.5699778 -0.9096377660009317
-3.5599778 -0.913746235151789
-3.5499778 -0.9177633306148639
-3.5399778 -0.921688650684724
-3.5299778 -0.9255218028333821
-3.5199778 -0.9292624037495488
-3.5099778 -0.932910079376963
-3.4999778 -0.9364644649517974
-3.4899778 -0.9399252050391343
-3.4799778 -0.9432919535685093
-3.4699779 -0.9465643738685169
-3.4599779 -0.9497421387004784
-3.4499779 -0.9528249302911648
-3.439978 -0.9558124403645741
-3.429978 -0.9587043701727582
-3.419978 -0.961500430525698
-3.409978 -0.9642003418202214
-3.399978 -0.9668038340679639
-3.389978 -0.9693106469223667
-3.379978 -0.9717205297047117
-3.369978 -0.9740332414291883
-3.359978 -0.9762485508269927
-3.349978 -0.9783662363694535
-3.339978 -0.9803860862901852
-3.329978 -0.9823078986062642
-3.319978 -0.984131481138427
-3.309978 -0.9858566515302876
-3.299978 -0.9874832372665737
-3.289978 -0.9890110756903774
-3.279978 -0.9904400140194207
-3.269978 -0.9917699093613344
-3.259978 -0.9930006287279459
-3.249978 -0.994132049048579
-3.239978 -0.9951640571823602
-3.229978 -0.996096549929533
-3.219978 -0.9969294340417777
-3.209978 -0.9976626262315358
-3.199978 -0.9982960531803393
-3.1899781 -0.998829651546142
-3.1799781 -0.9992633679696538
-3.1699781 -0.9995971590796764
-3.1599782 -0.9998309914974406
-3.1499782 -0.999964841839944
-3.1399782 -0.9999986967222898
-3.1299782 -0.999932552759024
-3.1199782 -0.9997664165644755
-3.1099782 -0.9995003047520935
-3.0999782 -0.9991342439327866
-3.0899782 -0.998668270712262
-3.0799782 -0.9981024316873647
-3.0699782 -0.9974367834414175
-3.0599782 -0.9966713925385634
-3.0499783 -0.9958063355171088
-3.0399783 -0.9948416988818702
-3.0299783 -0.9937775790955231
-3.0199783 -0.9926140825689564
-3.0099783 -0.9913513256506314
-2.9999783 -0.9899894346149467
-2.9899783 -0.9885285456496111
-2.9799783 -0.9869688048420253
-2.9699783 -0.9853103681646728
-2.9599783 -0.9835534014595227
-2.9499784 -0.9816980804214466
-2.9399784 -0.979744590580648
-2.9299784 -0.9776931272841108
-2.9199784 -0.9755438956760638
-2.9099784 -0.9732971106774667
-2.8999784 -0.9709529969645185
-2.8899784 -0.9685117889461902
-2.8799784 -0.9659737307407835
-2.8699784 -0.9633390761515198
-2.8599784 -0.9606080886411601
-2.8499784 -0.9577810413056587
-2.8399785 -0.9548582168468539
-2.8299785 -0.9518399075441987
-2.8199785 -0.9487264152255322
-2.8099785 -0.9455180512368981
-2.7999785 -0.9422151364114094
-2.7899785 -0.9388180010371665
-2.7799785 -0.9353269848242279
-2.7699785 -0.9317424368706398
-2.7599785 -0.9280647156275268
-2.7499785 -0.924294188863247
-2.7399786 -0.9204312336266156
-2.7299786 -0.9164762362092003
-2.7199786 -0.9124295921066926
-2.7099786 -0.9082917059793589
-2.6999786 -0.9040629916115744
-2.6899786 -0.8997438718704456
-2.6799786 -0.8953347786635233
-2.6699786 -0.890836152895613
-2.6599786 -0.8862484444246849
-2.6499786 -0.8815721120168877
-2.6399786 -0.8768076233006734
-2.6299787 -0.8719554547200347
-2.6199787 -0.8670160914868604
-2.6099787 -0.8619900275324158
-2.5999787 -0.8568777654579495
-2.5899787 -0.8516798164844332
-2.5799787 -0.8463967004014418
-2.5699787 -0.8410289455151729
-2.5599787 -0.8355770885956185
-2.5499787 -0.8300416748228874
-2.5399787 -0.8244232577326882
-2.5299788 -0.8187223991609763
-2.5199788 -0.812939669187771
-2.5099788 -0.8070756460801478
-2.4999788 -0.8011309162344121
-2.4899788 -0.7951060741174608
-2.4799788 -0.7890017222073359
-2.4699788 -0.782818470932977
-2.4599788 -0.7765569386131794
-2.4499788 -0.7702177513947632
-2.4399788 -0.7638015431899584
-2.4299788 -0.7573089556130148
-2.4199789 -0.7507406379160413
-2.4099789 -0.7440972469240814
-2.3999789 -0.7373794469694308
-2.389979 -0.7305879098252057
-2.379979 -0.7237233146381654
-2.369979 -0.7167863478607991
-2.359979 -0.7097777031826803
-2.349979 -0.7026980814610999
-2.339979 -0.6955481906509797
-2.329979 -0.6883287457340792
-2.319979 -0.6810404686474966
-2.309979 -0.673684088211477
-2.299979 -0.6662603400565306
-2.289979 -0.6587699665498705
-2.279979 -0.6512137167211769
-2.269979 -0.6435923461876945
-2.259979 -0.6359066170786719
-2.249979 -0.6281572979591493
-2.239979 -0.6203451637531029
-2.229979 -0.6124709956659532
-2.219979 -0.6045355811064452
-2.209979 -0.5965397136079086
-2.199979 -0.588484192748905
-2.189979 -0.5803698240732709
-2.179979 -0.5721974190095641
-2.169979 -0.5639677947899222
-2.159979 -0.5556817743683394
-2.149979 -0.5473401863383723
-2.1399791 -0.5389438648502819
-2.1299791 -0.5304936495276183
-2.1199791 -0.5219903853832606
-2.1099792 -0.5134349227349151
-2.0999792 -0.5048281171200854
-2.0899792 -0.4961708292105189
-2.0799792 -0.48746392472614125
-2.0699792 -0.47870827434848434
-2.0599792 -0.46990475363361955
-2.0499792 -0.4610542429246031
-2.0399792 -0.45215762726344244
-2.0299792 -0.4432157963025929
-2.0199792 -0.4342296442159936
-2.0099792 -0.42520006960965084
-1.9999793 -0.41612797543177843
-1.9899793 -0.4070142688825038
-1.9799793 -0.39785986132314877
-1.9699793 -0.3886656681850946
-1.9599793 -0.3794326088782398
-1.9499793 -0.3701616066990598
-1.9399793 -0.3608535887382783
-1.9299793 -0.35150948578815944
-1.9199793 -0.3421302322494294
-1.9099793 -0.332716766037837
-1.8999794 -0.32327002849036346
-1.8899794 -0.31379096427108955
-1.8799794 -0.3042805212767299
-1.8699794 -0.29473965054184476
-1.8599794 -0.28516930614373714
-1.8499794 -0.2755704451070463
-1.8399794 -0.26594402730804595
-1.8299794 -0.25629101537865806
-1.8199794 -0.2466123746101902
-1.8099794 -0.23690907285680773
-1.7999794 -0.2271820804387492
-1.7899795 -0.21743237004529536
-1.7799795 -0.20766091663750125
-1.7699795 -0.19786869735070106
-1.7599795 -0.18805669139679565
-1.7499795 -0.17822587996633232
-1.7399795 -0.1683772461303867
-1.7299795 -0.15851177474225683
-1.7199795 -0.14863045233897865
-1.7099795 -0.1387342670426734
-1.6999795 -0.12882420846173637
-1.6899796 -0.11890126759187716
-1.6799796 -0.10896643671702105
-1.6699796 -0.09902070931008165
-1.6599796 -0.08906507993361461
-1.6499796 -0.07910054414036237
-1.6399796 -0.06912809837369997
-1.6299796 -0.05914873986799168
-1.6199796 -0.049163466548868565
-1.6099796 -0.039173276933437015
-1.5999796 -0.029179170030427987
-1.5899796 -0.019182145240297203
-1.5799797 -0.009183202255286098
-1.5699797 8.166590405463669E-4
-1.5599797 0.010816438671311086
-1.5499797 0.020815136669285382
-1.5399797 0.03081175317490874
-1.5299797 0.04080528853676776
-1.5199797 0.050794743411560254
-1.5099797 0.060779118864028564
-1.4999797 0.07075741646685206
-1.4899797 0.08072863840048887
-1.4799798 0.09069178755295677
-1.4699798 0.10064586761954342
-1.4599798 0.11058988320243572
-1.4499798 0.1205228399102587
-1.4399798 0.13044374445751353
-1.4299798 0.1403516047639051
-1.4199798 0.15024543005354904
-1.4099798 0.16012423095404832
-1.3999798 0.16998701959542933
-1.3899798 0.17983280970892807
-1.3799798 0.18966061672561588
-1.3699799 0.1994694578748554
-1.3599799 0.20925835228257658
-1.3499799 0.21902632106936304
-1.3399799 0.2287723874483391
-1.3299799 0.2384955768228475
-1.3199799 0.2481949168839079
-1.3099799 0.25786943770744697
-1.2999799 0.26751817185128957
-1.2899799 0.2771401544519023
-1.27998 0.28673442332087856
-1.26998 0.2963000190411566
-1.25998 0.3058359850629602
-1.24998 0.31534136779945254
-1.23998 0.32481521672209407
-1.22998 0.3342565844556944
-1.21998 0.34366452687314863
-1.20998 0.3530381031898494
-1.19998 0.3623763760577642
-1.18998 0.3716784116591691
-1.17998 0.38094327980002984
-1.16998 0.39017005400302024
-1.15998 0.3993578116001687
-1.1499801 0.40850563382512434
-1.1399801 0.41761260590503263
-1.1299801 0.4266778171520117
-1.1199801 0.43570036105422016
-1.1099801 0.44467933536650744
-1.0999801 0.4536138422006374
-1.0899801 0.46250298811507595
-1.0799801 0.4713458842043349
-1.0699801 0.4801416461878608
-1.0599802 0.4888893944984629
-1.0499802 0.4975882543702682
-1.0399802 0.5062373559261978
-1.0299802 0.5148358342649533
-1.0199802 0.5233828295475063
-1.0099802 0.5318774870830809
-0.9999802 0.5403189574146229
-0.9899802 0.5487063964037436
-0.97998023 0.5570389653151334
-0.96998024 0.5653158309004341
-0.95998025 0.5735361654815635
-0.94998026 0.5816991470334812
-0.93998027 0.5898039592663918
-0.9299803 0.5978497917073716
-0.9199803 0.6058358397814161
-0.9099803 0.613761304891896
-0.8999803 0.6216253945004163
-0.8899803 0.6294273222060697
-0.8799803 0.6371663078240751
-0.86998034 0.6448415774637961
-0.85998034 0.6524523636061285
-0.84998035 0.659997905180252
-0.83998036 0.6674774476397365
-0.8299804 0.6748902430379953
-0.8199804 0.6822355501030799
-0.8099804 0.6895126343118058
-0.7999804 0.6967207679632043
-0.7899804 0.7038592302512918
-0.7799804 0.7109273073371498
-0.76998043 0.7179242924203079
-0.75998044 0.724849485809423
-0.74998045 0.731702194992248
-0.73998046 0.7384817347048824
-0.72998047 0.7451874270002975
-0.7199805 0.7518186013161308
-0.7099805 0.7583745945417414
-0.6999805 0.7648547510845206
-0.6899805 0.7712584229354502
-0.6799805 0.7775849697339027
-0.6699805 0.7838337588316772
-0.65998054 0.790004165356263
-0.64998055 0.7960955722733266
-0.63998055 0.8021073704484142
-0.62998056 0.8080389587078647
-0.6199806 0.8138897438989265
-0.6099806 0.8196591409490721
-0.5999806 0.8253465729245048
-0.5899806 0.8309514710878512
-0.5799806 0.8364732749550347
-0.5699806 0.8419114323513233
-0.55998063 0.8472653994665464
-0.54998064 0.8525346409094753
-0.53998065 0.8577186297613617
-0.52998066 0.8628168476286292
-0.51998067 0.8678287846947119
-0.5099807 0.8727539397710357
-0.4999807 0.8775918203471367
-0.4899807 0.8823419426399115
-0.4799807 0.8870038316419954
-0.46998072 0.8915770211692621
-0.45998073 0.8960610539074421
-0.44998074 0.9004554814578536
-0.43998075 0.9047598643822417
-0.42998075 0.9089737722467219
-0.41998076 0.913096783664823
-0.40998077 0.9171284863396256
-0.39998078 0.9210684771049907
-0.3899808 0.9249163619658768
-0.3799808 0.928671756137738
-0.3699808 0.9323342840850031
-0.35998082 0.9359035795586279
-0.34998083 0.9393792856327203
-0.33998084 0.9427610547402322
-0.32998085 0.9460485487077159
-0.31998086 0.9492414387891415
-0.30998087 0.9523394056987703
-0.29998088 0.955342139643084
-0.2899809 0.9582493403517631
-0.2799809 0.9610607171077139
-0.2699809 0.9637759887761399
-0.25998092 0.9663948838326547
-0.24998091 0.9689171440767655
-0.2399809 0.971342513309945
-0.2299809 0.973670748997031
-0.2199809 0.975901618316145
-0.20998089 0.9780348981819748
-0.19998088 0.9800703752680827
-0.18998088 0.982007846028238
-0.17998087 0.9838471167167714
-0.16998087 0.9855880034079493
-0.15998086 0.9872303320143666
-0.14998086 0.9887739383043551
-0.13998085 0.9902186679184065
-0.12998085 0.9915643763846084
-0.11998085 0.9928109282413073
-0.10998085 0.9939581998739444
-0.09998085 0.9950060765563604
-0.089980856 0.9959544535018038
-0.07998086 0.9968032358734101
-0.06998086 0.9975523387936849
-0.05998086 0.9982016873529915
-0.049980864 0.9987512166170424
-0.039980866 0.9992008716333918
-0.029980866 0.9995506074927671
-0.019980866 0.9998003891288175
-0.009980867 0.9999501915635886
1.9133091E-5 0.9999999998169624
0.010019133 0.9999498089081553
0.020019133 0.9997996238562163
0.030019132 0.9995494596795246
0.040019132 0.9991993413942882
0.05001913 0.9987493041051715
0.060019128 0.998199392759603
0.070019126 0.997549662348236
0.080019124 0.9968001778435431
0.09001912 0.995951014193319
0.10001912 0.9950022563131855
0.11001912 0.9939539990781006
0.120019116 0.9928063473128704
0.13001911 0.9915594157816672
0.14001912 0.9902133281367347
0.15001912 0.9887682198779268
0.16001913 0.9872242355150205
0.17001913 0.9855815294453308
0.18001914 0.9838402659382721
0.19001915 0.9820006191189309
0.20001915 0.9800627729506532
0.21001916 0.9780269212166494
0.22001916 0.9758932675006142
0.23001917 0.9736620251663705
0.24001917 0.9713334173365316
0.25001916 0.9689076805570728
0.26001915 0.9663850540017799
0.27001914 0.9637657899307253
0.28001913 0.9610501502676336
0.29001912 0.9582384065736903
0.30001912 0.9553308400203853
0.3100191 0.9523277413613964
0.3200191 0.9492294109035141
0.3300191 0.9460361584766114
0.34001908 0.9427483034026609
0.35001907 0.939366174463803
0.36001906 0.935890109869468
0.37001905 0.9323204572225556
0.38001904 0.9286575734846753
0.39001903 0.9249018249404494
0.40001902 0.9210535871608864
0.410019 0.9171132449658235
0.420019 0.9130811923854449
0.430019 0.9089578326208798
0.44001898 0.9047435780038818
0.45001897 0.9004388499555971
0.46001896 0.8960440789444222
0.47001895 0.8915597044429576
0.48001894 0.8869861748840613
0.49001893 0.8823239476160056
0.50001895 0.877573474568253
0.51001894 0.8727352590979761
0.52001894 0.8678097709955246
0.5300189 0.8627975028046646
0.5400189 0.8576989557470824
0.5500189 0.8525146396722626
0.5600189 0.8472450730065034
0.5700189 0.8418907827010753
0.5800189 0.8364523041795255
0.59001887 0.830930181284137
0.60001886 0.8253249662215442
0.61001885 0.8196372195075132
0.62001884 0.813867509910891
0.63001883 0.8080164143967286
0.6400188 0.8020845180685855
0.6500188 0.7960724141100199
0.6600188 0.7899807037252711
0.6700188 0.783809996079139
0.6800188 0.7775609082360692
0.6900188 0.7712340650984464
0.70001876 0.7648300993441054
0.71001875 0.7583496513630635
0.72001874 0.7517933691934826
0.73001873 0.7451619084568654
0.7400187 0.7384559322924946
0.7500187 0.7316761112911193
0.7600187 0.7248231234278968
0.7700187 0.7178976539945954
0.7800187 0.7109003955310663
0.7900187 0.7038320477559903
0.80001867 0.6966933174969064
0.81001866 0.6894849186195302
0.82001865 0.6822075719563674
0.83001864 0.6748620052346319
0.84001863 0.6674489530034736
0.8500186 0.6599691565605241
0.8600186 0.652423363877768
0.8700186 0.6448123295267463
0.8800186 0.6371368146030997
0.8900186 0.6293975866504605
0.9000186 0.6215954195836986
0.91001856 0.6137310936115306
0.92001855 0.6058053951585002
0.93001854 0.5978191167863363
0.94001853 0.5897730571146977
0.9500185 0.581668020741312
0.9600185 0.5735048181615163
0.9700185 0.565284265687209
0.9800185 0.5570071853652193
0.9900185 0.548674404895103
1.0000185 0.5402867575463739
1.0100185 0.5318450820751773
1.0200185 0.5233502226404156
1.0300184 0.5148030287193331
1.0400184 0.506204355022569
1.0500184 0.49755506140868727
1.0600184 0.48885601279819196
1.0700184 0.48010807908703584
1.0800184 0.4713121350596315
1.0900184 0.4624690603013741
1.1000184 0.4535797391106836
1.1100184 0.44464506041057594
1.1200184 0.43566591765977136
1.1300184 0.42664320876334977
1.1400183 0.417577835982961
1.1500183 0.4084707058465996
1.1600183 0.39932272905795296
1.1700183 0.3901348204053318
1.1800183 0.3809078986701924
1.1900183 0.37164288653525934
1.2000183 0.3623407104922582
1.2100183 0.3530023007492672
1.2200183 0.34362859113769756
1.2300183 0.3342205190189112
1.2400182 0.32477902519048557
1.2500182 0.31530505379213475
1.2600182 0.30579955221129673
1.2700182 0.2962634709883953
1.2800182 0.28669776372178724
1.2900182 0.2771033869724033
1.3000182 0.26748130016809324
1.3100182 0.25783246550768385
1.3200182 0.24815784786476014
1.3300182 0.238458414691179
1.3400182 0.22873513592032502
1.3500181 0.218988983870118
1.3600181 0.20922093314578227
1.3700181 0.1994319605423872
1.3800181 0.18962304494716864
1.3900181 0.17979516724164113
1.4000181 0.1699493102035109
1.4100181 0.16008645840839894
1.4200181 0.15020759813138465
1.4300181 0.14031371724837913
1.440018 0.13040580513733874
1.450018 0.12048485257932826
1.460018 0.11055185165944383
1.470018 0.10060779566760542
1.480018 0.09065367899922888
1.490018 0.08069049705578743
1.500018 0.07071924614527247
1.510018 0.06074092338256389
1.520018 0.05075652658971954
1.530018 0.04076705419619406
1.540018 0.03077350513899695
1.550018 0.020776878762799923
1.560018 0.010778174720003432
1.5700179 7.783928707724604E-4
1.5800179 -0.009221466816948465
1.5900179 -0.01922040436743105
1.6000179 -0.029217419897159782
1.6100179 -0.03921151371481925
1.6200179 -0.04920168642126226
1.6300179 -0.05918693900944874
1.6400179 -0.06916627296434537
1.6500179 -0.07913869036277613
1.6600178 -0.08910319397321355
1.6700178 -0.09905878735550086
1.6800178 -0.10900447496049497
1.6900178 -0.11893926222962038
1.7000178 -0.12886215569432405
1.7100178 -0.13877216307542112
1.7200178 -0.14866829338232196
1.7300178 -0.15854955701213017
1.7400178 -0.16841496584860174
1.7500178 -0.17826353336095585
1.7600178 -0.1880942747025268
1.7700177 -0.19790620680924773
1.7800177 -0.207698348497956
1.7900177 -0.21746972056451047
1.8000177 -0.227219345881711
1.8100177 -0.2369462494970101
1.8200177 -0.24664945873000718
1.8300177 -0.25632800326971567
1.8400177 -0.26598091527159295
1.8500177 -0.27560722945432403
1.8600177 -0.28520598319634866
1.8700176 -0.29477621663212233
1.8800176 -0.30431697274810193
1.8900176 -0.3138272974784462
1.9000176 -0.3233062398004213
1.9100176 -0.332752851829502
1.9200176 -0.34216618891415934
1.9300176 -0.3515453097303248
1.9400176 -0.3608892763755214
1.9500176 -0.3701971544626535
1.9600176 -0.37946801321344426
1.9700176 -0.3887009255515125
1.9800175 -0.39789496819507947
1.9900175 -0.4070492217492961
2.0000176 -0.41616287919400946
2.0100176 -0.42523481189047585
2.0200176 -0.4342642215412201
2.0300176 -0.44325020521452374
2.0400176 -0.4521918643212217
2.0500176 -0.4610883047045601
2.0600176 -0.4699386367296111
2.0700176 -0.4787419753722356
2.0800176 -0.48749744030758435
2.0900176 -0.49620415599813
2.1000175 -0.5048612517812198
2.1100175 -0.5134678619561407
2.1200175 -0.522023125870689
2.1300175 -0.5305261880072344
2.1400175 -0.5389761980682709
2.1500175 -0.5473723110614456
2.1600175 -0.5557136873840575
2.1700175 -0.5639994929070162
2.1800175 -0.5722288990582549
2.1900175 -0.5804010829055857
2.2000175 -0.5885152272389926
2.2100174 -0.5965705206523519
2.2200174 -0.6045661576245712
2.2300174 -0.6125013386001414
2.2400174 -0.620375270069091
2.2500174 -0.6281871646463365
2.2600174 -0.6359362411504201
2.2700174 -0.6436217246816269
2.2800174 -0.6512428466994742
2.2900174 -0.6587988450995647
2.3000174 -0.6662889642897961
2.3100173 -0.6737124552659198
2.3200173 -0.6810685756864405
2.3300173 -0.688356589946849
2.3400173 -0.6955757692531828
2.3500173 -0.7027253916949041
2.3600173 -0.7098047423170903
2.3700173 -0.7168131131919291
2.3800173 -0.7237498034895098
2.3900173 -0.7306141195479063
2.4000173 -0.7374053749425423
2.4100173 -0.7441228905548329
2.4200172 -0.7507659946400963
2.4300172 -0.7573340228947266
2.4400172 -0.7638263185226246
2.4500172 -0.7702422323008759
2.4600172 -0.776581122644673
2.4700172 -0.782842355671473
2.4800172 -0.7890253052643851
2.4900172 -0.7951293531347817
2.5000172 -0.8011538888841266
2.5100172 -0.8070983100650146
2.5200171 -0.8129620222414149
2.5300171 -0.8187444390481147
2.5400171 -0.8244449822493548
2.550017 -0.830063081796653
2.560017 -0.8355981758858076
2.570017 -0.8410497110130781
2.580017 -0.8464171420305345
2.590017 -0.8516999322005716
2.600017 -0.8568975532495823
2.610017 -0.8620094854207844
2.620017 -0.8670352175261956
2.630017 -0.8719742469977523
2.640017 -0.876826079937565
2.650017 -0.8815902311673083
2.660017 -0.8862662242767381
2.670017 -0.8908535916713318
2.680017 -0.895351874619048
2.690017 -0.8997606232961981
2.700017 -0.9040793968324294
2.710017 -0.908307763354811
2.720017 -0.9124453000310206
2.730017 -0.916491593111628
2.740017 -0.9204462379714685
2.750017 -0.924308839150106
2.760017 -0.9280790103913781
2.770017 -0.9317563746820218
2.780017 -0.9353405642893736
2.790017 -0.9388312207981434
2.8000169 -0.9422279951462549
2.8100169 -0.9455305476597518
2.8200169 -0.9487385480867647
2.8300169 -0.9518516756305363
2.8400168 -0.9548696189815
2.8500168 -0.9577920763484115
2.8600168 -0.9606187554885266
2.8700168 -0.9633493737368263
2.8800168 -0.9659836580342819
2.8900168 -0.9685213449551613
2.9000168 -0.9709621807333713
2.9100168 -0.9733059212878336
2.9200168 -0.9755523322468929
2.9300168 -0.9777011889717536
2.9400167 -0.979752276578944
2.9500167 -0.9817053899618037
2.9600167 -0.9835603338109946
2.9700167 -0.9853169226340313
2.9800167 -0.9869749807738303
2.9900167 -0.9885343424262757
3.0000167 -0.989994851656799
3.0100167 -0.9913563624159729
3.0200167 -0.9926187385541158
3.0300167 -0.9937818538349065
3.0400167 -0.9948455919480081
3.0500166 -0.9958098465206986
3.0600166 -0.9966745211285082
3.0700166 -0.9974395293048617
3.0800166 -0.9981047945497247
3.0900166 -0.9986702503372541
3.1000166 -0.99913584012245
3.1100166 -0.9995015173468111
3.1200166 -0.9997672454429891
3.1300166 -0.9999329978384466
3.1400166 -0.9999987579581138
3.1500165 -0.999964519226046
3.1600165 -0.9998302850660814
3.1700165 -0.9995960689014987
3.1800165 -0.9992618941536742
3.1900165 -0.9988277942397407
3.2000165 -0.9982938125692449
3.2100165 -0.9976600025398071
3.2200165 -0.9969264275317812
3.2300165 -0.9960931609019167
3.2400165 -0.9951602859760234
3.2500165 -0.9941278960406383
3.2600164 -0.992996094333698
3.2700164 -0.991764994034214
3.2800164 -0.9904347182509556
3.2900164 -0.9890054000101388
3.3000164 -0.987477182242124
3.3100164 -0.985850217767123
3.3200164 -0.9841246692799172
3.3300164 -0.9823007093335882
3.3400164 -0.9803785203222628
3.3500164 -0.9783582944628737
3.3600163 -0.976240233775938
3.3700163 -0.9740245500653555
3.3800163 -0.971711464897228
3.3900163 -0.9693012095777038
3.4000163 -0.9667940251298465
3.4100163 -0.9641901622695334
3.4200163 -0.9614898813803838
3.4300163 -0.9586934524877218
3.4400163 -0.9558011552315726
3.4500163 -0.9528132788387
3.4600163 -0.9497301220936836
3.4700162 -0.9465519933090405
3.4800162 -0.9432792102943945
3.4900162 -0.9399121003246956
3.5000162 -0.9364510001074927
3.5100162 -0.932896255749263
3.5200162 -0.9292482227208022
3.5300162 -0.9255072658216773
3.5400162 -0.921673759143747
3.5500162 -0.9177480860337538
3.5600162 -0.9137306390549881
3.5700161 -0.9096218199480339
3.5800161 -0.9054220395905942
3.5900161 -0.9011317179564039
3.600016 -0.8967512840732328
3.610016 -0.8922811759799834
3.620016 -0.8877218406828874
3.630016 -0.8830737341108055
3.640016 -0.8783373210696348
3.650016 -0.8735130751958292
3.660016 -0.8686014789090357
3.670016 -0.8636030233638532
3.680016 -0.8585182084007175
3.690016 -0.8533475424959177
3.700016 -0.8480915427107493
3.710016 -0.8427507346398082
3.720016 -0.8373256523584323
3.730016 -0.831816838369294
3.740016 -0.8262248435481508
3.750016 -0.8205502270887586
3.760016 -0.8147935564469518
3.770016 -0.8089554072838996
3.780016 -0.8030363634085397
3.790016 -0.7970370167191979
3.800016 -0.7909579671443998
3.810016 -0.7847998225828773
3.820016 -0.7785631988427804
3.830016 -0.7722487195800962
3.840016 -0.7658570162362847
3.8500159 -0.7593887279751348
3.8600159 -0.7528445016188485
3.8700159 -0.74622499158336
3.8800159 -0.7395308598128939
3.8900158 -0.7327627757137721
3.9000158 -0.7259214160874735
3.9100158 -0.7190074650629549
3.9200158 -0.7120216140282383
3.9300158 -0.7049645615612732
3.9400158 -0.6978370133600794
3.9500158 -0.6906396821721783
3.9600158 -0.6833732877233177
3.9700158 -0.6760385566455016
3.9800158 -0.6686362224043265
3.9900157 -0.661167025225636
4.0000157 -0.6536317120214991
4.010016 -0.646030854327943
4.020016 -0.6383653911300324
4.0300164 -0.6306360890027886
4.0400167 -0.622843720905365
4.050017 -0.614989066103748
4.060017 -0.6070729100928282
4.0700173 -0.5990960445178467
4.0800176 -0.5910592670952287
4.090018 -0.5829633815328086
4.100018 -0.5748091974494556
4.1100183 -0.5665975302941099
4.1200185 -0.5583292012642336
4.1300187 -0.5500050372236888
4.140019 -0.5416258706200475
4.150019 -0.5331925394013441
4.1600194 -0.5247058869322773
4.1700196 -0.5161667619098702
4.18002 -0.5075760182785981
4.19002 -0.49893451514499026
4.2000203 -0.4902431166917163
4.2100205 -0.48150269209116453
4.220021 -0.47271411541852165
4.230021 -0.46387826556436185
4.240021 -0.4549960261467545
4.2500215 -0.4460682854228989
4.2600217 -0.4370959362002954
4.270022 -0.42807987574746137
4.280022 -0.4190210057042007
4.2900224 -0.4099202319914367
4.3000226 -0.4007784647206165
4.310023 -0.3915966181026965
4.320023 -0.382375610356718
4.3300233 -0.3731163636179817
4.3400235 -0.3638198038458305
4.3500237 -0.35448686073105073
4.360024 -0.345118467602899
4.370024 -0.335715561335766
4.3800244 -0.32627908225548563
4.3900247 -0.3168099740452987
4.400025 -0.3073091836514813
4.410025 -0.29777766118864646
4.4200253 -0.2882163598447291
4.4300256 -0.27862623578566387
4.440026 -0.2690082480597648
4.450026 -0.25936335850181697
4.4600263 -0.24969253163688931
4.4700265 -0.23999673458387866
4.4800267 -0.23027693695879412
4.490027 -0.22053411077779184
4.500027 -0.2107692303599698
4.5100274 -0.2009832722299323
4.5200276 -0.1911772150201337
4.530028 -0.18135203937301164
4.540028 -0.17150872784291907
4.5500283 -0.1616482647978651
4.5600286 -0.15177163632107463
4.570029 -0.14187983011237618
4.580029 -0.1319738353894284
4.5900292 -0.12205464278879435
4.6000295 -0.11212324426687441
4.6100297 -0.1021806330007067
4.62003 -0.09222780328864578
4.63003 -0.08226575045092908
4.6400304 -0.0722954707301411
4.6500306 -0.06231796119158546
4.660031 -0.052334219623574624
4.670031 -0.04234524443764734
4.6800313 -0.032352034568723737
4.6900315 -0.022355589375208117
4.7000318 -0.01235690853904934
4.710032 -0.002356991965768904
4.720032 0.007643160315533352
4.7300324 0.017642548252185905
4.7400327 0.027640171867954557
4.750033 0.03763503136304381
4.760033 0.047626127214080584
4.7700334 0.05761246027407028
4.7800336 0.06759303187231526
4.790034 0.07756684391428562
4.800034 0.08753289898143239
4.8100343 0.09749020043093314
4.8200345 0.10743775249535996
4.8300347 0.11737456038225998
4.840035 0.12729963037363828
4.850035 0.1372119699253335
4.8600354 0.1471105877662758
4.8700356 0.15699449399761795
4.880036 0.16686270019172864
4.890036 0.17671421949103908
4.9000363 0.18654806670673252
4.9100366 0.19636325841726665
4.920037 0.2061588130667196
4.930037 0.2159337510629491
4.9400373 0.22568709487555538
4.9500375 0.23541786913363794
4.9600377 0.24512510072333618
4.970038 0.25480781888514453
4.980038 0.26446505531099196
4.9900384 0.27409584424107647
5.0000386 0.28369922256044466
5.010039 0.2932742298953069
