-9.98 -0.8497835
-9.959999 -0.86015564
-9.939999 -0.8701838
-9.919998 -0.8798639
-9.899998 -0.88919204
-9.879997 -0.8981645
-9.859997 -0.90677774
-9.839996 -0.91502815
-9.819996 -0.92291254
-9.799995 -0.93042785
-9.779995 -0.9375709
-9.7599945 -0.94433904
-9.739994 -0.9507293
-9.719994 -0.9567394
-9.699993 -0.9623667
-9.679993 -0.9676091
-9.659992 -0.9724644
-9.639992 -0.97693074
-9.619991 -0.98100626
-9.599991 -0.9846894
-9.57999 -0.9879787
-9.55999 -0.99087286
-9.539989 -0.99337053
-9.519989 -0.9954708
-9.499989 -0.997173
-9.479988 -0.99847627
-9.459988 -0.99938023
-9.439987 -0.99988437
-9.419987 -0.9999885
-9.399986 -0.9996927
-9.379986 -0.998997
-9.359985 -0.9979017
-9.339985 -0.9964072
-9.319984 -0.99451417
-9.299984 -0.9922233
-9.2799835 -0.98953557
-9.259983 -0.98645204
-9.239983 -0.9829738
-9.219982 -0.9791025
-9.199982 -0.9748395
-9.179981 -0.97018653
-9.159981 -0.9651455
-9.13998 -0.95971847
-9.11998 -0.95390743
-9.099979 -0.947715
-9.079979 -0.94114333
-9.0599785 -0.9341952
-9.039978 -0.92687345
-9.019978 -0.91918087
-8.999977 -0.9111207
-8.979977 -0.90269613
-8.959976 -0.89391035
-8.939976 -0.884767
-8.919975 -0.87526983
-8.899975 -0.8654225
-8.879974 -0.85522896
-8.859974 -0.8446934
-8.839973 -0.83382
-8.819973 -0.82261294
-8.799973 -0.8110769
-8.779972 -0.79921633
-8.759972 -0.7870361
-8.739971 -0.7745412
-8.719971 -0.7617364
-8.69997 -0.74862677
-8.67997 -0.7352178
-8.659969 -0.7215148
-8.639969 -0.7075231
-8.619968 -0.69324815
-8.599968 -0.67869616
-8.5799675 -0.6638727
-8.559967 -0.6487838
-8.539967 -0.63343525
-8.519966 -0.6178334
-8.499966 -0.6019843
-8.479965 -0.5858945
-8.459965 -0.5695703
-8.439964 -0.5530182
-8.419964 -0.536245
-8.399963 -0.5192572
-8.379963 -0.5020617
-8.359962 -0.48466542
-8.339962 -0.4670753
-8.319962 -0.4492983
-8.299961 -0.4313416
-8.279961 -0.41321233
-8.25996 -0.39491782
-8.23996 -0.3764653
-8.219959 -0.3578622
-8.199959 -0.33911595
-8.179958 -0.32023403
-8.159958 -0.30122408
-8.139957 -0.2820936
-8.119957 -0.26285025
-8.0999565 -0.24350183
-8.079956 -0.22405598
-8.059956 -0.20452048
-8.039955 -0.18490317
-8.019955 -0.16521192
-7.9999547 -0.14545506
-7.9799547 -0.12564002
-7.9599547 -0.1057747
-7.9399548 -0.085867085
-7.919955 -0.06592513
-7.899955 -0.045956805
-7.879955 -0.025970098
-7.859955 -0.0059730015
-7.839955 0.014026615
-7.819955 0.034020487
-7.799955 0.054000758
-7.779955 0.07395942
-7.759955 0.09388851
-7.739955 0.113780044
-7.719955 0.13362606
-7.699955 0.15341863
-7.679955 0.17314984
-7.659955 0.19281179
-7.639955 0.21239662
-7.619955 0.23189649
-7.599955 0.25130364
-7.579955 0.2706102
-7.559955 0.28980857
-7.539955 0.30889103
-7.519955 0.32784992
-7.499955 0.34667763
-7.479955 0.36536673
-7.459955 0.38390967
-7.439955 0.40229908
-7.4199553 0.42052755
-7.3999553 0.4385878
-7.3799553 0.4564726
-7.3599553 0.47417486
-7.3399553 0.49168748
-7.3199553 0.50900334
-7.2999554 0.5261157
-7.2799554 0.54301757
-7.2599554 0.5597022
-7.2399554 0.576163
-7.2199554 0.59239334
-7.1999555 0.6083868
-7.1799555 0.6241368
-7.1599555 0.63963723
-7.1399555 0.6548818
-7.1199555 0.66986436
-7.0999556 0.684579
-7.0799556 0.6990198
-7.0599556 0.71318144
-7.0399556 0.7270574
-7.0199556 0.74064255
-6.9999557 0.7539316
-6.9799557 0.76691896
-6.9599557 0.77959955
-6.9399557 0.7919684
-6.9199557 0.8040204
-6.8999557 0.81575084
-6.879956 0.827155
-6.859956 0.8382283
-6.839956 0.8489663
-6.819956 0.85936475
-6.799956 0.8694194
-6.779956 0.8791264
-6.759956 0.8884817
-6.739956 0.8974816
-6.719956 0.90612257
-6.699956 0.91440105
-6.679956 0.9223138
-6.659956 0.9298576
-6.639956 0.9370296
-6.619956 0.94382674
-6.599956 0.95024633
-6.579956 0.95628583
-6.559956 0.9619429
-6.539956 0.9672151
-6.519956 0.97210056
-6.499956 0.97659713
-6.479956 0.98070306
-6.459956 0.9844167
-6.439956 0.98773664
-6.419956 0.9906615
-6.399956 0.99319005
-6.3799562 0.99532133
-6.3599563 0.9970546
-6.3399563 0.99838895
-6.3199563 0.999324
-6.2999563 0.9998594
-6.2799563 0.9999948
-6.2599564 0.9997302
-6.2399564 0.99906576
-6.2199564 0.9980017
-6.1999564 0.9965385
-6.1799564 0.9946766
-6.1599565 0.9924169
-6.1399565 0.9897603
-6.1199565 0.98670775
-6.0999565 0.9832605
-6.0799565 0.97941995
-6.0599566 0.9751877
-6.0399566 0.97056544
-6.0199566 0.96555483
-5.9999566 0.9601581
-5.9799566 0.95437735
-5.9599566 0.94821477
-5.9399567 0.94167304
-5.9199567 0.9347545
-5.8999567 0.92746216
-5.8799567 0.9197989
-5.8599567 0.9117676
-5.8399568 0.90337175
-5.819957 0.8946145
-5.799957 0.88549936
-5.779957 0.87603015
-5.759957 0.8662104
-5.739957 0.8560443
-5.719957 0.8455357
-5.699957 0.83468896
-5.679957 0.8235083
-5.659957 0.8119983
-5.639957 0.80016357
-5.619957 0.78800875
-5.599957 0.7755386
-5.579957 0.7627584
-5.559957 0.7496731
-5.539957 0.73628795
-5.519957 0.72260827
-5.499957 0.70863956
-5.479957 0.6943871
-5.459957 0.6798572
-5.439957 0.6650554
-5.419957 0.6499875
-5.399957 0.6346597
-5.379957 0.61907804
-5.359957 0.6032487
-5.339957 0.5871781
-5.3199573 0.5708726
-5.2999573 0.5543388
-5.2799573 0.53758323
-5.2599573 0.52061266
-5.2399573 0.5034338
-5.2199574 0.48605365
-5.1999574 0.46847907
-5.1799574 0.4507171
-5.1599574 0.4327748
-5.1399574 0.41465947
-5.1199574 0.39637825
-5.0999575 0.37793842
-5.0799575 0.3593475
-5.0599575 0.3406128
-5.0399575 0.32174188
-5.0199575 0.30274227
-4.9999576 0.28362158
-4.9799576 0.2643874
-4.9599576 0.24504751
-4.9399576 0.2256096
-4.9199576 0.20608144
-4.8999577 0.18647085
-4.8799577 0.16678567
-4.8599577 0.14703378
-4.8399577 0.12722309
-4.8199577 0.1073615
-4.7999578 0.08745698
-4.779958 0.06751747
-4.759958 0.047550946
-4.739958 0.027565412
-4.719958 0.0075688516
-4.699958 -0.012430781
-4.679958 -0.032425396
-4.659958 -0.052407045
-4.639958 -0.07236773
-4.619958 -0.09229947
-4.599958 -0.112194285
-4.579958 -0.13204423
-4.559958 -0.15184136
-4.539958 -0.17157775
-4.519958 -0.19124553
-4.499958 -0.2108368
-4.479958 -0.23034373
-4.459958 -0.24975854
-4.439958 -0.26907346
-4.419958 -0.28828073
-4.399958 -0.3073727
-4.379958 -0.32634172
-4.359958 -0.3451802
-4.339958 -0.36388063
-4.319958 -0.3824355
-4.299958 -0.40083742
-4.2799582 -0.419079
-4.2599583 -0.43715295
-4.2399583 -0.45505208
-4.2199583 -0.4727691
-4.1999583 -0.4902971
-4.1799583 -0.507629
-4.1599584 -0.5247578
-4.1399584 -0.54167664
-4.1199584 -0.55837893
-4.0999584 -0.5748578
-4.0799584 -0.59110683
-4.0599585 -0.6071194
-4.0399585 -0.62288904
-4.0199585 -0.6384097
-3.9999585 -0.65367484
-3.9799585 -0.6686785
-3.9599586 -0.68341476
-3.9399586 -0.6978777
-3.9199586 -0.71206176
-3.8999586 -0.72596073
-3.8799586 -0.73956937
-3.8599586 -0.7528821
-3.8399587 -0.76589376
-3.8199587 -0.778599
-3.7999587 -0.7909929
-3.7799587 -0.80307037
-3.7599587 -0.8148267
-3.7399588 -0.826257
-3.7199588 -0.83735687
-3.6999588 -0.8481218
-3.6799588 -0.85854757
-3.6599588 -0.8686298
-3.6399589 -0.8783646
-3.6199589 -0.8877482
-3.599959 -0.89677656
-3.579959 -0.90544635
-3.559959 -0.9137539
-3.539959 -0.92169595
-3.519959 -0.9292694
-3.499959 -0.9364711
-3.479959 -0.9432982
-3.459959 -0.9497481
-3.439959 -0.955818
-3.419959 -0.9615056
-3.399959 -0.9668087
-3.379959 -0.97172505
-3.3599591 -0.97625256
-3.3399591 -0.98038983
-3.3199592 -0.98413485
-3.2999592 -0.98748624
-3.2799592 -0.99044263
-3.2599592 -0.99300283
-3.2399592 -0.9951659
-3.2199593 -0.9969309
-3.1999593 -0.99829715
-3.1799593 -0.9992641
-3.1599593 -0.9998313
-3.1399593 -0.9999987
-3.1199594 -0.999766
-3.0999594 -0.99913347
-3.0799594 -0.99810123
-3.0599594 -0.9966698
-3.0399594 -0.9948398
-3.0199594 -0.9926118
-2.9999595 -0.9899868
-2.9799595 -0.9869658
-2.9599595 -0.98355
-2.9399595 -0.97974074
-2.9199595 -0.97553974
-2.8999596 -0.97094846
-2.8799596 -0.9659689
-2.8599596 -0.9606028
-2.8399596 -0.9548526
-2.8199596 -0.94872046
-2.7999597 -0.94220877
-2.7799597 -0.9353203
-2.7599597 -0.9280577
-2.7399597 -0.92042387
-2.7199597 -0.9124218
-2.6999598 -0.90405494
-2.6799598 -0.8953263
-2.6599598 -0.88623965
-2.6399598 -0.87679857
-2.6199598 -0.8670067
-2.5999599 -0.856868
-2.5799599 -0.8463867
-2.55996 -0.83556676
-2.53996 -0.8244126
-2.51996 -0.8129287
-2.49996 -0.8011197
-2.47996 -0.78899014
-2.45996 -0.77654505
-2.43996 -0.76378936
-2.41996 -0.75072825
-2.39996 -0.73736674
-2.37996 -0.7237104
-2.35996 -0.7097644
-2.33996 -0.69553447
-2.31996 -0.68102646
-2.2999601 -0.6662461
-2.2799602 -0.65119934
-2.2599602 -0.63589203
-2.2399602 -0.62033033
-2.2199602 -0.6045205
-2.1999602 -0.5884689
-2.1799603 -0.57218194
-2.1599603 -0.55566615
-2.1399603 -0.53892803
-2.1199603 -0.5219743
-2.0999603 -0.5048119
-2.0799603 -0.4874475
-2.0599604 -0.4698881
-2.0399604 -0.4521408
-2.0199604 -0.43421265
-1.9999604 -0.41611084
-1.9799604 -0.39784256
-1.9599605 -0.37941518
-1.9399605 -0.360836
-1.9199605 -0.3421125
-1.8999605 -0.3232522
-1.8799605 -0.30426258
-1.8599606 -0.28515124
-1.8399606 -0.26592585
-1.8199606 -0.24659412
-1.7999606 -0.22716373
-1.7799606 -0.2076425
-1.7599607 -0.18803819
-1.7399607 -0.16835867
-1.7199607 -0.14861183
-1.6999607 -0.12880553
-1.6799607 -0.10894771
-1.6599607 -0.08904632
-1.6399608 -0.06910931
-1.6199608 -0.049144655
-1.5999608 -0.029160341
-1.5799608 -0.009164368
-1.5599608 0.010835272
-1.5399609 0.03083058
-1.5199609 0.050813556
-1.4999609 0.0707762
-1.4799609 0.09071054
-1.4599609 0.11060861
-1.439961 0.13046241
-1.419961 0.15026405
-1.399961 0.17000557
-1.379961 0.18967912
-1.359961 0.20927678
-1.339961 0.22879073
-1.3199611 0.24821317
-1.2999611 0.2675363
-1.2799611 0.2867525
-1.2599611 0.3058539
-1.2399611 0.32483304
-1.2199612 0.34368223
-1.1999612 0.36239395
-1.1799612 0.3809607
-1.1599612 0.3993751
-1.1399612 0.41762975
-1.1199613 0.43571734
-1.0999613 0.45363063
-1.0799613 0.4713625
-1.0599613 0.48890582
-1.0399613 0.50625354
-1.0199614 0.5233989
-0.9999614 0.54033476
-0.9799614 0.5570545
-0.9599614 0.5735515
-0.93996143 0.58981913
-0.91996145 0.6058507
-0.8999615 0.62164
-0.8799615 0.6371807
-0.8599615 0.65246654
-0.8399615 0.6674913
-0.81996155 0.6822491
-0.79996157 0.696734
-0.7799616 0.7109406
-0.7599616 0.72486246
-0.7399616 0.7384944
-0.71996164 0.75183105
-0.69996166 0.7648668
-0.6799617 0.77759683
-0.6599617 0.7900157
-0.6399617 0.8021186
-0.61996174 0.8139007
-0.59996176 0.8253572
-0.5799618 0.83648354
-0.5599618 0.84727544
-0.5399618 0.8577283
-0.51996183 0.8678382
-0.49996182 0.87760085
-0.4799618 0.88701254
-0.4599618 0.8960694
-0.4399618 0.904768
-0.41996178 0.9131045
-0.39996177 0.9210759
-0.37996176 0.92867875
-0.35996175 0.9359103
-0.33996174 0.9427674
-0.31996173 0.9492475
-0.29996172 0.9553478
-0.2799617 0.961066
-0.2599617 0.96639985
-0.2399617 0.9713471
-0.2199617 0.9759058
-0.1999617 0.9800742
-0.17996171 0.98385054
-0.15996172 0.98723346
-0.13996172 0.9902213
-0.11996172 0.9928132
-0.09996173 0.995008
-0.07996173 0.9968048
-0.059961732 0.99820286
-0.039961733 0.99920166
-0.019961733 0.99980074
3.8266182E-5 1.0
0.020038266 0.99979925
0.040038265 0.9991986
0.060038265 0.9981982
0.080038264 0.9967987
0.10003826 0.99500036
0.120038256 0.99280405
0.14003825 0.99021065
0.16003825 0.98722124
0.18003824 0.9838368
0.20003824 0.98005897
0.22003824 0.9758891
0.24003823 0.9713289
0.26003823 0.9663802
0.28003824 0.96104485
0.30003825 0.9553252
0.32003826 0.9492234
0.34003827 0.94274193
0.36003828 0.9358833
0.3800383 0.92865044
0.4000383 0.92104614
0.4200383 0.9130733
0.44003832 0.9047353
0.46003833 0.8960355
0.48003834 0.8869772
0.5000383 0.8775642
0.5200383 0.8678001
0.5400383 0.857689
0.56003827 0.8472348
0.58003825 0.8364417
0.60003823 0.825314
0.6200382 0.8138563
0.6400382 0.80207294
0.6600382 0.78996885
0.68003815 0.7775487
0.70003814 0.76481766
0.7200381 0.7517806
0.7400381 0.73844296
0.7600381 0.7248097
0.78003806 0.7108868
0.80003804 0.6966791
0.820038 0.6821932
0.840038 0.66743433
0.860038 0.65240854
0.88003796 0.63712174
0.90003794 0.6215802
0.9200379 0.6057899
0.9400379 0.5897574
0.9600379 0.5734889
0.98003787 0.55699104
1.0000379 0.54027045
1.0200379 0.5233337
1.0400379 0.50618774
1.0600379 0.48883918
1.0800378 0.4712951
1.1000378 0.45356256
1.1200378 0.43564853
1.1400378 0.4175603
1.1600378 0.39930505
1.1800377 0.38089004
1.2000377 0.36232275
1.2200377 0.3436105
1.2400377 0.32476076
1.2600377 0.30578116
1.2800376 0.28667927
1.3000376 0.2674627
1.3200376 0.24813914
1.3400376 0.22871634
1.3600376 0.20920205
1.3800375 0.18960407
1.4000375 0.16993028
1.4200375 0.1501885
1.4400375 0.13038665
1.4600375 0.11053266
1.4800375 0.09063444
1.5000374 0.07069998
1.5200374 0.05073724
1.5400374 0.030754203
1.5600374 0.010758864
1.5800374 -0.009240822
1.6000373 -0.029236767
1.6200373 -0.049221016
1.6400373 -0.069185585
1.6600373 -0.089122474
1.6800373 -0.10902371
1.7000372 -0.12888135
1.7200372 -0.14868744
1.7400372 -0.16843405
1.7600372 -0.18811329
1.7800372 -0.20771728
1.8000371 -0.22723821
1.8200371 -0.24666822
1.8400371 -0.2659996
1.8600371 -0.28522453
1.8800371 -0.30433542
1.900037 -0.32332456
1.920037 -0.3421844
1.940037 -0.36090732
1.960037 -0.3794859
1.980037 -0.39791274
2.000037 -0.41618034
2.020037 -0.43428153
2.040037 -0.45220903
2.060037 -0.46995562
2.0800369 -0.4875142
2.1000369 -0.5048778
2.1200368 -0.52203953
2.1400368 -0.53899235
2.1600368 -0.5557296
2.1800368 -0.5722446
2.2000368 -0.5885307
2.2200367 -0.60458136
2.2400367 -0.62039024
2.2600367 -0.635951
2.2800367 -0.65125734
2.3000367 -0.6663031
2.3200366 -0.6810824
2.3400366 -0.69558924
2.3600366 -0.70981824
2.3800366 -0.7237631
2.4000366 -0.73741835
2.4200366 -0.7507787
2.4400365 -0.76383877
2.4600365 -0.7765932
2.4800365 -0.78903717
2.5000365 -0.8011654
2.5200365 -0.81297314
2.5400364 -0.82445586
2.5600364 -0.8356088
2.5800364 -0.8464274
2.6000364 -0.8569075
2.6200364 -0.8670448
2.6400363 -0.87683535
2.6600363 -0.8862751
2.6800363 -0.89536047
2.7000363 -0.90408766
2.7200363 -0.9124532
2.7400362 -0.9204537
2.7600362 -0.92808616
2.7800362 -0.9353474
2.8000362 -0.94223446
2.8200362 -0.94874465
2.8400362 -0.95487535
2.8600361 -0.9606241
2.880036 -0.9659887
2.900036 -0.97096676
2.920036 -0.97555655
2.940036 -0.9797561
2.960036 -0.98356384
2.980036 -0.9869781
3.000036 -0.9899976
3.020036 -0.9926211
3.040036 -0.99484754
3.060036 -0.9966761
3.080036 -0.998106
3.100036 -0.9991366
3.120036 -0.99976766
3.1400359 -0.9999988
3.1600358 -0.99982995
3.1800358 -0.9992612
3.2000358 -0.9982927
3.2200358 -0.9969249
3.2400358 -0.99515843
3.2600358 -0.99299383
3.2800357 -0.9904321
3.3000357 -0.9874742
3.3200357 -0.98412126
3.3400357 -0.98037475
3.3600357 -0.97623605
3.3800356 -0.9717069
3.4000356 -0.9667891
3.4200356 -0.9614846
3.4400356 -0.9557955
3.4600356 -0.9497241
3.4800355 -0.9432728
3.5000355 -0.9364443
3.5200355 -0.9292411
3.5400355 -0.9216663
3.5600355 -0.9137228
3.5800354 -0.9054139
3.6000354 -0.8967429
3.6200354 -0.887713
3.6400354 -0.8783282
3.6600354 -0.86859196
3.6800354 -0.8585084
3.7000353 -0.84808135
3.7200353 -0.8373152
3.7400353 -0.8262141
3.7600353 -0.81478244
3.7800353 -0.80302495
3.8000352 -0.79094625
3.8200352 -0.7785512
3.8400352 -0.7658447
3.8600352 -0.7528319
3.8800352 -0.739518
3.9000351 -0.7259083
3.9200351 -0.7120081
3.940035 -0.697823
3.960035 -0.6833591
3.980035 -0.6686218
4.0000353 -0.6536167
4.0200353 -0.6383505
4.0400352 -0.622829
4.060035 -0.6070584
4.080035 -0.59104484
4.100035 -0.57479507
4.120035 -0.5583152
4.140035 -0.5416121
4.160035 -0.5246924
4.180035 -0.5075629
4.200035 -0.49023017
4.220035 -0.4727015
4.240035 -0.45498368
4.260035 -0.4370839
4.280035 -0.41900927
4.300035 -0.40076712
4.320035 -0.38236457
4.340035 -0.3638091
4.360035 -0.34510818
4.380035 -0.32626915
4.400035 -0.3072996
4.420035 -0.2882072
4.440035 -0.2689995
4.460035 -0.2496842
4.480035 -0.23026903
4.500035 -0.21076174
4.520035 -0.19117016
4.540035 -0.17150211
4.5600348 -0.15176548
4.5800347 -0.13196814
4.6000347 -0.112118
4.6200347 -0.092223026
4.6400347 -0.07229116
4.6600347 -0.05233038
4.6800346 -0.032348666
4.7000346 -0.012354016
4.7200346 0.007645707
4.7400346 0.02764224
4.7600346 0.04762772
4.7800345 0.06759415
4.8000345 0.08753353
4.8200345 0.10743791
4.8400345 0.12729932
4.8600345 0.1471098
4.8800344 0.16686146
4.9000344 0.18654636
4.9200344 0.20615664
4.9400344 0.22568448
4.9600344 0.24512203
4.9800344 0.26446152
5.0000343 0.28369528
5.0200343 0.30281553
5.0400343 0.32181466
5.0600343 0.34068507
5.0800343 0.35941923
5.100034 0.3780096
5.120034 0.3964488
5.140034 0.4147294
5.160034 0.4328441
5.180034 0.4507857
5.200034 0.468547
5.220034 0.48612085
5.240034 0.5035003
5.260034 0.5206783
5.280034 0.5376481
5.300034 0.5544027
5.320034 0.5709357
5.340034 0.58724034
5.360034 0.60331005
5.380034 0.6191384
5.400034 0.63471913
5.420034 0.65004593
5.440034 0.6651128
5.460034 0.6799136
5.480034 0.6944424
5.500034 0.70869386
5.520034 0.7226615
5.540034 0.73634005
5.560034 0.7497241
5.580034 0.76280826
5.6000338 0.7755873
5.6200337 0.7880562
5.6400337 0.80020976
5.6600337 0.8120433
5.6800337 0.823552
5.7000337 0.83473146
5.7200336 0.8455769
5.7400336 0.85608405
5.7600336 0.86624885
5.7800336 0.8760673
5.8000336 0.8855352
5.8200336 0.89464885
5.8400335 0.9034048
5.8600335 0.91179925
5.8800335 0.919829
5.9000335 0.92749095
5.9200335 0.9347819
5.9400334 0.9416989
5.9600334 0.9482392
5.9800334 0.9544003
6.0000334 0.9601797
6.0200334 0.96557486
6.0400333 0.970584
6.0600333 0.9752047
6.0800333 0.9794355
6.1000333 0.9832745
6.1200333 0.9867202
6.1400332 0.9897713
6.160033 0.9924264
6.180033 0.9946845
6.200033 0.99654484
6.220033 0.9980066
6.240033 0.9990691
6.260033 0.999732
6.280033 0.99999505
6.300033 0.9998581
6.320033 0.99932116
6.340033 0.9983846
6.360033 0.9970486
6.380033 0.9953139
6.400033 0.99318105
6.420033 0.99065095
6.440033 0.98772466
6.460033 0.98440313
6.480033 0.9806881
6.500033 0.97658056
6.520033 0.9720826
6.540033 0.9671956
6.560033 0.961922
6.580033 0.9562633
6.600033 0.95022243
6.620033 0.9438013
6.640033 0.93700284
6.6600327 0.9298293
6.6800327 0.9222842
6.7000327 0.9143699
6.7200327 0.90609014
6.7400327 0.8974475
6.7600327 0.88844645
6.7800326 0.87908953
6.8000326 0.86938155
6.8200326 0.85932523
6.8400326 0.8489257
6.8600326 0.8381861
6.8800325 0.8271119
6.9000325 0.81570613
6.9200325 0.8039747
6.9400325 0.79192126
6.9600325 0.7795515
6.9800324 0.76686937
7.0000324 0.7538811
7.0200324 0.7405907
7.0400324 0.7270047
7.0600324 0.7131272
7.0800323 0.6989649
7.1000323 0.6845227
7.1200323 0.6698073
7.1400323 0.65482336
7.1600323 0.6395782
7.1800323 0.6240765
7.200032 0.60832584
7.220032 0.5923312
7.240032 0.57610035
7.260032 0.55963814
7.280032 0.5429531
7.300032 0.52605003
7.320032 0.5089373
7.340032 0.49162018
7.360032 0.4741073
7.380032 0.4564039
7.400032 0.43851882
7.420032 0.42045745
7.440032 0.40222877
7.460032 0.38383833
7.480032 0.36529526
7.500032 0.34660518
7.520032 0.32777736
7.540032 0.30881754
7.560032 0.2897351
7.580032 0.27053583
7.600032 0.25122932
7.620032 0.23182134
7.640032 0.21232161
7.660032 0.19273598
7.680032 0.17307423
7.7000318 0.15334229
7.7200317 0.13354997
7.7400317 0.11370329
7.7600317 0.09381208
7.7800317 0.073882386
7.8000317 0.0539241
7.8200316 0.033943284
7.8400316 0.0139498515
7.8600316 -0.0060501606
7.8800316 -0.026046755
7.9000316 -0.04603388
7.9200315 -0.066001646
7.9400315 -0.08594397
7.9600315 -0.10585096
7.9800315 -0.12571655
8.000031 -0.14553092
8.020032 -0.16528803
8.040032 -0.18497902
8.060033 -0.20459601
8.080033 -0.22413117
8.100034 -0.24357665
8.120034 -0.26292473
8.140035 -0.28216764
8.160035 -0.30129763
8.180036 -0.32030714
8.200036 -0.33918855
8.2200365 -0.35793424
8.240037 -0.37653676
8.260037 -0.39498872
8.280038 -0.4132826
8.300038 -0.43141124
8.320039 -0.44936723
8.340039 -0.4671435
8.36004 -0.4847329
8.38004 -0.5021285
8.400041 -0.5193231
8.420041 -0.53631
8.440042 -0.55308247
8.460042 -0.56963366
8.480042 -0.585957
8.500043 -0.6020459
8.520043 -0.617894
8.540044 -0.633495
8.560044 -0.64884245
8.580045 -0.6639304
8.600045 -0.67875284
8.620046 -0.69330376
8.640046 -0.7075777
8.660047 -0.72156817
8.680047 -0.73527014
8.7000475 -0.74867797
8.720048 -0.76178616
8.740048 -0.7745898
8.760049 -0.7870836
8.780049 -0.7992625
8.80005 -0.8111219
8.82005 -0.82265663
8.840051 -0.8338624
8.860051 -0.8447346
8.880052 -0.85526884
8.900052 -0.8654611
8.920053 -0.8753071
8.940053 -0.88480294
8.960053 -0.89394486
8.980054 -0.9027293
9.000054 -0.9111524
9.020055 -0.91921127
9.040055 -0.9269023
9.060056 -0.9342227
9.080056 -0.9411694
9.100057 -0.94773954
9.120057 -0.95393056
9.140058 -0.9597401
9.160058 -0.9651657
9.1800585 -0.9702052
9.200059 -0.9748567
9.220059 -0.9791181
9.24006 -0.982988
9.26006 -0.9864647
9.280061 -0.9895467
9.300061 -0.99223286
9.320062 -0.9945222
9.340062 -0.9964137
9.360063 -0.9979066
9.380063 -0.99900043
9.4000635 -0.9996946
9.420064 -0.9999889
9.440064 -0.9998832
9.460065 -0.9993775
9.480065 -0.9984721
9.500066 -0.9971672
9.520066 -0.99546355
9.540067 -0.99336165
9.560067 -0.9908624
9.580068 -0.9879669
9.600068 -0.98467606
9.620069 -0.9809914
9.640069 -0.9769144
9.660069 -0.97244656
9.68007 -0.96758974
9.70007 -0.9623459
9.720071 -0.9567171
9.740071 -0.9507056
9.760072 -0.9443138
9.780072 -0.9375443
9.800073 -0.9303998
9.820073 -0.9228831
9.840074 -0.9149972
9.860074 -0.90674543
9.8800745 -0.8981309
9.900075 -0.8891571
9.920075 -0.8798277
9.940076 -0.8701463
9.960076 -0.8601168
9.980077 -0.84974325
10.000077 -0.8390298
10.020078 -0.8279808
