-0.998 0.8664584755897522
-0.99600005 2.467539805918932
-0.9940001 0.9845266342163086
-0.9920001 0.9908909276127815
-0.9900001 1.7379625216126442
-0.98800015 1.236044880002737
-0.9860002 0.5857421047985554
-0.9840002 1.0461040288209915
-0.98200023 1.392168752849102
-0.98000026 0.053549624979496
-0.9780003 0.5192809700965881
-0.9760003 1.8182438053190708
-0.97400033 0.08862374722957611
-0.97200036 0.3835269883275032
-0.9700004 0.19238147884607315
-0.9680004 1.0729728788137436
-0.96600044 0.5295247435569763
-0.96400046 0.9220510795712471
-0.9620005 0.9368202835321426
-0.9600005 0.9458309859037399
-0.95800054 0.1321587972342968
-0.95600057 1.311425469815731
-0.9540006 0.8624311089515686
-0.9520006 0.13920378684997559
-0.95000064 0.06084232032299042
-0.94800067 0.8812848404049873
-0.9460007 0.06469669193029404
-0.9440007 0.2969408482313156
-0.94200075 0.25441667065024376
-0.9400008 0.7104387320578098
-0.9380008 1.3080807887017727
-0.9360008 0.5107453428208828
-0.93400085 0.9830648601055145
-0.9320009 0.2884956896305084
-0.9300009 1.421290334314108
-0.9280009 0.28836070746183395
-0.92600095 2.406461276113987
-0.924001 0.30088863521814346
-0.922001 1.4131517335772514
-0.92000103 2.696775399148464
-0.91800106 3.7849843762815
-0.9160011 2.763019572943449
-0.9140011 5.964728578925133
-0.91200113 5.790341034531593
-0.91000116 6.542793489992619
-0.9080012 8.280347280204296
-0.9060012 8.683560322970152
-0.90400124 12.934940673410892
-0.90200126 15.609835088253021
-0.9000013 16.577296942472458
-0.8980013 20.909840404987335
-0.89600134 24.801126431673765
-0.89400136 29.490745082497597
-0.8920014 35.19536054134369
-0.8900014 39.045573346316814
-0.88800144 47.02793026342988
-0.88600147 55.931578032672405
-0.8840015 65.29911456257105
-0.8820015 73.38124091178179
-0.88000154 87.09486099332571
-0.8780016 99.9843140244484
-0.8760016 112.18545815721154
-0.8740016 132.39235324040055
-0.87200165 149.82631651684642
-0.8700017 174.2071479074657
-0.8680017 197.72634194791317
-0.8660017 229.02212125062943
-0.86400175 261.15614242851734
-0.8620018 299.5917396172881
-0.8600018 340.1735833398998
-0.8580018 387.10864382237196
-0.85600185 440.94835801795125
-0.8540019 498.5719085969031
-0.8520019 565.1705313622952
-0.85000193 638.232774823904
-0.84800196 721.5306423269212
-0.846002 815.106552965939
-0.844002 917.2610629871488
-0.84200203 1034.5412941500545
-0.84000206 1162.7300199642777
-0.8380021 1307.8353646472096
-0.8360021 1466.0810733418912
-0.83400214 1643.8973152861
-0.83200216 1841.9119847733527
-0.8300022 2059.942467316985
-0.8280022 2303.9878410119563
-0.82600224 2572.221485309303
-0.82400227 2869.984071485698
-0.8220023 3198.776911029592
-0.8200023 3562.255639821291
-0.81800234 3964.2242176756263
-0.81600237 4406.629224168137
-0.8140024 4895.554433120415
-0.8120024 5433.215649239719
-0.81000245 6027.955791641027
-0.8080025 6680.2402099482715
-0.8060025 7397.652219709009
-0.8040025 8185.888844678178
-0.80200255 9053.756754377857
-0.8000026 10003.168386131525
-0.7980026 11048.138241404667
-0.7960026 12191.779347002506
-0.79400265 13448.299872223288
-0.7920027 14821.999893680215
-0.7900027 16327.26829996705
-0.7880027 17972.579828865826
-0.78600276 19773.492230217904
-0.7840028 21742.643548028544
-0.7820028 23893.74951571785
-0.78000283 26241.601058820263
-0.77800286 28805.06189978309
-0.7760029 31604.066259784624
-0.7740029 34656.616652838886
-0.77200294 37984.781767684966
-0.77000296 41610.69443322532
-0.768003 45559.549663545564
-0.766003 49859.60277871601
-0.76400304 54542.16759783216
-0.76200306 59633.61470094696
-0.7600031 65174.36975666508
-0.7580031 71193.91191245057
-0.75600314 77741.77224476077
-0.75400317 84850.53226631694
-0.7520032 92575.8224879764
-0.7500032 100959.32103277184
-0.74800324 110059.75229982287
-0.74600327 119933.88567595929
-0.7440033 130644.5342929624
-0.7420033 142257.55382850766
-0.74000335 154844.84134891257
-0.7380034 168488.33419192024
-0.7360034 183267.0088878814
-0.7340034 199275.88011767715
-0.73200345 216607.99970590882
-0.7300035 235367.45564789325
-0.7280035 255672.37116907537
-0.7260035 277638.9038155768
-0.72400355 301399.24457458593
-0.7220036 327093.61702345684
-0.7200036 354872.27650633454
-0.71800363 384895.50933725014
-0.71600366 417339.6320286449
-0.7140037 452391.9905443378
-0.7120037 490249.95957601443
-0.71000373 531137.9418423064
-0.70800376 575280.3674096353
-0.7060038 570613.3069660198
-0.7040038 527064.5984771904
-0.70200384 486931.99888360314
-0.70000386 449930.97511216626
-0.6980039 415819.96983896196
-0.6960039 384359.4020538945
-0.69400394 355339.6676086113
-0.69200397 328564.13974832743
-0.690004 303856.16962808557
-0.688004 281049.08681404404
-0.68600404 259990.19977029786
-0.68400407 240545.7963317465
-0.6820041 222590.14416348562
-0.6800041 206002.49120721407
-0.67800415 190675.06611506082
-0.6760042 176511.0786713045
-0.6740042 163420.72020237148
-0.6720042 151321.16397551075
-0.67000425 140133.56558653526
-0.6680043 129787.06333697774
-0.6660043 120219.77860103734
-0.6640043 111367.8161826171
-0.66200435 103180.26466282457
-0.6600044 95602.19673818536
-0.6580044 88590.66954993643
-0.6560044 82101.72500463203
-0.65400445 76094.39008636773
-0.6520045 70534.67716088891
-0.6500045 65382.5842718184
-0.64800453 60615.09542929195
-0.64600456 56199.180891184136
-0.6440046 52107.79743720777
-0.6420046 48318.88863608055
-0.64000463 44806.385105961934
-0.63800466 41554.20476839319
-0.6360047 38540.25309592113
-0.6340047 35745.42335360311
-0.63200474 33155.59683456458
-0.63000476 30756.643089802936
-0.6280048 28531.42015240714
-0.6260048 26468.774756345898
-0.62400484 24556.542549997568
-0.62200487 22783.548304567114
-0.6200049 21138.606117539108
-0.6180049 19612.519611323252
-0.61600494 18198.082127219066
-0.61400497 16886.076914824545
-0.612005 15669.277317043394
-0.610005 14542.446950798854
-0.60800505 13493.33988358453
-0.6060051 12521.700805945322
-0.6040051 11619.265200048685
-0.6020051 10782.759504398331
-0.60000515 10006.90127485618
-0.5980052 9288.399342009798
-0.5960052 8619.953965052962
-0.5940052 7997.256982211024
-0.59200525 7423.99195786193
-0.5900053 6887.834326393902
-0.5880053 6391.451532913372
-0.58600533 5932.503170894459
-0.58400536 5505.641116824001
-0.5820054 5110.509661940858
-0.5800054 4741.745641153306
-0.57800543 4399.978559177369
-0.57600546 4083.830714005977
-0.5740055 3788.9173177592456
-0.5720055 3515.8466149643064
-0.57000554 3262.219998391345
-0.56800556 3024.632122427225
-0.5660056 2806.671014117077
-0.5640056 2603.918181905523
-0.56200564 2416.9487221240997
-0.56000566 2242.331423310563
-0.5580057 2080.6288683842868
-0.5560057 1929.3975347578526
-0.55400574 1789.18789242208
-0.55200577 1659.544500041753
-0.5500058 1540.0060991514474
-0.5480058 1428.1057064458728
-0.54600585 1326.370704261586
-0.5440059 1228.3229292444885
-0.5420059 1138.4787592962384
-0.5400059 1056.349198807031
-0.53800595 978.4399622157216
-0.536006 907.2515559718013
-0.534006 841.2793588843197
-0.532006 779.0137009508908
-0.53000605 721.9399406611919
-0.5280061 669.5385408252478
-0.5260061 620.2851429637522
-0.5240061 574.650640303269
-0.52200615 532.1012493781745
-0.5200062 494.09858030080795
-0.5180062 458.099705722183
-0.51600623 422.55722849816084
-0.51400626 391.9193481244147
-0.5120063 361.62992592714727
-0.5100063 335.12854907102883
-0.50800633 311.8505933880806
-0.50600636 288.22728506848216
-0.5040064 266.68576124310493
-0.5020064 247.6491294540465
-0.50000644 227.53652606904507
-0.49800643 422.6795193068683
-0.49600643 389.7841760404408
-0.49400643 363.20218459144235
-0.49200642 335.7412112802267
-0.49000642 308.20153333619237
-0.4880064 287.3761438392103
-0.4860064 264.05085487291217
-0.4840064 245.00439885258675
-0.4820064 227.00852810963988
-0.4800064 210.82811277359724
-0.4780064 193.22123694978654
-0.4760064 176.93929327651858
-0.47400638 164.7270758599043
-0.47200638 153.32287163846195
-0.47000638 141.45855020359159
-0.46800637 130.85965211316943
-0.46600637 119.2454757206142
-0.46400636 110.32916256785393
-0.46200636 101.81778134033084
-0.46000636 94.41241045854986
-0.45800635 86.8082192838192
-0.45600635 80.69454801268876
-0.45400634 72.75498625449836
-0.45200634 66.66745033115149
-0.45000634 63.10425932519138
-0.44800633 58.73220990039408
-0.44600633 54.2126499209553
-0.44400632 49.201550886034966
-0.44200632 46.34957921691239
-0.44000632 41.302166402339935
-0.4380063 36.69957804121077
-0.4360063 35.17698179371655
-0.4340063 32.364514265209436
-0.4320063 28.887346848845482
-0.4300063 28.365750528872013
-0.4280063 25.415159706026316
-0.4260063 22.64623500034213
-0.42400628 20.664925122633576
-0.42200628 18.072527769953012
-0.42000628 18.46574961207807
-0.41800627 15.436765348538756
-0.41600627 16.573275884613395
-0.41400626 14.45856562256813
-0.41200626 13.67155889235437
-0.41000625 11.78687554039061
-0.40800625 10.374885687604547
-0.40600625 10.001763671636581
-0.40400624 10.229541203007102
-0.40200624 8.616159718483686
-0.40000623 7.715521983802319
-0.39800623 7.0775429382920265
-0.39600623 6.248199792578816
-0.39400622 6.769581399857998
-0.39200622 4.179936932399869
-0.3900062 4.013723831623793
-0.3880062 4.80165508762002
-0.3860062 4.070745844393969
-0.3840062 4.344359332695603
-0.3820062 3.142252165824175
-0.3800062 2.980618979781866
-0.3780062 4.372136468067765
-0.3760062 1.8260067831724882
-0.37400618 2.8480003401637077
-0.37200618 0.9404980316758156
-0.37000617 1.6025328431278467
-0.36800617 1.3298309184610844
-0.36600617 1.6148520484566689
-0.36400616 2.946829603984952
-0.36200616 1.8118099384009838
-0.36000615 1.6926912441849709
-0.35800615 2.0692619029432535
-0.35600615 0.5817617066204548
-0.35400614 1.2133021280169487
-0.35200614 0.07486274093389511
-0.35000613 1.0214660242199898
-0.34800613 0.9670850951224566
-0.34600613 0.22390086017549038
-0.34400612 0.2509643454104662
-0.34200612 0.5045056790113449
-0.3400061 0.4379681069403887
-0.3380061 1.5020415745675564
-0.3360061 0.14469586685299873
-0.3340061 0.1887866724282503
-0.3320061 0.055778831243515015
-0.3300061 0.016276637092232704
-0.3280061 1.3671321235597134
-0.32600608 0.5292990058660507
-0.32400608 0.09745439328253269
-0.32200608 0.9166938811540604
-0.32000607 9.039044380187988E-4
-0.31800607 0.5746643822640181
-0.31600606 0.06589996255934238
-0.31400606 0.10707801207900047
-0.31200606 0.47349604219198227
-0.31000605 1.7769377119839191
-0.30800605 0.5547632779926062
-0.30600604 0.12052856758236885
-0.30400604 0.3941838126629591
-0.30200604 0.14021080918610096
-0.30000603 0.11312109790742397
-0.29800603 1.247880605980754
-0.29600602 1.3768615368753672
-0.29400602 1.410463010892272
-0.29200602 0.0055780597031116486
-0.290006 1.1978543233126402
-0.288006 0.8082091119140387
-0.286006 0.4358739033341408
-0.284006 1.6932247839868069
-0.282006 0.1946024615317583
-0.280006 0.4437113180756569
-0.278006 0.3964828923344612
-0.27600598 0.664720818400383
-0.27400598 0.994643472135067
-0.27200598 0.001609044149518013
-0.27000597 0.9721637982875109
-0.26800597 0.4565909318625927
-0.26600596 0.658643078058958
-0.26400596 0.003000989556312561
-0.26200595 0.1430671364068985
-0.26000595 0.41401212476193905
-0.25800595 1.4459829349070787
-0.25600594 0.1231940258294344
-0.25400594 0.3459646515548229
-0.25200593 1.5054208729416132
-0.25000593 0.9653862901031971
-0.24800593 1.1945601366460323
-0.24600592 0.09501773491501808
-0.24400592 1.5243376716971397
-0.24200591 0.03847871534526348
-0.24000591 1.4824124444276094
-0.2380059 0.4965925347059965
-0.2360059 0.7944434229284525
-0.2340059 1.9544274378567934
-0.2320059 0.05604371428489685
-0.23000589 0.8260986637324095
-0.22800589 0.416895629838109
-0.22600588 1.351643754169345
-0.22400588 1.3458979055285454
-0.22200587 1.0024863369762897
-0.22000587 0.052442556247115135
-0.21800587 0.4868081137537956
-0.21600586 1.0340812522917986
-0.21400586 0.15250544995069504
-0.21200585 0.7067550048232079
-0.21000585 0.28634287044405937
-0.20800585 0.4535342063754797
-0.20600584 0.8601259049028158
-0.20400584 0.28309631161391735
-0.20200583 0.07449220307171345
-0.20000583 0.5887116007506847
-0.19800583 0.8175273928791285
-0.19600582 0.21478250809013844
-0.19400582 1.0469071604311466
-0.19200581 1.0423406213521957
-0.19000581 2.433224953711033
-0.1880058 1.0119291488081217
-0.1860058 0.6762271076440811
-0.1840058 0.0033521968871355057
-0.1820058 0.34363470412790775
-0.18000579 0.07331454753875732
-0.17800578 0.4293456543236971
-0.17600578 0.784088984131813
-0.17400578 0.3913075942546129
-0.17200577 0.48100528307259083
-0.17000577 0.8710757177323103
-0.16800576 0.05052655749022961
-0.16600576 0.8939913902431726
-0.16400576 0.2676801271736622
-0.16200575 0.7781525086611509
-0.16000575 0.030193353071808815
-0.15800574 0.6268390715122223
-0.15600574 0.8305960446596146
-0.15400574 1.2575062941759825
-0.15200573 0.5109056960791349
-0.15000573 0.5395281314849854
-0.14800572 0.7663240917026997
-0.14600572 1.00025730766356
-0.14400572 0.24774879403412342
-0.14200571 0.6138300262391567
-0.14000571 0.1729412693530321
-0.1380057 0.016553493216633797
-0.1360057 0.26983377896249294
-0.1340057 0.10216565243899822
-0.13200569 0.102192347869277
-0.13000569 0.9244783669710159
-0.12800568 0.055441854521632195
-0.12600568 0.25905121117830276
-0.12400568 0.22609370574355125
-0.122005686 1.0747943967580795
-0.12000569 1.0850076097995043
-0.11800569 0.40001460537314415
-0.1160057 1.985534768551588
-0.1140057 0.07018039375543594
-0.1120057 0.7066089175641537
-0.11000571 0.06087295152246952
-0.10800571 0.2678131181746721
-0.10600571 0.4600334484130144
-0.10400572 0.2320539467036724
-0.10200572 0.680184418335557
-0.10000572 0.7581965439021587
-0.09800573 0.3419881258159876
-0.09600573 0.6905276142060757
-0.094005734 0.4594656154513359
-0.09200574 0.08301235735416412
-0.09000574 0.32253095135092735
-0.088005744 0.6427053902298212
-0.08600575 0.23514846339821815
-0.08400575 0.578066848218441
-0.082005754 0.026836762204766273
-0.08000576 0.15737517550587654
-0.07800576 0.9194341525435448
-0.076005764 0.4173112381249666
-0.07400577 0.2462424784898758
-0.07200577 0.030019216239452362
-0.070005774 0.34587910398840904
-0.06800578 0.7996978182345629
-0.06600578 0.48845499008893967
-0.064005785 0.5077902488410473
-0.062005784 0.09398391097784042
-0.060005784 0.16779238916933537
-0.058005784 0.9778958279639482
-0.056005783 0.47553314827382565
-0.054005783 0.3489671405404806
-0.052005783 0.5345125906169415
-0.050005782 0.3497116193175316
-0.048005782 0.2694024108350277
-0.04600578 0.4644041731953621
-0.04400578 0.1036625113338232
-0.04200578 0.6456711012870073
-0.04000578 0.3818399515002966
-0.03800578 0.34999655187129974
-0.03600578 0.5789572093635798
-0.03400578 0.24425524845719337
-0.03200578 0.5134691651910543
-0.03000578 0.7045237999409437
-0.028005779 0.14214732125401497
-0.026005778 1.2017967645078897
-0.024005778 1.1653184983879328
-0.022005778 0.2743773125112057
-0.020005777 0.5774798691272736
-0.018005777 0.4173652958124876
-0.016005777 0.05669653043150902
-0.0140057765 0.29057438112795353
-0.012005776 0.7045009545981884
-0.010005776 0.2753146309405565
-0.0080057755 0.17279419489204884
-0.006005775 0.5341227650642395
-0.004005775 0.006012933328747749
-0.0020057748 0.7763817012310028
-5.7746656E-6 7.057562470436096E-5
0.0019942254 0.3228268828243017
0.0039942255 0.192405603826046
0.005994226 0.9123255033046007
0.007994226 0.43035460263490677
0.0099942265 0.3447820898145437
0.011994227 0.18846778012812138
0.013994227 0.5060514453798532
0.015994227 0.14942283928394318
0.017994227 0.4125588610768318
0.019994227 0.3369073588401079
0.021994228 0.7755646649748087
0.023994228 0.6213418580591679
0.025994228 0.1047949530184269
0.027994229 0.2900755889713764
0.029994229 0.5031404551118612
0.031994227 0.10240192152559757
0.033994228 0.45032135024666786
0.035994228 0.5675534456968307
0.03799423 0.5913467593491077
0.03999423 0.8656214866787195
0.04199423 0.09303541108965874
0.04399423 0.10979687236249447
0.04599423 0.7504789214581251
0.04799423 0.8479402251541615
0.04999423 0.23324576579034328
0.05199423 1.7355873864144087
0.05399423 0.182204132899642
0.05599423 0.39830240420997143
0.05799423 0.2069758977741003
0.059994232 0.5708746649324894
0.061994232 0.8833779711276293
0.06399423 0.3059695903211832
0.065994225 0.8776097409427166
0.06799422 0.398093881085515
0.06999422 1.1598508227616549
0.071994215 1.06590879522264
0.07399421 0.017915261909365654
0.07599421 0.0839042216539383
0.077994205 0.34078729897737503
0.0799942 0.14452376030385494
0.0819942 0.2677404638379812
0.083994195 1.0770136509090662
0.08599419 1.0027550719678402
0.08799419 0.6021316703408957
0.089994185 0.002566389739513397
0.09199418 0.6888017617166042
0.09399418 0.6424756180495024
0.095994174 0.11268896423280239
0.09799417 0.8400137443095446
0.09999417 0.05544636771082878
0.101994164 0.5483838822692633
0.10399416 0.7755949255079031
0.10599416 0.7523361574858427
0.107994154 0.39314004965126514
0.10999415 0.4695658814162016
0.11199415 0.5269548166543245
0.113994144 0.24787456914782524
0.11599414 0.4439154602587223
0.11799414 1.3121494799852371
0.11999413 0.6257376838475466
0.12199413 0.40180149115622044
0.12399413 0.16272986307740211
0.12599413 0.9671233482658863
0.12799414 0.37244362384080887
0.12999414 0.4425886385142803
0.13199414 0.05648282915353775
0.13399415 0.04909682832658291
0.13599415 0.0016607902944087982
0.13799416 0.5031989403069019
0.13999416 1.1185642573982477
0.14199416 0.45244150049984455
0.14399417 0.08539278618991375
0.14599417 0.6058715414255857
0.14799418 0.6038493197411299
0.14999418 0.6708406768739223
0.15199418 0.3999281991273165
0.15399419 0.3857877254486084
0.15599419 0.7752862870693207
0.1579942 0.4853551909327507
0.1599942 0.14481041207909584
0.1619942 0.8476524762809277
0.16399421 0.09505985863506794
0.16599421 0.20218638889491558
0.16799422 0.22441852279007435
0.16999422 0.4235959928482771
0.17199422 1.2435908522456884
0.17399423 1.3860556036233902
0.17599423 0.07354722358286381
0.17799424 0.006571650505065918
0.17999424 0.2047480195760727
0.18199424 0.1801434326916933
0.18399425 0.4586596228182316
0.18599425 0.9120871685445309
0.18799426 1.081816703081131
0.18999426 0.8124917130917311
0.19199426 1.350050799548626
0.19399427 0.037937991321086884
0.19599427 1.11453490331769
0.19799428 0.5291252806782722
0.19999428 0.39236026257276535
0.20199428 0.2380119524896145
0.20399429 0.3645611982792616
0.2059943 0.12641950696706772
0.2079943 1.8756473176181316
0.2099943 0.03807743266224861
0.2119943 0.7325089704245329
0.21399431 0.5322239976376295
0.21599431 0.2965934034436941
0.21799432 0.5858845766633749
0.21999432 0.5169417336583138
0.22199433 0.1687153670936823
0.22399433 0.13899089023470879
0.22599433 0.06443356908857822
0.22799434 0.38172915764153004
0.22999434 0.4764433316886425
0.23199435 0.31763965263962746
0.23399435 1.1766684483736753
0.23599435 0.6778093911707401
0.23799436 0.4317820128053427
0.23999436 0.8154072128236294
0.24199437 0.7801035735756159
0.24399437 0.6299443673342466
0.24599437 0.6660014856606722
0.24799438 0.8136922158300877
0.24999438 1.514180961996317
0.25199437 0.44486148469150066
0.25399438 1.1897153370082378
0.25599438 0.49832223542034626
0.25799438 0.1501037683337927
0.2599944 0.5948778074234724
0.2619944 0.09878644719719887
0.2639944 1.7254634331911802
0.2659944 0.1595519371330738
0.2679944 0.18900146521627903
0.2699944 0.006113074719905853
0.2719944 0.7965512815862894
0.27399442 0.4451442863792181
0.27599442 0.6553737092763186
0.27799442 1.4742794465273619
0.27999443 1.3895962480455637
0.28199443 0.21878086030483246
0.28399444 2.030937649309635
0.28599444 0.47754111886024475
0.28799444 0.6414308361709118
0.28999445 0.22453400120139122
0.29199445 0.6858347933739424
0.29399446 1.3508582171052694
0.29599446 0.8259540554136038
0.29799446 0.7154104895889759
0.29999447 0.3785708788782358
0.30199447 0.8559003118425608
0.30399448 0.11862551234662533
0.30599448 0.5709575023502111
0.30799448 1.3807031828910112
0.3099945 0.6722599975764751
0.3119945 1.140706418082118
0.3139945 1.4377654287964106
0.3159945 0.021136168390512466
0.3179945 0.8182463198900223
0.3199945 0.4665404409170151
0.3219945 1.7442885227501392
0.32399452 1.0258350986987352
0.32599452 0.9507612138986588
0.32799453 0.9107407201081514
0.32999453 1.0090222358703613
0.33199453 0.2752132434397936
0.33399454 0.45043497905135155
0.33599454 1.0946985501796007
0.33799455 0.23460799641907215
0.33999455 0.017248433083295822
0.34199455 0.4023136869072914
0.34399456 0.4699136447161436
0.34599456 0.7666210737079382
0.34799457 2.836222054436803
0.34999457 1.2196819689124823
0.35199457 1.455111037939787
0.35399458 0.07772940210998058
0.35599458 0.6198317427188158
0.3579946 0.3892485685646534
0.3599946 1.5768241956830025
0.3619946 2.041351305320859
0.3639946 1.5245622545480728
0.3659946 0.5435769334435463
0.3679946 1.6123673059046268
0.3699946 3.241718538105488
0.3719946 1.9391896072775126
0.37399462 2.2090733721852303
0.37599462 2.552356081083417
0.37799463 2.4666763190180063
0.37999463 2.4462833870202303
0.38199463 3.9819950982928276
0.38399464 3.5611549708992243
0.38599464 4.667588831856847
0.38799465 5.78156079351902
0.38999465 4.379728604108095
0.39199466 3.9350983686745167
0.39399466 5.916978605091572
0.39599466 5.790933657437563
0.39799467 7.01873641833663
0.39999467 7.058320365846157
0.40199468 7.363730916753411
0.40399468 10.38507603853941
0.40599468 10.568476170301437
0.4079947 11.356013368815184
0.4099947 12.185679726302624
0.4119947 12.491325004026294
0.4139947 13.702603496611118
0.4159947 15.244920084252954
0.4179947 15.539375480264425
0.4199947 19.002710657194257
0.42199472 19.047250404953957
0.42399472 21.08084605447948
0.42599472 22.506817312911153
0.42799473 25.72389319166541
0.42999473 25.12615204975009
0.43199474 31.102960681542754
0.43399474 32.03891247138381
0.43599474 34.31376457773149
0.43799475 38.30237412452698
0.43999475 41.3746334053576
0.44199476 44.89540403522551
0.44399476 49.22445008531213
0.44599476 52.71637013182044
0.44799477 56.72052822262049
0.44999477 62.58098373003304
0.45199478 69.63642008416355
0.45399478 75.22007233276963
0.45599478 78.65965353697538
0.4579948 85.27727995067835
0.4599948 94.38939499109983
0.4619948 103.30669193342328
0.4639948 110.33403534442186
0.4659948 119.77038120105863
0.4679948 131.9086956847459
0.4699948 140.03587260842323
0.47199482 151.4326494578272
0.47399482 165.37352201342583
0.47599483 178.1266575269401
0.47799483 193.95380642078817
0.47999483 205.11021247133613
0.48199484 223.84452145919204
0.48399484 244.39868823066354
0.48599485 264.00788217037916
0.48799485 287.9003910161555
0.48999485 311.2975229918957
0.49199486 333.4135072417557
0.49399486 363.4553924873471
0.49599487 388.6229439228773
0.49799487 420.1085382513702
0.49999487 457.09705686941743
0.50199485 245.9610097296536
0.5039948 265.29993132688105
0.5059948 288.1461796462536
0.5079948 311.07667027786374
0.50999475 335.664289560169
0.5119947 363.47783511318266
0.5139947 393.08195527270436
0.51599467 423.03708740510046
0.51799464 456.89939507842064
0.5199946 494.2207040656358
0.5219946 531.5484371576458
0.52399457 574.4255477413535
0.52599454 619.3904521353543
0.5279945 668.9769606404006
0.5299945 721.7142072748393
0.53199446 779.1265781745315
0.53399444 840.7336386218667
0.5359944 907.0500586442649
0.5379944 977.5855372175574
0.53999436 1055.844724940136
0.54199433 1136.327145241201
0.5439943 1227.527114028111
0.5459943 1322.9336577337235
0.54799426 1429.0304297693074
0.54999423 1538.2956252936274
0.5519942 1660.2018942907453
0.5539942 1790.21625290066
0.55599415 1928.7999929524958
0.5579941 2079.408589679748
0.5599941 2240.4916075468063
0.5619941 2416.492604151368
0.56399405 2603.84903216362
0.565994 2806.992139212787
0.567994 3024.3468657378107
0.569994 3261.3317406736314
0.57199395 3513.3587749693543
0.5739939 3786.833352871239
0.5759939 4080.154120899737
0.57799387 4397.712874464691
0.57999384 4738.894442074001
0.5819938 5107.076567044482
0.5839938 5503.629786681384
0.58599377 5929.917308820412
0.58799374 6390.294885698706
0.5899937 6885.110685057938
0.5919937 7418.705158431083
0.59399366 7995.410906495526
0.59599364 8615.552541457117
0.5979936 9284.446546357125
0.5999936 10003.401131223887
0.60199356 10778.716085981578
0.60399354 11615.682630037889
0.6059935 12515.583258429542
0.6079935 13486.691584466025
0.60999346 14533.272178741172
0.61199343 15662.58040442504
0.6139934 16878.862248737365
0.6159934 18190.354150468484
0.61799335 19604.28282346204
0.6199933 21129.865075923502
0.6219933 22772.30762544647
0.6239933 24543.80690961145
0.62599325 26456.548892065883
0.6279932 28518.70886389725
0.6299932 30742.451240211725
0.6319932 33140.92935174331
0.63399315 35730.28523135185
0.6359931 38522.64939527586
0.6379931 41537.1406189315
0.6399931 44787.86570715532
0.64199305 48295.91925866529
0.643993 52084.383424606174
0.645993 56173.32766094431
0.64799297 60586.80847458914
0.64999294 65355.86916296743
0.6519929 70500.53954690881
0.6539929 76060.83569659665
0.65599287 82066.75965036452
0.65799284 88552.29912612028
0.6599928 95561.42722515203
0.6619928 103134.10212807357
0.66399276 111319.26678264514
0.66599274 120165.84858321026
0.6679927 129729.75904147327
0.6699927 140072.8934483081
0.67199266 151254.1305263415
0.67399263 163349.33207295462
0.6759926 176434.3425933998
0.6779926 190589.9889237024
0.67999256 205909.07984298468
0.68199253 222491.4056748543
0.6839925 240438.7378774695
0.6859925 259874.82862189598
0.68799245 280921.4103583414
0.6899924 303717.1953698322
0.6919924 328417.8753128927
0.6939924 355179.1207447555
0.69599235 384185.5806366205
0.6979923 415630.88187246956
0.6999923 449725.6287328657
0.7019923 486709.4023632463
0.70399225 526825.760226082
0.7059922 570351.2355363332
0.7079922 575547.6633204464
0.7099922 531383.4533879831
0.71199214 490480.6777578555
0.7139921 452602.90620746464
0.7159921 417533.73585812375
0.71799207 385076.79185411707
0.71999204 355039.728063466
0.721992 327247.22780132666
0.723992 301542.00457687676
0.72599196 277771.80286464654
0.72799194 255796.39890127443
0.7299919 235481.60150872543
0.7319919 216712.25294503197
0.73399186 199371.22978373058
0.73599184 183357.44382314384
0.7379918 168569.843026774
0.7399918 154922.41249612346
0.74199176 142327.1754773073
0.74399173 130708.1944029145
0.7459917 119992.57197062112
0.7479917 110116.45226016268
0.74999166 101010.02189036459
0.7519916 92620.51121794991
0.7539916 84895.19558003172
0.7559916 77780.39658223093
0.75799155 71231.48343447223
0.7599915 65206.874336658046
0.7619915 59664.037916488945
0.7639915 54569.49472186528
0.76599145 49886.81877040863
0.7679914 45583.63915882073
0.7699914 41632.641734894365
0.7719914 38003.57083521038
0.77399135 34675.231091680005
0.7759913 31621.489310320467
0.7779913 28821.27642578259
0.77999127 26255.58953544125
0.78199124 23906.494017016143
0.7839912 21754.125733941793
0.7859912 19783.693332999945
0.78799117 17981.480638958514
0.78999114 16335.8491512537
0.7919911 14828.24064809829
0.7939911 13453.179903728887
0.79599106 12201.277524799109
0.79799104 11055.232912449166
0.799991 10008.837356831878
0.801991 9058.977271482348
0.80399096 8190.637575268745
0.80599093 7401.9052302818745
0.8079909 6684.972944501787
0.8099909 6030.143048744649
0.81199086 5437.8315579891205
0.81399083 4899.572427932173
0.8159908 4409.022018358111
0.8179908 3966.9637757204473
0.81999075 3564.313148235902
0.8219907 3199.1227477733046
0.8239907 2871.5877738147974
0.8259907 2575.051715957001
0.82799065 2306.012352615595
0.8299906 2063.12806494534
0.8319906 1842.224486477673
0.8339906 1647.3015104867518
0.83599055 1468.5406789518893
0.8379905 1310.3129787687212
0.8399905 1163.1870729587972
0.8419905 1034.9379969649017
0.84399045 919.5563524663448
0.8459904 815.2580340094864
0.8479904 723.4945265948772
0.84999037 639.9638158120215
0.85199034 566.6219554916024
0.8539903 497.6953421123326
0.8559903 439.6937492862344
0.85799026 387.4241807535291
0.85999024 340.0056054890156
0.8619902 296.88464457169175
0.8639902 261.8522860221565
0.86599016 229.0617110952735
0.86799014 199.04732371866703
0.8699901 172.74508377164602
0.8719901 151.51425506547093
0.87399006 131.16069012135267
0.87599003 113.9617866538465
0.87799 98.69326462596655
0.87999 86.65792897343636
0.88198996 73.71660080552101
0.88398993 64.32142030075192
0.8859899 55.55174734443426
0.8879899 47.15291180461645
0.88998985 39.578094858676195
0.8919898 34.03365611284971
0.8939898 28.528259310871363
0.8959898 23.926193095743656
0.89798975 20.00533290579915
0.8999897 17.52024742588401
0.9019897 14.27101868763566
0.9039897 13.178421005606651
0.90598965 10.366191614419222
0.9079896 9.251228045672178
0.9099896 6.642665818333626
0.91198957 4.850928734987974
0.91398954 5.808006424456835
0.9159895 3.2004046365618706
0.9179895 2.61643910035491
0.91998947 3.70981028303504
0.92198944 2.3817136362195015
0.9239894 2.9841181486845016
0.9259894 2.547299910336733
0.92798936 1.0352636203169823
0.92998934 1.6333460956811905
0.9319893 1.0730997323989868
0.9339893 2.000536471605301
0.93598926 0.6049792021512985
0.93798923 0.9524062164127827
0.9399892 0.10936835408210754
0.9419892 0.2770369052886963
0.94398916 0.24712328240275383
0.94598913 1.634434387087822
0.9479891 0.6342870704829693
0.9499891 0.6730207279324532
0.95198905 0.38854892551898956
0.953989 0.08939452096819878
0.955989 0.061234962195158005
0.957989 0.3311234302818775
0.95998895 0.241702139377594
0.9619889 0.6176658943295479
0.9639889 0.4606102220714092
0.9659889 0.8330366760492325
0.96798885 0.07500309497117996
0.9699888 0.25366757437586784
0.9719888 1.1368917934596539
0.9739888 0.15351415053009987
0.97598875 0.9274542890489101
0.9779887 0.39217665418982506
0.9799887 1.3001067712903023
0.98198867 0.33749711513519287
0.98398864 0.28487712889909744
0.9859886 0.6342248320579529
0.9879886 0.9818647727370262
0.98998857 0.5809728130698204
0.99198854 1.229350183159113
0.9939885 0.22320887818932533
0.9959885 0.8591427691280842
0.99798846 1.6786970682442188
0.99998844 0.6542136520147324
