-9.98 2339.116648439085
-9.959999 2191.4838249606546
-9.939999 2042.8938131476752
-9.919998 1894.091646799352
-9.899998 1744.822320256615
-9.879997 1594.8307880114298
-9.859997 1444.486964309821
-9.839996 1293.5357227523346
-9.819996 1142.596895887982
-9.799995 990.6652748039924
-9.779995 838.3606087106746
-9.7599945 685.6776045216247
-9.739994 532.8609264278784
-9.719994 379.0301954681054
-9.699993 224.80498909251764
-9.679993 69.67984072305262
-9.659992 85.10076069412753
-9.639992 240.79237113916315
-9.619991 397.1505919760093
-9.599991 554.1810704146046
-9.57999 711.3894999795593
-9.55999 868.9066209841985
-9.539989 1027.6132210101932
-9.519989 1186.2651353930123
-9.499989 1345.4932477141265
-9.479988 1505.3034902983345
-9.459988 1665.5768447178416
-9.439987 1826.5693423019256
-9.419987 1987.9120646547526
-9.399986 2150.1111441766843
-9.379986 2312.672764593968
-9.359985 2475.4781614961103
-9.339985 2639.033622876508
-9.319984 2803.220489683561
-9.299984 2967.920156376669
-9.2799835 3132.764071488986
-9.259983 3299.0087381987832
-9.239983 3464.910714906873
-9.219982 3631.726615821477
-9.199982 3799.46311155078
-9.179981 3967.1269297031686
-9.159981 4135.59985549422
-9.13998 4304.63873236347
-9.11998 4474.625462595606
-9.099979 4644.942007953534
-9.079979 4815.720390317263
-9.0599785 4986.842692330945
-9.039978 5158.94105805899
-9.019978 5331.397693651263
-8.999977 5504.469868015265
-8.979977 5678.539913498331
-8.959976 5852.490226577967
-8.939976 6027.453268561745
-8.919975 6202.936566295801
-8.899975 6379.197712883353
-8.879974 6555.619368412066
-8.859974 6732.959260690259
-8.839973 6910.850185995223
-8.819973 7089.300009828294
-8.799973 7268.691667682258
-8.779972 7448.1581658178475
-8.759972 7628.457582051633
-8.739971 7809.7230665520765
-8.719971 7991.462842649315
-8.69997 8173.310207652859
-8.67997 8356.398533683037
-8.659969 8539.611268510576
-8.639969 8723.706936410628
-8.619968 8908.569139025174
-8.599968 9093.706556240097
-8.5799675 9280.127947071567
-8.559967 9466.842150566867
-8.539967 9653.733086714987
-8.519966 9842.184757370735
-8.499966 10030.456247193506
-8.479965 10219.681724594673
-8.459965 10409.870442701736
-8.439964 10600.53174033342
-8.419964 10791.800042990595
-8.399963 10983.93486385746
-8.379963 11176.195804819698
-8.359962 11369.967557495693
-8.339962 11563.634904281469
-8.319962 11758.33271941077
-8.299961 11953.570970030036
-8.279961 12149.734717288986
-8.25996 12346.834117444698
-8.23996 12544.129422982456
-8.219959 12742.255983753596
-8.199959 12940.974248126615
-8.179958 13140.919764156919
-8.159958 13340.978180771926
-8.139957 13541.910248974105
-8.119957 13743.476823059842
-8.0999565 13946.188861856936
-8.079956 14149.182429978624
-8.059956 14353.0936990974
-8.039955 14557.683949234895
-8.019955 14763.214570072247
-7.9999547 29938.128739769105
-7.9799547 30351.50515609933
-7.9599547 30766.33184086578
-7.9399548 31183.382475957274
-7.919955 31601.6809762381
-7.899955 32021.50149240112
-7.879955 32442.368413866963
-7.859955 32865.306371725164
-7.839955 33289.090241717175
-7.819955 33715.24514726456
-7.799955 34142.796462540515
-7.779955 34571.5198155907
-7.759955 35001.691091494635
-7.739955 35434.08643558109
-7.719955 35867.23225668399
-7.699955 36302.6552304551
-7.679955 36739.38230271824
-7.659955 37177.69069288112
-7.639955 37617.60789739527
-7.619955 38058.911693267524
-7.599955 38501.88014162518
-7.579955 38947.54159133928
-7.559955 39394.174682695884
-7.539955 39841.80835113069
-7.519955 40291.72183101438
-7.499955 40742.944659502245
-7.479955 41196.0066804369
-7.459955 41650.6880483171
-7.439955 42107.01923232153
-7.4199553 42565.28102040244
-7.3999553 43025.25452343514
-7.3799553 43486.47117943829
-7.3599553 43949.46275785612
-7.3399553 44414.511363910045
-7.3199553 44881.14944301639
-7.2999554 45349.909785276745
-7.2799554 45820.32553003542
-7.2599554 46291.930170510896
-7.2399554 46766.25755850226
-7.2199554 47240.84190916596
-7.1999555 47718.71780587267
-7.1799555 48197.17020514142
-7.1599555 48678.2344416487
-7.1399555 49161.196233323775
-7.1199555 49645.59168652166
-7.0999556 50132.207301279996
-7.0799556 50619.829976663925
-7.0599556 51109.99701619428
-7.0399556 51600.9961333652
-7.0199556 52095.6154572512
-6.9999557 52590.39353820821
-6.9799557 53088.11935366457
-6.9599557 53587.332314007916
-6.9399557 54088.572268572636
-6.9199557 54591.129511720035
-6.8999557 55096.29478902416
-6.879956 55603.609303558245
-6.859956 56111.86472228449
-6.839956 56622.603182555176
-6.819956 57134.86729871528
-6.799956 57649.700168822426
-6.779956 58166.6453814758
-6.759956 58684.74702276196
-6.739956 59205.79968331754
-6.719956 59727.59846551251
-6.699956 60252.93899075175
-6.679956 60778.86740690796
-6.659956 61306.930395874195
-6.639956 61837.67518125102
-6.619956 62369.89953616215
-6.599956 62904.40179120796
-6.579956 63440.98084255401
-6.559956 63979.93616015883
-6.539956 64520.317796148825
-6.519956 65062.926393332426
-6.499956 65607.56319387071
-6.479956 66154.7800480919
-6.459956 66704.12942346605
-6.439956 67254.91441373667
-6.419956 67807.6887482102
-6.399956 68363.25680121547
-6.3799562 68920.4236017256
-6.3599563 69480.24484315468
-6.3399563 70041.77689332701
-6.3199563 70605.57680462766
-6.2999563 71171.70232433127
-6.2799563 71739.46190511994
-6.2599564 72309.91471578926
-6.2399564 72882.6206521485
-6.2199564 73456.89034811826
-6.1999564 74033.78518703161
-6.1799564 74613.36731313821
-6.1599565 75194.19964332273
-6.1399565 75777.595879036
-6.1199565 76363.1205184455
-6.0999565 76952.08886881173
-6.0799565 77542.31705909315
-6.0599566 78134.87205278361
-6.0399566 78729.32166099129
-6.0199566 79325.98455575807
-5.9999566 79925.43028363399
-5.9799566 80527.2292795009
-5.9599566 81130.95288065821
-5.9399567 81737.42334117787
-5.9199567 82345.46384652611
-5.8999567 82956.398528466
-5.8799567 83570.05248024501
-5.8599567 84185.00177206844
-5.8399568 84802.82346687326
-5.819957 85422.84563640505
-5.799957 86044.89737760136
-5.779957 86670.55882929638
-5.759957 87297.66118924599
-5.739957 87927.53673148435
-5.719957 88559.01882402273
-5.699957 89192.94194688927
-5.679957 89829.64171052538
-5.659957 90468.45487454627
-5.639957 91110.7193668671
-5.619957 91754.77430321183
-5.599957 92400.21000700723
-5.579957 93049.86802967452
-5.559957 93700.84117132518
-5.539957 94353.72350187367
-5.519957 95010.11038257135
-5.499957 95667.8484879774
-5.479957 96328.78582837246
-5.459957 96992.52177262772
-5.439957 97658.15707153967
-5.419957 98326.0438816389
-5.399957 98997.03578949068
-5.379957 99669.98783648806
-5.359957 100345.75654416485
-5.339957 101023.44994002115
-5.3199573 101704.17758389283
-5.2999573 102386.55059486488
-5.2799573 103072.18167874729
-5.2599573 103760.18515612418
-5.2399573 104449.92699099611
-5.2199574 105143.27482002042
-5.1999574 105838.3479823703
-5.1799574 106535.2675502291
-5.1599574 107236.15635993052
-5.1399574 107938.63904376235
-5.1199574 108643.59206245141
-5.0999575 109351.14373834617
-5.0799575 110061.17428931221
-5.0599575 110773.81586335786
-5.0399575 111488.45257401699
-5.0199575 112205.9705364909
-4.9999576 112926.25790458592
-4.9799576 113648.70490845433
-4.9599576 114372.9538931665
-4.9399576 115100.64935812866
-4.9199576 115830.18799737468
-4.8999577 116562.21874074731
-4.8799577 117296.1427959972
-4.8599577 118033.3636918189
-4.8399577 118773.03732185019
-4.8199577 119514.32198965922
-4.7999578 120258.62845474388
-4.779958 121005.11997957062
-4.759958 121753.96237767953
-4.739958 122505.07406288292
-4.719958 123258.87609958602
-4.699958 124014.29225425981
-4.679958 124772.74904809613
-4.659958 125532.92581087397
-4.639958 126296.25473607332
-4.619958 127061.67093726574
-4.599958 127828.36250581685
-4.579958 128597.52056993544
-4.559958 129369.83935510833
-4.539958 130144.26624595141
-4.519958 130919.75184952235
-4.499958 131698.50006012758
-4.479958 132478.2181256716
-4.459958 133261.61671558302
-4.439958 134046.40999036422
-4.419958 134832.8156728102
-4.399958 135621.55512093753
-4.379958 136413.10340267606
-4.359958 137205.43937236676
-4.339958 138000.0457491204
-4.319958 138797.159197086
-4.299958 139596.02040767996
-4.2799582 140396.62418383732
-4.2599583 141198.46952633327
-4.2399583 142003.05972224288
-4.2199583 142809.40243558772
-4.1999583 143616.25980023947
-4.1799583 144425.14851514576
-4.1599584 145235.83994193375
-4.1399584 146048.11020497186
-4.1199584 146862.7402939503
-4.0999584 147678.26616905816
-4.0799584 148494.47886883048
-4.0599585 149312.67462073872
-4.0399585 150132.65495460946
-4.0199585 150952.97681895178
-3.9999585 303550.4054005435
-3.9799585 305196.8014909448
-3.9599586 306844.7897748407
-3.9399586 308495.0299475463
-3.9199586 310147.693798339
-3.8999586 311803.4654817479
-3.8799586 313458.5417959634
-3.8599586 315116.1324685775
-3.8399587 316774.4604498772
-3.8199587 318433.26221390814
-3.7999587 320094.288067542
-3.7799587 321755.80246779975
-3.7599587 323417.58434766065
-3.7399588 325080.4274506271
-3.7199588 326742.6406743042
-3.6999588 328405.5484232623
-3.6799588 330067.4909714833
-3.6599588 331730.3248346569
-3.6399589 333391.42315264326
-3.6199589 335052.67608241737
-3.599959 336711.9912018003
-3.579959 338369.7939243261
-3.559959 340028.027925577
-3.539959 341682.155581343
-3.519959 343335.1584179774
-3.499959 344985.037575325
-3.479959 346633.8142826054
-3.459959 348279.53034766763
-3.439959 349920.24866003357
-3.419959 351558.55370814074
-3.399959 353193.052111269
-3.379959 354823.37316657044
-3.3599591 356448.6694117086
-3.3399591 358069.1172035849
-3.3199592 359683.9173136633
-3.2999592 361293.79554042313
-3.2799592 362897.50333947316
-3.2599592 364493.31847190205
-3.2399592 366084.04567142855
-3.2199593 367667.01733096037
-3.1999593 369241.59420918394
-3.1799593 370808.16615780815
-3.1599593 372366.15287013724
-3.1399593 373915.5046516508
-3.1199594 375454.20321328845
-3.0999594 376982.2624881705
-3.0799594 378501.2294725105
-3.0599594 380007.6850914825
-3.0399594 381502.745090859
-3.0199594 382985.06095522083
-2.9999595 384453.82085362263
-2.9799595 385909.2506135674
-2.9599595 387350.11472420115
-2.9399595 388776.71736967843
-2.9199595 390186.4034936456
-2.8999596 391581.55989583954
-2.8799596 392958.1163618332
-2.8599596 394315.54682697915
-2.8399596 395657.37057563104
-2.8199596 396977.1534767803
-2.7999597 398278.0092572365
-2.7799597 399558.1008135574
-2.7599597 400814.1415639315
-2.7399597 402048.8968412783
-2.7199597 403259.68532884866
-2.6999598 404446.8805396361
-2.6799598 405606.4123409726
-2.6599598 406739.2685256908
-2.6399598 407844.99643127434
-2.6199598 408922.70460846554
-2.5999599 409969.064540809
-2.5799599 410986.8124166718
-2.55996 411970.25095529575
-2.53996 412920.25128846243
-2.51996 413836.7548994068
-2.49996 414716.7756206095
-2.47996 415560.401692166
-2.45996 416364.29788241535
-2.43996 417130.2076725587
-2.41996 417853.455507
-2.39996 418534.9491111869
-2.37996 419173.68187869247
-2.35996 419764.23532932904
-2.33996 420308.2816400714
-2.31996 420804.58625054546
-2.2999601 421251.0105448654
-2.2799602 421644.51461153664
-2.2599602 421985.6600831542
-2.2399602 422270.1130575668
-2.2199602 422497.6471021287
-2.1999602 422666.6463426156
-2.1799603 422775.6086382866
-2.1599603 422820.6488445001
-2.1399603 422801.0021641776
-2.1199603 422714.5275892895
-2.0999603 422561.2114333715
-2.0799603 422336.67095595226
-2.0599604 422038.1580795273
-2.0399604 421665.5631995192
-2.0199604 421215.4190874174
-1.9999604 841371.8097739443
-1.9799604 840149.7004060168
-1.9599605 838760.4785641227
-1.9399605 837195.43056719
-1.9199605 835458.1692802422
-1.8999605 833534.6430080011
-1.8799605 831428.144556269
-1.8599606 829124.3204541635
-1.8399606 826630.1803288776
-1.8199606 823930.1064229906
-1.7999606 821022.8632425889
-1.7799606 817906.60732246
-1.7599607 814570.8970924467
-1.7399607 811013.7028266471
-1.7199607 807229.4166544564
-1.6999607 803213.8626095168
-1.6799607 798958.3066894654
-1.6599607 794462.4668957572
-1.6399608 789719.5232190378
-1.6199608 784723.1275312267
-1.5999608 779468.4133408554
-1.5799608 773952.0053631626
-1.5599608 768170.0288508274
-1.5399609 762115.1186252926
-1.5199609 755785.4277420221
-1.4999609 749175.6357159242
-1.4799609 742281.9562254874
-1.4599609 735098.144205818
-1.439961 727624.5022317534
-1.419961 719852.8860825235
-1.399961 711785.7093689721
-1.379961 703418.947093145
-1.359961 694746.1379980259
-1.339961 685770.3855523821
-1.3199611 676487.3574020043
-1.2999611 666896.2831041245
-1.2799611 656999.949946411
-1.2599611 646792.6966357734
-1.2399611 636278.4046251681
-1.2199612 625459.4868288357
-1.1999612 614334.8734578807
-1.1799612 602909.4946890343
-1.1599612 591186.2598597575
-1.1399612 579170.0328628756
-1.1199613 566865.6033937652
-1.0999613 554279.6536829323
-1.0799613 541417.7203270365
-1.0599613 528289.6508122031
-1.0399613 514906.05430530384
-1.0199614 501274.7462722212
-0.9999614 974812.3729348537
-0.9799614 946635.8196543548
-0.9599614 918038.8995797373
-0.93996143 889055.5071249586
-0.91996145 859722.1777046621
-0.8999615 830072.8831794579
-0.8799615 800144.8083605953
-0.8599615 769983.107694678
-0.8399615 739631.6413109135
-0.81996155 709133.6896966845
-0.79996157 678545.6463748123
-0.7799616 647915.6880905926
-0.7599616 617303.422181204
-0.7399616 586765.510997368
-0.71996164 556361.2734795809
-0.69996166 526159.2642612848
-0.6799617 496216.8309807442
-0.6599617 466603.6508335583
-0.6399617 437393.2477890197
-0.61996174 408648.4923257921
-0.59996176 380445.08601367846
-0.5799618 352852.0337759908
-0.5599618 325939.107206434
-0.5399618 299780.30287930556
-0.51996183 274441.30017383676
-0.49996182 499979.64746920764
-0.4799618 452985.85788679495
-0.4599618 408019.33121341467
-0.4399618 365196.4070276264
-0.41996178 324623.7514575422
-0.39996177 286392.5202640258
-0.37996176 250583.6143058911
-0.35996175 217263.0436252579
-0.33996174 186480.41646618955
-0.31996173 158268.569294177
-0.29996172 132637.353282243
-0.2799617 109581.59174262546
-0.2599617 89069.22159097716
-0.2399617 142095.31469462067
-0.2199617 110890.48465250805
-0.1999617 84319.19956422783
-0.17996171 62144.12577510625
-0.15996172 44076.711213869974
-0.13996172 29786.969674548134
-0.11996172 37798.34744440578
-0.09996173 22012.869678651914
-0.07996173 11326.284060074016
-0.059961732 9594.888368116692
-0.039961733 2847.7381176184863
-0.019961733 710.1135564558208
3.8266182E-5 0.005134096369147301
0.020038266 719.5422042757273
0.040038265 2864.556017458439
0.060038265 9628.581479471177
0.080038264 11361.606796497479
0.10003826 22064.572641665116
0.120038256 37870.164459425956
0.14003825 29834.70013952814
0.16003825 44139.910875130445
0.18003824 62221.30977506563
0.20003824 84413.73797678202
0.22003824 111000.59103856422
0.24003823 142226.03625275195
0.26003823 89141.82626657747
0.28003824 109664.28607003018
0.30003825 132732.38995700888
0.32003826 158370.10629531182
0.34003827 186593.51614909992
0.36003828 217385.67254170217
0.3800383 250716.6437040344
0.4000383 286535.72721559554
0.4200383 324775.8205545135
0.44003832 365355.9325878676
0.46003833 408188.81993313134
0.48003834 453161.7318772841
0.5000383 250082.52379588597
0.5200383 274536.8820960233
0.5400383 299878.9613300944
0.56003827 326040.40199573897
0.58003825 352955.9918832928
0.60003823 380551.703655757
0.6200382 408756.7370319329
0.6400382 437503.0604653396
0.6600382 466716.9478002433
0.68003815 496328.5059682615
0.70003814 526273.1903537102
0.7200381 556478.3049952239
0.7400381 586882.4852986746
0.7600381 617421.1614077669
0.78003806 648035.0008105431
0.80003804 678661.3291513864
0.820038 709251.5285679512
0.840038 739744.4131817985
0.860038 770098.5816413574
0.88003796 800260.7468481604
0.90003794 830186.0431944206
0.9200379 859835.3118044846
0.9400379 889167.3644072153
0.9600379 918150.2265738808
0.98003787 946741.3611393515
1.0000379 487460.18635255005
1.0200379 501327.6019662246
1.0400379 514956.6375806425
1.0600379 528341.8338664286
1.0800378 541467.8760333126
1.1000378 554328.1558143003
1.1200378 566913.3268229254
1.1400378 579216.8537392039
1.1600378 591232.0557652153
1.1800377 602954.6447745655
1.2000377 614377.7585617937
1.2200377 625499.489578641
1.2400377 636318.9095242191
1.2600377 646832.0901360027
1.2800376 657037.120508384
1.3000376 666934.1212455286
1.3200376 676523.2557356516
1.3400376 685805.7388147088
1.3600376 694779.8430690113
1.3800375 703450.9030084983
1.4000375 711818.8173253825
1.4200375 719884.0494367024
1.4400375 727651.6264939429
1.4600375 735125.1370283794
1.4800375 742307.7273871442
1.5000374 749200.0971021736
1.5200374 755809.4933221992
1.5400374 762138.7044267124
1.5600374 768192.0529304091
1.5800374 773973.3877768982
1.6000373 779489.0761114322
1.6200373 784742.9946141224
1.6400373 789737.520467354
1.6600373 794480.5220240057
1.6800373 798976.3492365666
1.7000372 803228.8239011802
1.7200372 807244.2297651116
1.7400372 811028.3025411163
1.7600372 814583.2198674567
1.7800372 817917.591248164
1.8000371 821034.4480041545
1.8200371 823939.2332624029
1.8400371 826639.7920070142
1.8600371 829133.3612132259
1.8800371 831435.5600826219
1.900037 833543.3803955037
1.920037 835463.1769940909
1.940037 837204.6584083363
1.960037 838765.8776342813
1.980037 840153.2230733149
2.000037 420687.7048196094
2.020037 421217.23501930013
2.040037 421666.87311457004
2.060037 422038.44052951783
2.0800369 422336.4050450288
2.1000369 422562.37680294365
2.1200368 422716.60440327413
2.1400368 422801.471094599
2.1600368 422820.9910574397
2.1800368 422775.8057801984
2.2000368 422667.1805269774
2.2200367 422497.5008964492
2.2400367 422269.76947073266
2.2600367 421983.60255311336
2.2800367 421642.7269933149
2.3000367 421248.97709891107
2.3200366 420803.2916313913
2.3400366 420307.71088531613
2.3600366 419761.8738489263
2.3800366 419170.51544453576
2.4000366 418532.963847002
2.4200366 417850.63787851296
2.4400365 417127.54447795544
2.4600365 416361.77624307293
2.4800365 415556.509043647
2.5000365 414712.9997039316
2.5200365 413833.0837525539
2.5400364 412916.6732381508
2.5600364 411966.7546089748
2.5800364 410981.3866547737
2.6000364 409965.6985092107
2.6200364 408918.88771118503
2.6400363 407841.71832337417
2.6600363 406735.5191063965
2.6800363 405602.18174699694
2.7000363 404441.15913869254
2.7200363 403255.46371336654
2.7400362 402044.6658222955
2.7600362 400810.39216517657
2.7800362 399552.8242657045
2.8000362 398273.1969923228
2.8200362 396972.2971228007
2.8400362 395651.4619512828
2.8600361 394312.0779365711
2.880036 392952.07939033955
2.900036 391575.94720409624
2.920036 390182.2076136973
2.940036 388771.9310002569
2.960036 387344.23072633706
2.980036 385904.2620063331
3.000036 384448.2208099961
3.020036 382979.842798071
3.040036 381497.90228905715
3.060036 380002.21125611383
3.080036 378496.1183532011
3.100036 376977.00796952844
3.120036 375448.2993114367
3.1400359 373908.4455108661
3.1600358 372359.9327595839
3.1800358 370802.7794683706
3.2000358 369235.5354503859
3.2200358 367661.2811279725
3.2400358 366078.12676215917
3.2600358 364488.2117041815
3.2800357 362890.2036683038
3.3000357 361287.2980253184
3.3200357 359677.2171160579
3.3400357 358063.20958431624
3.3600357 356441.5497285733
3.3800356 354816.53687194735
3.4000356 353185.9947498068
3.4200356 351552.27091451455
3.4400356 349914.2361567598
3.4600356 348272.78394298255
3.4800355 346627.3298683986
3.5000355 344980.311125136
3.5200355 343328.6859850418
3.5400355 341676.93329669535
3.5600355 340021.05199620314
3.5800354 338364.0606313683
3.6000354 336705.99689880945
3.6200354 335046.4171936549
3.6400354 333384.89617142454
3.6600354 331723.5263217455
3.6800354 330061.4175535226
3.7000353 328398.6967912521
3.7200353 326735.5075821178
3.7400353 325074.5097135678
3.7600353 323411.37884105556
3.7800353 321749.3061256297
3.8000352 320088.4978811126
3.8200352 318427.6752305515
3.8400352 316767.0737716891
3.8600352 315108.44325118326
3.8800352 313451.04724732414
3.9000351 311796.16286099236
3.9200351 310141.0804146249
3.940035 308489.6031589536
3.960035 306838.5469872933
3.980035 305190.24015715905
4.0000353 151771.98209822224
4.0200353 150950.09473955678
4.0400352 150129.1101876339
4.060035 149309.96597743593
4.080035 148491.60518148076
4.100035 147674.4762905161
4.120035 146859.78309720242
4.140035 146045.48458270868
4.160035 145232.5448061293
4.180035 144422.43279664917
4.200035 143612.37244837638
4.220035 142804.84241777146
4.240035 141999.8260235954
4.260035 141195.56114931405
4.280035 140393.2901478829
4.300035 139592.50974885374
4.320035 138793.97096773097
4.340035 137997.6790175261
4.360035 137202.3932224405
4.380035 136409.87693362543
4.400035 135619.14744695742
4.420035 134830.22592277732
4.440035 134043.63730754238
4.460035 133258.91025733016
4.480035 132476.32706315955
4.500035 131695.92357806303
4.520035 130917.4891458773
4.540035 130140.56653170101
4.5600348 129366.9518539696
4.5800347 128595.19451811956
4.6000347 127825.59715178097
4.6200347 127058.21554147406
4.6400347 126293.10857076058
4.6600347 125529.5881598182
4.6800346 124769.96920639323
4.7000346 124011.3195281052
4.7200346 123255.45980606042
4.7400346 122502.21352974419
4.7600346 121751.15694315638
4.7800345 121002.11899216473
4.8000345 120255.43127303291
4.8200345 119511.67798210727
4.8400345 118770.1958666197
4.8600345 118030.82417658903
4.8800344 117293.90461778548
4.9000344 116558.7813057336
4.9200344 115827.0507207322
4.9400344 115097.56166385626
4.9600344 114370.91521392483
4.9800344 113645.96468540607
5.0000343 112923.06558724027
5.0200343 112202.8255825499
5.0400343 111486.10444922559
5.0600343 110771.5140413586
5.0800343 110058.41825150046
5.100034 109348.43297373177
5.120034 108641.17606751947
5.140034 107936.01732233958
5.160034 107233.32842305489
5.180034 106532.98291601893
5.200034 105835.10617589997
5.220034 105140.32537319651
5.240034 104447.26944243675
5.260034 103757.06905103987
5.280034 103069.3565688259
5.300034 102384.26603815937
5.320034 101700.93314470723
5.340034 101021.24518880434
5.360034 100342.09105740301
5.380034 99667.11119660037
5.400034 98994.44758472685
5.420034 98323.49370598001
5.440034 97655.6445245985
5.460034 96990.04645955376
5.480034 96326.34735975694
5.500034 95665.44647976197
5.520034 95007.49445595685
5.540034 94351.39328323072
5.560034 93697.54629210941
5.580034 93046.35812633904
5.6000338 92397.48472092114
5.6200337 91751.83328057732
5.6400337 91107.81225863844
5.6600337 90466.58133635344
5.6800337 89827.80140259443
5.7000337 89190.63453396829
5.7200336 88556.74397530779
5.7400336 87923.79412054596
5.7600336 87295.20049395738
5.7800336 86668.12973176595
5.8000336 86042.99956410099
5.8200336 85419.97879730444
5.8400335 84800.48729657475
5.8600335 84182.69596894039
5.8800335 83567.02674656035
5.9000335 82954.15257033799
5.9200335 82342.99737384776
5.9400334 81734.9860675633
5.9600334 81128.2945233821
5.9800334 80525.09955944167
6.0000334 79923.57892521704
6.0200334 79323.91128689935
6.0400333 78727.02621304384
6.0600333 78132.35416048439
6.0800333 77539.57646050816
6.1000333 76949.37530528707
6.1200333 76361.4337345548
6.1400332 75775.93562253146
6.160033 75191.8156650872
6.180033 74611.25936713489
6.200033 74031.95303025935
6.220033 73454.83374056406
6.240033 72880.08935674187
6.260033 72307.90849835938
6.280033 71737.9805343505
6.300033 71169.24557171669
6.320033 70603.14444443304
6.340033 70040.11870254483
6.360033 69477.86060146475
6.380033 68918.31309145596
6.400033 68361.16980730137
6.420033 67805.87505815644
6.440033 67252.62381757936
6.460033 66701.11171373632
6.480033 66152.53501977772
6.500033 65606.0906443824
6.520033 65060.976122465916
6.540033 64518.63960605161
6.560033 63977.77985529648
6.580033 63438.84622967476
6.600033 62902.53867931198
6.620033 62367.80773646757
6.640033 61835.3545071627
6.6600327 61305.63066295255
6.6800327 60777.08843283728
6.7000327 60250.180595311336
6.7200327 59725.61047054501
6.7400327 59203.58191270195
6.7600327 58683.04930238286
6.7800326 58164.21753919637
6.8000326 57647.54203445651
6.8200326 57133.478703999426
6.8400326 56620.733961122576
6.8600326 56110.5147096375
6.8800325 55601.52833704231
6.9000325 55094.482707804535
6.9200325 54589.83615675429
6.9400325 54086.297482586
6.9600325 53585.32594147045
6.9800324 53086.131240765564
7.0000324 52588.42353283428
7.0200324 52093.41340896161
7.0400324 51599.56189337
7.0600324 51107.83043733146
7.0800323 50617.68091337802
7.1000323 50129.57560959924
7.1200323 49643.72722403798
7.1400323 49159.59885917045
7.1600323 48676.40401648078
7.1800323 48195.606591114774
7.200032 47716.17086662445
7.220032 47239.561509793624
7.240032 46763.74356554635
7.260032 46290.182451934554
7.280032 45818.09395520436
7.300032 45347.69422494434
7.320032 44879.449769301806
7.340032 44412.57745028194
7.360032 43948.294479115866
7.380032 43484.56841170089
7.400032 43022.86714411294
7.420032 42563.40890818834
7.440032 42105.66226717271
7.460032 41649.096111437306
7.480032 41194.179654262494
7.500032 40740.63242768496
7.520032 40289.924278405495
7.540032 39840.275363767054
7.560032 39391.90614778362
7.580032 38945.28739723936
7.600032 38500.64017783897
7.620032 38056.9358504219
7.640032 37615.646067228634
7.660032 37175.992768228985
7.680032 36737.44817750016
7.7000318 36300.48479966074
7.7200317 35865.825416360516
7.7400317 35431.943082817364
7.7600317 34999.81112441234
7.7800317 34569.90313332714
7.8000317 34140.69296523975
7.8200316 33713.40473606298
7.8400316 33288.01281873137
7.8600316 32863.24184004031
7.8800316 32441.066677525174
7.9000316 32019.712456388865
7.9200315 31600.154546475504
7.9400315 31181.618559286
7.9600315 30765.080345038325
7.9800315 30349.515989768784
8.000031 14968.575906238286
8.020032 14761.9745266377
8.040032 14556.949973771814
8.060033 14352.365747402888
8.080033 14148.085458275862
8.100034 13945.097826789832
8.120034 13742.516681688838
8.140035 13541.330958770122
8.160035 13340.154699612176
8.180036 13140.227050320012
8.200036 12940.412260287674
8.2200365 12741.57468097983
8.240037 12543.078764728038
8.260037 12345.664063546574
8.280038 12148.820227962919
8.300038 11953.162005865015
8.320039 11757.554241365055
8.340039 11563.111873679329
8.36004 11368.94993602205
8.38004 11175.683554515708
8.400041 10983.177947117481
8.420041 10791.048422557302
8.440042 10599.660379294306
8.460042 10409.379304484464
8.480042 10219.195772964042
8.500043 10029.85044624703
8.520043 9841.334071535151
8.540044 9653.137480741832
8.560044 9465.751589529915
8.580045 9279.542396362405
8.600045 9093.125981564168
8.620046 8907.618506399449
8.640046 8723.261212159414
8.660047 8538.92041926179
8.680047 8355.46252636495
8.7000475 8172.754009491298
8.720048 7990.536421163706
8.740048 7809.17638955242
8.760049 7628.040617635008
8.780049 7447.745882366085
8.80005 7267.784033857519
8.82005 7088.646994570969
8.840051 6910.201758520445
8.860051 6732.440390485339
8.880052 6555.230025232304
8.900052 6378.437866750872
8.920053 6202.181187495124
8.940053 6026.5773276377
8.960053 5851.743694332661
8.980054 5677.922760988586
9.000054 5504.232066549361
9.020055 5330.789214786608
9.040055 5158.336873599095
9.060056 4986.3677743233275
9.080056 4814.874711050885
9.100057 4643.975539955078
9.120057 4474.038178627845
9.140058 4304.180605423171
9.160058 4135.020858808653
9.1800585 3966.6770367280114
9.200059 3798.767295968253
9.220059 3631.0348515368532
9.24006 3464.597976047313
9.26006 3298.1999991100747
9.280061 3132.45930673345
9.300061 2966.9943407315295
9.320062 2802.423598137917
9.340062 2638.3656306292396
9.360063 2474.5640439542476
9.380063 2311.7624973698985
9.4000635 2149.3297030862886
9.420064 1987.2594257153105
9.440064 1826.0454817297868
9.460065 1665.0567389265634
9.480065 1504.787115897052
9.500066 1344.7305815049913
9.520066 1185.3811543690972
9.540067 1026.8579023536295
9.560067 868.4049420650117
9.580068 710.5164383526426
9.600068 553.5616038187873
9.620069 396.53469833149575
9.640069 240.43002854613587
9.660069 84.8669474304188
9.68007 70.28514620335773
9.70007 225.2818081609439
9.720071 379.5035493229516
9.740071 533.080836097477
9.760072 686.1440908645745
9.780072 839.1986924179364
9.800073 991.4999764012173
9.820073 1143.17823573621
9.840074 1294.363721050322
9.860074 1445.1866410952061
9.8800745 1595.5271631623618
9.900075 1745.2654134940822
9.920075 1894.4064776874147
9.940076 2043.4554010962602
9.960076 2192.042189226253
9.980077 2340.296808126848
10.000077 2487.474184777122
10.020078 2634.3292074690107
