-0.998 504814.8664584756
-0.99600005 163570.46753980592
-0.9940001 76002.98452663422
-0.9920001 263214.9908909276
-0.9900001 417155.7379625216
-0.98800015 547613.23604488
-0.9860002 660403.4142578952
-0.9840002 759307.0461040288
-0.98200023 846949.3921687528
-0.98000026 925247.946450375
-0.9780003 995642.5192809701
-0.9760003 1059254.1817561947
-0.97400033 1116963.9113762528
-0.97200036 1169501.6164730117
-0.9700004 1217455.8076185212
-0.9680004 1261320.9270271212
-0.96600044 1301518.5295247436
-0.96400046 1338398.9220510796
-0.9620005 1372270.9368202835
-0.9600005 1403406.945830986
-0.95800054 1432035.8678412028
-0.95600057 1458362.6885745302
-0.9540006 1482572.862431109
-0.9520006 1504823.8607962132
-0.95000064 1525266.0608423203
-0.94800067 1544027.1187151596
-0.9460007 1561219.935303308
-0.9440007 1576958.2969408482
-0.94200075 1591336.2544166707
-0.9400008 1604441.289561268
-0.9380008 1616353.3080807887
-0.9360008 1627151.4892546572
-0.93400085 1636897.01693514
-0.9320009 1645655.7115043104
-0.9300009 1653482.5787096657
-0.9280009 1660436.2883607075
-0.92600095 1666565.593538724
-0.924001 1671917.6991113648
-0.922001 1676526.5868482664
-0.92000103 1680443.3032246009
-0.91800106 1683698.2150156237
-0.9160011 1686333.236980427
-0.9140011 1688374.035271421
-0.91200113 1689854.2096589655
-0.91000116 1690801.45720651
-0.9080012 1691247.7196527198
-0.9060012 1691211.316439677
-0.90400124 1690721.0650593266
-0.90200126 1689800.3901649117
-0.9000013 1688465.4227030575
-0.8980013 1686741.090159595
-0.89600134 1684645.1988735683
-0.89400136 1682194.5092549175
-0.8920014 1679412.8046394587
-0.8900014 1676306.9544266537
-0.88800144 1672896.9720697366
-0.88600147 1669198.0684219673
-0.8840015 1665222.7008854374
-0.8820015 1660984.6187590882
-0.88000154 1656496.9051390067
-0.8780016 1651770.0156859756
-0.8760016 1646819.8145418428
-0.8740016 1641651.6076467596
-0.87200165 1636274.1736834832
-0.8700017 1630707.7928520925
-0.8680017 1624952.273658052
-0.8660017 1619018.9778787494
-0.86400175 1612916.8438575715
-0.8620018 1606658.4082603827
-0.8600018 1600243.82641666
-0.8580018 1593686.8913561776
-0.85600185 1586989.051641982
-0.8540019 1580165.428091403
-0.8520019 1573218.8294686377
-0.85000193 1566149.767225176
-0.84800196 1558972.469357673
-0.846002 1551688.893447034
-0.844002 1544304.7389370129
-0.84200203 1536827.45870585
-0.84000206 1529256.2699800357
-0.8380021 1521604.1646353528
-0.8360021 1513869.918926658
-0.83400214 1506064.102684714
-0.83200216 1498187.0880152266
-0.8300022 1490239.057532683
-0.8280022 1482232.012158988
-0.82600224 1474165.7785146907
-0.82400227 1466044.0159285143
-0.8220023 1457870.2230889704
-0.8200023 1449649.7443601787
-0.81800234 1441381.7757823244
-0.81600237 1433077.3707758319
-0.8140024 1424729.4455668796
-0.8120024 1416348.7843507603
-0.81000245 1407932.044208359
-0.8080025 1399491.7597900517
-0.8060025 1391020.347780291
-0.8040025 1382526.1111553218
-0.80200255 1374005.2432456221
-0.8000026 1365465.8316138685
-0.7980026 1356911.8617585953
-0.7960026 1348341.2206529975
-0.79400265 1339755.7001277767
-0.7920027 1331160.0001063198
-0.7900027 1322554.731700033
-0.7880027 1313943.4201711342
-0.78600276 1305325.507769782
-0.7840028 1296703.3564519715
-0.7820028 1288079.2504842822
-0.78000283 1279452.3989411797
-0.77800286 1270828.938100217
-0.7760029 1262207.9337402154
-0.7740029 1253591.383347161
-0.77200294 1244978.218232315
-0.77000296 1236373.3055667747
-0.768003 1227774.4503364544
-0.766003 1219187.397221284
-0.76400304 1210608.8324021678
-0.76200306 1202044.385299053
-0.7600031 1193489.630243335
-0.7580031 1184950.0880875494
-0.75600314 1176425.2277552392
-0.75400317 1167916.467733683
-0.7520032 1159422.1775120236
-0.7500032 1150948.6789672282
-0.74800324 1142493.2477001771
-0.74600327 1134058.1143240407
-0.7440033 1125640.4657070376
-0.7420033 1117247.4461714923
-0.74000335 1108874.1586510874
-0.7380034 1100522.6658080798
-0.7360034 1092196.9911121186
-0.7340034 1083892.1198823228
-0.73200345 1075616.0002940912
-0.7300035 1067363.5443521068
-0.7280035 1059136.6288309246
-0.7260035 1050936.0961844232
-0.72400355 1042762.7554254141
-0.7220036 1034616.3829765432
-0.7200036 1026500.7234936655
-0.71800363 1018411.4906627499
-0.71600366 1010353.3679713551
-0.7140037 1002324.0094556622
-0.7120037 994324.0404239856
-0.71000373 986355.0581576936
-0.70800376 978416.6325903647
-0.7060038 970511.3069660198
-0.7040038 962635.5984771904
-0.70200384 954792.9988836031
-0.70000386 946981.9751121663
-0.6980039 939203.969838962
-0.6960039 931459.4020538945
-0.69400394 923748.6676086113
-0.69200397 916071.1397483274
-0.690004 908426.1696280856
-0.688004 900817.086814044
-0.68600404 893242.1997702979
-0.68400407 885701.7963317465
-0.6820041 878195.1441634856
-0.6800041 870725.4912072141
-0.67800415 863290.0661150608
-0.6760042 855890.0786713045
-0.6740042 848526.7202023715
-0.6720042 841198.1639755107
-0.67000425 833906.5655865353
-0.6680043 826650.0633369777
-0.6660043 819429.7786010373
-0.6640043 812246.8161826171
-0.66200435 805101.2646628246
-0.6600044 797990.1967381854
-0.6580044 790917.6695499364
-0.6560044 783880.725004632
-0.65400445 776882.3900863677
-0.6520045 769920.6771608889
-0.6500045 762995.5842718184
-0.64800453 756108.095429292
-0.64600456 749258.1808911841
-0.6440046 742445.7974372078
-0.6420046 735669.8886360805
-0.64000463 728932.3851059619
-0.63800466 722232.2047683932
-0.6360047 715570.2530959211
-0.6340047 708945.4233536031
-0.63200474 702358.5968345646
-0.63000476 695808.6430898029
-0.6280048 689296.4201524071
-0.6260048 682822.7747563459
-0.62400484 676387.5425499976
-0.62200487 669988.5483045671
-0.6200049 663628.6061175391
-0.6180049 657305.5196113233
-0.61600494 651020.0821272191
-0.61400497 644772.0769148245
-0.612005 638563.2773170434
-0.610005 632390.4469507989
-0.60800505 626256.3398835845
-0.6060051 620159.7008059453
-0.6040051 614100.2652000487
-0.6020051 608079.7595043983
-0.60000515 602095.9012748562
-0.5980052 596149.3993420098
-0.5960052 590240.953965053
-0.5940052 584369.256982211
-0.59200525 578534.9919578619
-0.5900053 572738.8343263939
-0.5880053 566979.4515329134
-0.58600533 561257.5031708945
-0.58400536 555572.641116824
-0.5820054 549924.5096619409
-0.5800054 544313.7456411533
-0.57800543 538737.9785591774
-0.57600546 533202.830714006
-0.5740055 527701.9173177592
-0.5720055 522238.8466149643
-0.57000554 516812.21999839135
-0.56800556 511422.6321224272
-0.5660056 506069.6710141171
-0.5640056 500751.9181819055
-0.56200564 495470.9487221241
-0.56000566 490228.33142331056
-0.5580057 485019.6288683843
-0.5560057 479847.39753475785
-0.55400574 474711.1878924221
-0.55200577 469611.54450004175
-0.5500058 464548.00609915145
-0.5480058 459518.1057064459
-0.54600585 454526.3707042616
-0.5440059 449569.3229292445
-0.5420059 444647.47875929624
-0.5400059 439762.34919880703
-0.53800595 434910.4399622157
-0.536006 430094.2515559718
-0.534006 425315.2793588843
-0.532006 420569.0137009509
-0.53000605 415857.9399406612
-0.5280061 411182.53854082525
-0.5260061 406541.28514296375
-0.5240061 401933.65064030327
-0.52200615 397362.1012493782
-0.5200062 392825.0985803008
-0.5180062 388322.0997057222
-0.51600623 383852.55722849816
-0.51400626 379415.9193481244
-0.5120063 375015.62992592715
-0.5100063 370647.128549071
-0.50800633 366312.8505933881
-0.50600636 362013.2272850685
-0.5040064 357745.6857612431
-0.5020064 353511.64912945405
-0.50000644 349311.53652606905
-0.49800643 690286.6795193069
-0.49600643 682017.7841760404
-0.49400643 673815.2021845914
-0.49200642 665675.7412112802
-0.49000642 657604.2015333362
-0.4880064 649597.3761438392
-0.4860064 641656.0508548729
-0.4840064 633777.0043988526
-0.4820064 625963.0085281096
-0.4800064 618214.8281127736
-0.4780064 610529.2212369498
-0.4760064 602906.9392932765
-0.47400638 595348.7270758599
-0.47200638 587853.3228716385
-0.47000638 580419.4585502036
-0.46800637 573047.8596521132
-0.46600637 565739.2454757206
-0.46400636 558495.3291625679
-0.46200636 551311.8177813403
-0.46000636 544189.4124104585
-0.45800635 537128.8082192838
-0.45600635 530128.6945480127
-0.45400634 523188.7549862545
-0.45200634 516310.66745033115
-0.45000634 509492.1042593252
-0.44800633 502733.7322099004
-0.44600633 496037.21264992096
-0.44400632 489398.20155088603
-0.44200632 482817.3495792169
-0.44000632 476298.30216640234
-0.4380063 469836.6995780412
-0.4360063 463433.1769817937
-0.4340063 457089.3645142652
-0.4320063 450801.88734684885
-0.4300063 444573.3657505289
-0.4280063 438401.415159706
-0.4260063 432286.64623500034
-0.42400628 426230.66492512263
-0.42200628 420231.07252776995
-0.42000628 414286.4657496121
-0.41800627 408397.43676534854
-0.41600627 402565.5732758846
-0.41400626 396790.45856562257
-0.41200626 391070.67155889235
-0.41000625 385404.7868755404
-0.40800625 379792.3748856876
-0.40600625 374238.00176367164
-0.40400624 368735.229541203
-0.40200624 363289.6161597185
-0.40000623 357894.7155219838
-0.39800623 352554.0775429383
-0.39600623 347268.2481997926
-0.39400622 342033.76958139986
-0.39200622 336854.1799369324
-0.3900062 331725.0137238316
-0.3880062 326647.8016550876
-0.3860062 321625.0707458444
-0.3840062 316651.3443593327
-0.3820062 311731.1422521658
-0.3800062 306860.9806189798
-0.3780062 302043.37213646807
-0.3760062 297274.8260067832
-0.37400618 292555.84800034016
-0.37200618 287888.9404980317
-0.37000617 283271.6025328431
-0.36800617 278703.32983091846
-0.36600617 274183.61485204846
-0.36400616 269714.946829604
-0.36200616 265293.8118099384
-0.36000615 260921.69269124418
-0.35800615 256597.06926190294
-0.35600615 252322.41823829338
-0.35400614 248094.21330212802
-0.35200614 243912.92513725907
-0.35000613 239779.02146602422
-0.34800613 235691.96708509512
-0.34600613 231651.22390086018
-0.34400612 227659.2509643454
-0.34200612 223711.504505679
-0.3400061 219810.43796810694
-0.3380061 215954.50204157457
-0.3360061 212143.14469586685
-0.3340061 208378.81121332757
-0.3320061 204657.94422116876
-0.3300061 200980.9837233629
-0.3280061 197350.36713212356
-0.32600608 193760.52929900587
-0.32400608 190217.90254560672
-0.32200608 186716.91669388115
-0.32000607 183259.99909609556
-0.31800607 179844.57466438226
-0.31600606 176472.06589996256
-0.31400606 173142.89292198792
-0.31200606 169856.4734960422
-0.31000605 166610.22306228802
-0.30800605 163406.554763278
-0.30600604 160243.87947143242
-0.30400604 157123.60581618734
-0.30200604 154043.1402108092
-0.30000603 151002.8868789021
-0.29800603 148003.24788060598
-0.29600602 145042.62313846312
-0.29400602 142122.4104630109
-0.29200602 139242.0055780597
-0.290006 136399.8021456767
-0.288006 133598.1917908881
-0.286006 130833.56412609667
-0.284006 128108.30677521601
-0.282006 125420.80539753847
-0.280006 122772.44371131808
-0.278006 120159.60351710767
-0.27600598 117584.6647208184
-0.27400598 115048.00535652786
-0.27200598 112546.00160904415
-0.27000597 110082.02783620171
-0.26800597 107654.45659093186
-0.26600596 105262.65864307806
-0.26400596 102906.00300098956
-0.26200595 100583.8569328636
-0.26000595 98298.58598787524
-0.25800595 96047.5540170651
-0.25600594 93831.12319402583
-0.25400594 91648.65403534845
-0.25200593 89501.50542087294
-0.25000593 87387.0346137099
-0.24800593 170613.19456013665
-0.24600592 166519.09501773492
-0.24400592 162490.4756623283
-0.24200591 158528.03847871535
-0.24000591 154628.48241244443
-0.2380059 150796.5034074653
-0.2360059 147026.79444342293
-0.2340059 143320.04557256214
-0.2320059 139675.94395628572
-0.23000589 136096.17390133627
-0.22800589 132575.41689562984
-0.22600588 129118.35164375417
-0.22400588 125720.65410209447
-0.22200587 122383.99751366302
-0.22000587 119105.05244255625
-0.21800587 115885.48680811375
-0.21600586 112726.96591874771
-0.21400586 109624.15250544995
-0.21200585 106579.70675500482
-0.21000585 103591.28634287044
-0.20800585 100658.54646579362
-0.20600584 97783.1398740951
-0.20400584 94963.71690368839
-0.20200583 92197.92550779693
-0.20000583 89486.41128839925
-0.19800583 86828.81752739288
-0.19600582 84223.78521749191
-0.19400582 81671.95309283957
-0.19200581 79171.95765937865
-0.19000581 76723.43322495371
-0.1880058 74327.01192914881
-0.1860058 71980.32377289236
-0.1840058 69681.99664780311
-0.1820058 67434.65636529587
-0.18000579 65234.92668545246
-0.17800578 63085.429345654324
-0.17600578 60982.78408898413
-0.17400578 58926.608692405745
-0.17200577 56918.51899471693
-0.17000577 54956.12892428227
-0.16800576 53039.05052655749
-0.16600576 51167.89399139024
-0.16400576 49341.267680127174
-0.16200575 47557.77815250866
-0.16000575 45818.03019335307
-0.15800574 44120.62683907151
-0.15600574 42467.16940395534
-0.15400574 40854.257506294176
-0.15200573 39283.48909430392
-0.15000573 37752.460471868515
-0.14800572 36262.7663240917
-0.14600572 34811.99974269234
-0.14400572 33401.752251205966
-0.14200571 32028.61383002624
-0.14000571 30695.172941269353
-0.1380057 29398.016553493217
-0.1360057 28138.730166221038
-0.1340057 26913.89783434756
-0.13200569 25728.10219234787
-0.13000569 24576.92447836697
-0.12800568 23459.94455814548
-0.12600568 22377.74094878882
-0.12400568 42656.77390629426
-0.122005686 40624.92520560324
-0.12000569 38660.0850076098
-0.11800569 36759.40001460537
-0.1160057 34922.01446523145
-0.1140057 33146.070180393755
-0.1120057 31431.706608917564
-0.11000571 29778.060872951522
-0.10800571 28183.267813118175
-0.10600571 26647.460033448413
-0.10400572 25167.767946053296
-0.10200572 23743.319815581664
-0.10000572 22374.241803456098
-0.09800573 21058.658011874184
-0.09600573 19794.690527614206
-0.094005734 18582.45946561545
-0.09200574 17421.083012357354
-0.09000574 16309.677469048649
-0.088005744 15247.35729460977
-0.08600575 14230.235148463398
-0.08400575 13261.421933151782
-0.082005754 12336.026836762205
-0.08000576 11455.157375175506
-0.07800576 10617.919434152544
-0.076005764 9822.417311238125
-0.07400577 9066.75375752151
-0.07200577 8351.03001921624
-0.070005774 7674.345879103988
-0.06800578 7035.799697818235
-0.06600578 6433.488454990089
-0.064005785 5865.507790248841
-0.062005784 10664.906016089022
-0.060005784 9666.83220761083
-0.058005784 8731.977895827964
-0.056005783 7859.524466851726
-0.054005783 7046.6510328594595
-0.052005783 6293.534512590617
-0.050005782 5594.3497116193175
-0.048005782 4949.269402410835
-0.04600578 4356.464404173195
-0.04400578 3812.103662511334
-0.04200578 3316.354328898713
-0.04000578 2864.3818399515003
-0.03800578 2456.3499965518713
-0.03600578 2088.4210427906364
-0.03400578 1759.7557447515428
-0.03200578 1467.513469165191
-0.03000578 2417.704523799941
-0.028005779 1965.857852678746
-0.026005778 1572.798203235492
-0.024005778 1237.834681501612
-0.022005778 953.2743773125112
-0.020005777 716.4225201308727
-0.018005777 522.5826347041875
-0.016005777 367.0566965304315
-0.0140057765 491.29057438112795
-0.012005776 309.2954990454018
-0.010005776 179.72468536905944
-0.0080057755 92.17279419489205
-0.006005775 77.46587723493576
-0.004005775 22.993987066671252
-0.0020057748 6.223618298768997
-5.7746656E-6 7.057562470436096E-5
0.0019942254 5.322826882824302
0.0039942255 23.192405603826046
0.005994226 76.9123255033046
0.007994226 91.5696453973651
0.0099942265 178.34478208981454
0.011994227 309.1884677801281
0.013994227 490.50605144537985
0.015994227 365.85057716071606
0.017994227 521.5874411389232
0.019994227 714.6630926411599
0.021994228 951.7755646649748
0.023994228 1235.6213418580592
0.025994228 1570.8952050469816
0.027994229 1963.2900755889714
0.029994229 2414.496859544888
0.031994227 1465.1024019215256
0.033994228 1757.5496786497533
0.035994228 2086.432446554303
0.03799423 2454.591346759349
0.03999423 2861.8656214866787
0.04199423 3314.0930354110897
0.04399423 3809.1097968723625
0.04599423 4352.750478921458
0.04799423 4945.847940225154
0.04999423 5590.23324576579
0.05199423 6288.735587386414
0.05399423 7042.1822041329
0.05599423 7854.39830240421
0.05799423 8726.206975897774
0.059994232 9661.429125335068
0.061994232 10658.883377971128
0.06399423 5862.694030409679
0.065994225 6429.877609740943
0.06799422 7032.3980938810855
0.06999422 7671.159850822762
0.071994215 8347.065908795223
0.07399421 9062.01791526191
0.07599421 9817.916095778346
0.077994205 10612.659212701023
0.0799942 11451.144523760304
0.0819942 12331.267740463838
0.083994195 13255.922986349091
0.08599419 14225.002755071968
0.08799419 15240.39786832966
0.089994185 16303.99743361026
0.09199418 17414.688801761717
0.09399418 18576.35752438195
0.095994174 19786.887311035767
0.09799417 21051.15998625569
0.09999417 22366.05544636771
0.101994164 23734.45161611773
0.10399416 25158.224405074492
0.10599416 26638.247663842514
0.107994154 28174.39314004965
0.10999415 29768.530434118584
0.11199415 31422.526954816654
0.113994144 33136.24787456915
0.11599414 34911.55608453974
0.11799414 36748.312149479985
0.11999413 38648.37426231615
0.12199413 40613.598198508844
0.12399413 42644.83727013692
0.12599413 22370.967123348266
0.12799414 23453.37244362384
0.12999414 24569.557411361486
0.13199414 25721.943517170846
0.13399415 26907.950903171673
0.13599415 28131.998339209706
0.13799416 29391.503198940307
0.13999416 30687.8814357426
0.14199416 32021.5475584995
0.14399417 33393.91460721381
0.14599417 34804.394128458574
0.14799418 36254.39615068026
0.14999418 37744.329159323126
0.15199418 39274.60007180087
0.15399419 40845.61421227455
0.15599419 42457.77528628707
0.1579942 44111.48535519093
0.1599942 45808.14481041208
0.1619942 47547.15234752372
0.16399421 49330.904940141365
0.16599421 51156.797813611105
0.16799422 53028.22441852279
0.16999422 54945.57640400715
0.17199422 56907.243590852246
0.17399423 58915.61394439638
0.17599423 60971.07354722358
0.17799424 63073.006571650505
0.17999424 65222.795251980424
0.18199424 67421.81985656731
0.18399425 69668.45865962282
0.18599425 71966.08791283146
0.18799426 74313.08181670308
0.18999426 76709.81249171309
0.19199426 79157.64994920045
0.19399427 81657.96206200868
0.19599427 84209.11453490332
0.19799428 86813.47087471932
0.19999428 89470.39236026257
0.20199428 92182.23801195249
0.20399429 94947.36456119828
0.2059943 97767.12641950697
0.2079943 100641.87564731762
0.2099943 103573.96192256734
0.2119943 106561.73250897042
0.21399431 109606.53222399764
0.21599431 112707.70340659656
0.21799432 115867.58588457666
0.21999432 119086.51694173366
0.22199433 122364.8312846329
0.22399433 125701.86100910977
0.22599433 129097.93556643091
0.22799434 132556.38172915764
0.22999434 136075.5235566683
0.23199435 139655.68236034736
0.23399435 143299.17666844837
0.23599435 147005.32219060883
0.23799436 150774.4317820128
0.23999436 154606.81540721282
0.24199437 158505.78010357358
0.24399437 162467.62994436733
0.24599437 166496.66600148566
0.24799438 170591.18630778417
0.24999438 174748.485819038
0.25199437 89489.44486148469
0.25399438 91635.81028466299
0.25599438 93819.49832223542
0.25799438 96034.15010376833
0.2599944 98286.40512219258
0.2619944 100570.9012135528
0.2639944 102892.27453656681
0.2659944 105248.15955193713
0.2679944 107640.18900146522
0.2699944 110068.99388692528
0.2719944 112531.20344871841
0.27399442 115033.44514428638
0.27599442 117570.34462629072
0.27799442 120144.52572055347
0.27999443 122756.61040375195
0.28199443 125405.2187808603
0.28399444 128092.96906235069
0.28599444 130817.47754111886
0.28799444 133582.35856916383
0.28999445 136384.2245340012
0.29199445 139225.68583479337
0.29399446 142105.3508582171
0.29599446 145025.8259540554
0.29799446 147986.7154104896
0.29999447 150985.62142912112
0.30199447 154024.14409968816
0.30399448 157104.88137448765
0.30599448 160226.42904249765
0.30799448 163389.3807031829
0.3099945 166592.32774000242
0.3119945 169838.85929358192
0.3139945 173124.5622345712
0.3159945 176454.0211361684
0.3179945 179825.8182463199
0.3199945 183240.53345955908
0.3219945 186697.74428852275
0.32399452 190197.0258350987
0.32599452 193739.9507612139
0.32799453 197329.0892592799
0.32999453 200960.00902223587
0.33199453 204636.27521324344
0.33399454 208356.45043497905
0.33599454 212121.09469855018
0.33799455 215932.76539200358
0.33999455 219788.01724843308
0.34199455 223689.4023136869
0.34399456 227636.46991364472
0.34599456 231627.7666210737
0.34799457 235668.83622205444
0.34999457 239755.2196819689
0.35199457 243888.45511103794
0.35399458 248068.0777294021
0.35599458 252296.61983174272
0.3579946 256572.61075143144
0.3599946 260897.57682419568
0.3619946 265268.0413513053
0.3639946 269688.52456225455
0.3659946 274158.54357693344
0.3679946 278676.6123673059
0.3699946 283244.2417185381
0.3719946 287861.9391896073
0.37399462 292530.2090733722
0.37599462 297246.5523560811
0.37799463 302016.466676319
0.37999463 306833.446283387
0.38199463 311702.9819950983
0.38399464 316623.5611549709
0.38599464 321594.66758883186
0.38799465 326619.7815607935
0.38999465 331694.3797286041
0.39199466 336822.9350983687
0.39399466 342004.9169786051
0.39599466 347236.79093365744
0.39799467 352523.01873641834
0.39999467 357863.05832036585
0.40199468 363256.36373091675
0.40399468 368704.38507603854
0.40599468 374206.5684761703
0.4079947 379761.3560133688
0.4099947 385371.1856797263
0.4119947 391036.491325004
0.4139947 396756.7026034966
0.4159947 402532.24492008425
0.4179947 408364.53937548026
0.4199947 414252.0027106572
0.42199472 420196.04725040495
0.42399472 426196.0808460545
0.42599472 432253.5068173129
0.42799473 438366.72389319167
0.42999473 444537.12615204975
0.43199474 450766.10296068154
0.43399474 457053.0389124714
0.43599474 463396.31376457773
0.43799475 469799.3023741245
0.43999475 476260.37463340536
0.44199476 482780.8954040352
0.44399476 489360.2244500853
0.44599476 495998.7163701318
0.44799477 502695.7205282226
0.44999477 509452.58098373003
0.45199478 516270.63642008416
0.45399478 523149.22007233277
0.45599478 530088.659653537
0.4579948 537087.2772799507
0.4599948 544148.3893949911
0.4619948 551270.3066919334
0.4639948 558453.3340353444
0.4659948 565699.7703812011
0.4679948 573008.9086956847
0.4699948 580377.0358726084
0.47199482 587811.4326494578
0.47399482 595305.3735220134
0.47599483 602862.1266575269
0.47799483 610484.9538064208
0.47999483 618169.1102124713
0.48199484 625921.8445214592
0.48399484 633732.3986882307
0.48599485 641610.0078821704
0.48799485 649551.9003910162
0.48999485 657559.2975229919
0.49199486 665629.4135072418
0.49399486 673767.4553924873
0.49599487 681970.6229439229
0.49799487 690238.1085382514
0.49999487 698573.0970568694
0.50199485 353486.96100972965
0.5039948 357720.2999313269
0.5059948 361987.14617964625
0.5079948 366287.07667027786
0.50999475 370621.66428956017
0.5119947 374989.4778351132
0.5139947 379390.0819552727
0.51599467 383825.0370874051
0.51799464 388294.8993950784
0.5199946 392799.22070406564
0.5219946 397335.54843715765
0.52399457 401908.42554774135
0.52599454 406514.39045213535
0.5279945 411155.9769606404
0.5299945 415831.71420727484
0.53199446 420542.12657817453
0.53399444 425286.73363862187
0.5359944 430067.05005864426
0.5379944 434882.58553721756
0.53999436 439733.84472494014
0.54199433 444618.3271452412
0.5439943 449541.5271140281
0.5459943 454497.9336577337
0.54799426 459491.0304297693
0.54999423 464518.2956252936
0.5519942 469581.20189429075
0.5539942 474681.21625290066
0.55599415 479817.7999929525
0.5579941 484989.40858967975
0.5599941 490196.4916075468
0.5619941 495442.49260415137
0.56399405 500720.8490321636
0.565994 506037.9921392128
0.567994 511390.3468657378
0.569994 516780.33174067363
0.57199395 522207.35877496935
0.5739939 527669.8333528712
0.5759939 533170.1541208997
0.57799387 538706.7128744647
0.57999384 544280.894442074
0.5819938 549891.0765670445
0.5839938 555538.6297866814
0.58599377 561222.9173088204
0.58799374 566945.2948856987
0.5899937 572705.1106850579
0.5919937 578502.7051584311
0.59399366 584334.4109064955
0.59599364 590205.5525414571
0.5979936 596115.4465463571
0.5999936 602060.4011312239
0.60199356 608044.7160859816
0.60399354 614066.6826300379
0.6059935 620124.5832584295
0.6079935 626221.691584466
0.60999346 632355.2721787412
0.61199343 638526.580404425
0.6139934 644735.8622487374
0.6159934 650983.3541504685
0.61799335 657268.282823462
0.6199933 663591.8650759235
0.6219933 669951.3076254465
0.6239933 676350.8069096114
0.62599325 682786.5488920659
0.6279932 689259.7088638972
0.6299932 695771.4512402117
0.6319932 702319.9293517433
0.63399315 708906.2852313519
0.6359931 715531.6493952759
0.6379931 722193.1406189315
0.6399931 728893.8657071553
0.64199305 735630.9192586653
0.643993 742406.3834246062
0.645993 749218.3276609443
0.64799297 756069.8084745891
0.64999294 762954.8691629674
0.6519929 769879.5395469088
0.6539929 776842.8356965967
0.65599287 783840.7596503645
0.65799284 790876.2991261203
0.6599928 797949.427225152
0.6619928 805060.1021280736
0.66399276 812205.2667826451
0.66599274 819388.8485832103
0.6679927 826606.7590414733
0.6699927 833863.8934483081
0.67199266 841155.1305263415
0.67399263 848484.3320729546
0.6759926 855848.3425933998
0.6779926 863247.9889237024
0.67999256 870682.0798429847
0.68199253 878152.4056748543
0.6839925 885656.7378774695
0.6859925 893198.828621896
0.68799245 900773.4103583414
0.6899924 908383.1953698322
0.6919924 916025.8753128927
0.6939924 923703.1207447555
0.69599235 931414.5806366205
0.6979923 939159.8818724696
0.6999923 946936.6287328657
0.7019923 954747.4023632463
0.70399225 962589.760226082
0.7059922 970464.2355363332
0.7079922 978371.3366795536
0.7099922 986309.5466120169
0.71199214 994277.3222421445
0.7139921 1002277.0937925354
0.7159921 1010307.2641418763
0.71799207 1018365.2081458829
0.71999204 1026453.271936534
0.721992 1034570.7721986733
0.723992 1042714.9954231232
0.72599196 1050889.1971353535
0.72799194 1059088.6010987256
0.7299919 1067314.3984912746
0.7319919 1075567.747054968
0.73399186 1083845.7702162694
0.73599184 1092147.5561768562
0.7379918 1100475.156973226
0.7399918 1108824.5875038765
0.74199176 1117198.8245226927
0.74399173 1125592.8055970855
0.7459917 1134007.4280293789
0.7479917 1142444.5477398373
0.74999166 1150899.9781096354
0.7519916 1159374.48878205
0.7539916 1167865.8044199683
0.7559916 1176375.603417769
0.75799155 1184900.5165655278
0.7599915 1193440.125663342
0.7619915 1201993.962083511
0.7639915 1210559.5052781347
0.76599145 1219137.1812295914
0.7679914 1227725.3608411793
0.7699914 1236322.3582651056
0.7719914 1244929.4291647896
0.77399135 1253540.76890832
0.7759913 1262158.5106896795
0.7779913 1270779.7235742174
0.77999127 1279403.4104645588
0.78199124 1288028.5059829839
0.7839912 1296651.8742660582
0.7859912 1305275.306667
0.78799117 1313893.5193610415
0.78999114 1322506.1508487463
0.7919911 1331110.7593519017
0.7939911 1339706.820096271
0.79599106 1348289.722475201
0.79799104 1356863.7670875508
0.799991 1365419.1626431681
0.801991 1373956.0227285177
0.80399096 1382472.3624247313
0.80599093 1390970.0947697181
0.8079909 1399441.0270554982
0.8099909 1407886.8569512554
0.81199086 1416301.1684420109
0.81399083 1424681.4275720678
0.8159908 1433026.977981642
0.8179908 1441337.0362242796
0.81999075 1449602.686851764
0.8219907 1457820.8772522267
0.8239907 1465996.4122261852
0.8259907 1474115.948284043
0.82799065 1482187.9876473844
0.8299906 1490192.8719350547
0.8319906 1498138.7755135223
0.8339906 1506017.6984895132
0.83599055 1513827.459321048
0.8379905 1521559.6870212313
0.8399905 1529211.8129270412
0.8419905 1536781.062003035
0.84399045 1544260.4436475337
0.8459904 1551644.7419659905
0.8479904 1558930.5054734051
0.84999037 1566108.036184188
0.85199034 1573175.3780445084
0.8539903 1580126.3046578877
0.8559903 1586952.3062507138
0.85799026 1593648.5758192465
0.85999024 1600205.994394511
0.8619902 1606621.1153554283
0.8639902 1612882.1477139778
0.86599016 1618982.9382889047
0.86799014 1624916.9526762813
0.8699901 1630671.2549162284
0.8719901 1636242.4857449345
0.87399006 1641616.8393098786
0.87599003 1646788.0382133462
0.87799 1651741.306735374
0.87999 1656469.3420710266
0.88198996 1660960.2833991945
0.88398993 1665199.6785796992
0.8859899 1669174.4482526556
0.8879899 1672876.8470881954
0.88998985 1676288.4219051413
0.8919898 1679393.9663438872
0.8939898 1682183.4717406891
0.8959898 1684632.0738069043
0.89798975 1686731.9946670942
0.8999897 1688458.479752574
0.9019897 1689791.7289813124
0.9039897 1690718.8215789944
0.90598965 1691211.6338083856
0.9079896 1691248.7487719543
0.9099896 1690807.3573341817
0.91198957 1689861.149071265
0.91398954 1688384.1919935755
0.9159895 1686346.7995953634
0.9179895 1683717.3835608996
0.91998947 1680464.290189717
0.92198944 1676551.6182863638
0.9239894 1671945.0158818513
0.9259894 1666599.4527000897
0.92798936 1660476.9647363797
0.92998934 1653526.3666539043
0.9319893 1645702.9269002676
0.9339893 1636949.9994635284
0.93598926 1627210.6049792022
0.93798923 1616418.9524062164
0.9399892 1604513.890631646
0.9419892 1591418.2770369053
0.94398916 1577044.2471232824
0.94598913 1561316.365565613
0.9479891 1544130.6342870705
0.9499891 1525379.326979272
0.95198905 1504947.6114510745
0.953989 1482707.910605479
0.955989 1458511.9387650378
0.957989 1432196.3311234303
0.95998895 1403579.7582978606
0.9619889 1372457.3823341057
0.9639889 1338600.460610222
0.9659889 1301736.833036676
0.96798885 1261563.924996905
0.9699888 1217719.7463324256
0.9719888 1169791.1368917935
0.9739888 1117284.1535141505
0.97598875 1059600.927454289
0.9779887 996030.3921766542
0.9799887 925678.6998932287
0.98198867 847428.3374971151
0.98398864 759841.7151228711
0.9859886 661012.634224832
0.9879886 548310.9818647727
0.98998857 417970.58097281307
0.99198854 264187.22935018316
0.9939885 77207.77679112181
0.9959885 161970.85914276913
0.99798846 502320.32130293176
0.99998844 1386861.345786348
