-9.98 0.11664843908511102
-9.959999 0.016175039345398545
-9.939999 0.018813147675246
-9.919998 0.033353200647979975
-9.899998 0.07232025661505759
-9.879997 0.08078801142983139
-9.859997 0.013035690179094672
-9.839996 0.03572275233455002
-9.819996 0.02810411201789975
-9.799995 0.04027480399236083
-9.779995 0.01439128932543099
-9.7599945 0.05260452162474394
-9.739994 0.014073572121560574
-9.719994 0.030195468105375767
-9.699993 0.07001090748235583
-9.679993 0.07015927694737911
-9.659992 0.02423930587247014
-9.639992 0.04237113916315138
-9.619991 0.025591976009309292
-9.599991 0.06892958539538085
-9.57999 0.014499979559332132
-9.55999 0.03162098419852555
-9.539989 0.011778989806771278
-9.519989 0.14013539301231503
-9.499989 0.006752285873517394
-9.479988 0.053490298334509134
-9.459988 0.07684471784159541
-9.439987 0.18065769807435572
-9.419987 0.037064654752612114
-9.399986 0.013855823315680027
-9.379986 0.0772354060318321
-9.359985 0.1468385038897395
-9.339985 0.033622876508161426
-9.319984 0.02951031643897295
-9.299984 0.07984362333081663
-9.2799835 0.1109285110142082
-9.259983 0.11626180121675134
-9.239983 0.08928509312681854
-9.219982 0.023384178522974253
-9.199982 0.0881115507800132
-9.179981 0.0019297031685709953
-9.159981 0.02514450578019023
-9.13998 0.0137323634698987
-9.11998 0.12453740439377725
-9.099979 0.06700795353390276
-9.079979 0.09539031726308167
-9.0599785 0.032307669054716825
-9.039978 0.05894194100983441
-9.019978 0.022693651262670755
-8.999977 0.030131984734907746
-8.979977 0.03991349833086133
-8.959976 0.00977342203259468
-8.939976 0.07826856174506247
-8.919975 0.061566295800730586
-8.899975 0.05228711664676666
-8.879974 0.0056315879337489605
-8.859974 0.040739309741184115
-8.839973 0.10018599522300065
-8.819973 0.07499017170630395
-8.799973 0.05833231774158776
-8.779972 0.09183418215252459
-8.759972 0.08258205163292587
-8.739971 0.026933447923511267
-8.719971 0.08784264931455255
-8.69997 0.06479234714061022
-8.67997 0.023533683037385345
-8.659969 0.11126851057633758
-8.639969 0.04306358937174082
-8.619968 0.06913902517408133
-8.599968 0.04344375990331173
-8.5799675 0.12794707156717777
-8.559967 0.15784943313337862
-8.539967 0.10808671498671174
-8.519966 0.06524262926541269
-8.499966 0.16875280649401248
-8.479965 0.05672459467314184
-8.459965 0.1295572982635349
-8.439964 0.031740333419293165
-8.419964 0.05004299059510231
-8.399963 0.06513614254072309
-8.379963 0.054195180302485824
-8.359962 0.15744250430725515
-8.339962 0.11509571853093803
-8.319962 0.0827194107696414
-8.299961 0.054029969964176416
-8.279961 0.015282711014151573
-8.25996 0.040882555302232504
-8.23996 0.12057701754383743
-8.219959 0.0059837535955011845
-8.199959 0.15075187338516116
-8.179958 0.08023584308102727
-8.159958 0.021819228073582053
-8.139957 0.03524897410534322
-8.119957 0.10182305984199047
-8.0999565 0.0611381430644542
-8.079956 0.057429978623986244
-8.059956 0.03130090259946883
-8.039955 0.18394923489540815
-8.019955 0.035429927753284574
-7.9999547 0.12873976910486817
-7.9799547 0.005156099330633879
-7.9599547 0.08184086577966809
-7.9399548 0.11752404272556305
-7.919955 0.06902376189827919
-7.899955 0.24850759888067842
-7.879955 0.13158613303676248
-7.859955 0.19362827483564615
-7.839955 0.09024171717464924
-7.819955 0.2451472645625472
-7.799955 0.29646254051476717
-7.779955 0.230184409301728
-7.759955 0.1910914946347475
-7.739955 0.08643558109179139
-7.719955 0.017743316013365984
-7.699955 0.40523045510053635
-7.679955 0.3823027182370424
-7.659955 0.05930711887776852
-7.639955 0.10789739526808262
-7.619955 0.0883067324757576
-7.599955 0.11985837481915951
-7.579955 0.04159133927896619
-7.559955 0.07531730411574244
-7.539955 0.058351130690425634
-7.519955 0.02816898562014103
-7.499955 0.19465950224548578
-7.479955 0.2566804368980229
-7.459955 0.18804831709712744
-7.439955 0.01923232153058052
-7.4199553 0.2189795975573361
-7.3999553 0.004523435141891241
-7.3799553 0.2788205617107451
-7.3599553 0.037242143880575895
-7.3399553 0.26136391004547477
-7.3199553 0.14944301638752222
-7.2999554 0.1597852767445147
-7.2799554 0.17446996457874775
-7.2599554 0.18017051089555025
-7.2399554 0.24244149774312973
-7.2199554 0.09190916595980525
-7.1999555 0.28219412732869387
-7.1799555 0.17020514141768217
-7.1599555 0.015558351296931505
-7.1399555 0.30376667622476816
-7.1199555 0.15831347834318876
-7.0999556 0.04269872000440955
-7.0799556 0.07997666392475367
-7.0599556 0.24701619427651167
-7.0399556 0.0038666347973048687
-7.0199556 0.3654572512023151
-6.9999557 0.39353820821270347
-6.9799557 0.119353664573282
-6.9599557 0.08231400791555643
-6.9399557 0.32226857263594866
-6.9199557 0.12048827996477485
-6.8999557 0.20521097583696246
-6.879956 0.10930355824530125
-6.859956 0.36472228448837996
-6.839956 0.10318255517631769
-6.819956 0.13270128471776843
-6.799956 0.20016882242634892
-6.779956 0.1453814757987857
-6.759956 0.25297723803669214
-6.739956 0.04968331754207611
-6.719956 0.0984655125066638
-6.699956 0.06100924825295806
-6.679956 0.11740690795704722
-6.659956 0.18039587419480085
-6.639956 0.17518125101923943
-6.619956 0.1495361621491611
-6.599956 0.15179120795801282
-6.579956 0.23084255401045084
-6.559956 0.4361601588316262
-6.539956 0.18220385117456317
-6.519956 0.07360666757449508
-6.499956 0.31319387070834637
-6.479956 0.030048091895878315
-6.459956 0.12942346604540944
-6.439956 0.16441373666748405
-6.419956 0.18874821020290256
-6.399956 0.2568012154661119
-6.3799562 0.07639827439561486
-6.3599563 0.25515684532001615
-6.3399563 0.22310667298734188
-6.3199563 0.4231953723356128
-6.2999563 0.29767566872760653
-6.2799563 0.28809488005936146
-6.2599564 0.16471578925848007
-6.2399564 0.12065214850008488
-6.2199564 0.1403481182642281
-6.1999564 0.2851870316080749
-6.1799564 0.11731313820928335
-6.1599565 0.19964332273229957
-6.1399565 0.0958790360018611
-6.1199565 0.12948155449703336
-6.0999565 0.08886881172657013
-6.0799565 0.31705909315496683
-6.0599566 0.12205278361216187
-6.0399566 0.07166099129244685
-6.0199566 0.23455575807020068
-5.9999566 0.3197163660079241
-5.9799566 0.020720499102026224
-5.9599566 0.20288065820932388
-5.9399567 0.07665882213041186
-5.9199567 0.28615347389131784
-5.8999567 0.148528466001153
-5.8799567 0.19751975499093533
-5.8599567 0.24822793155908585
-5.8399568 0.07346687326207757
-5.819957 0.15436359494924545
-5.799957 0.14737760135903955
-5.779957 0.05882929638028145
-5.759957 0.16118924599140882
-5.739957 0.03673148434609175
-5.719957 0.23117597727105021
-5.699957 0.05805311072617769
-5.679957 0.14171052537858486
-5.659957 0.04512545373290777
-5.639957 0.03063313290476799
-5.619957 0.2256967881694436
-5.599957 0.039992992766201496
-5.579957 0.38197032548487186
-5.559957 0.15882867481559515
-5.539957 0.2764981263317168
-5.519957 0.1396174286492169
-5.499957 0.1515120225958526
-5.479957 0.21417162753641605
-5.459957 0.22822737228125334
-5.439957 0.09292846033349633
-5.419957 0.2938816389068961
-5.399957 0.035789490677416325
-5.379957 0.23783648805692792
-5.359957 0.006544164847582579
-5.339957 0.05005997885018587
-5.3199573 0.3224161071702838
-5.2999573 0.1994051351211965
-5.2799573 0.06832125270739198
-5.2599573 0.18515612417832017
-5.2399573 0.17699099611490965
-5.2199574 0.02482002042233944
-5.1999574 0.15201762970536947
-5.1799574 0.26755022909492254
-5.1599574 0.09364006947726011
-5.1399574 0.11095623765140772
-5.1199574 0.15793754858896136
-5.0999575 0.10626165382564068
-5.0799575 0.3257106877863407
-5.0599575 0.1841366421431303
-5.0399575 0.047425983007997274
-5.0199575 0.22053649090230465
-4.9999576 0.24209541408345103
-4.9799576 0.20490845432505012
-4.9599576 0.29610683349892497
-4.9399576 0.10064187133684754
-4.9199576 0.062002625316381454
-4.8999577 0.031259252689778805
-4.8799577 0.14279599720612168
-4.8599577 0.11369181890040636
-4.8399577 0.4626781498081982
-4.8199577 0.07198965921998024
-4.7999578 0.12154525611549616
-4.779958 0.11997957061976194
-4.759958 0.03762232046574354
-4.739958 0.07406288292258978
-4.719958 0.3739004139788449
-4.699958 0.20774574019014835
-4.679958 0.2509519038721919
-4.659958 0.17581087397411466
-4.639958 0.2547360733151436
-4.619958 0.17093726573511958
-4.599958 0.11250581685453653
-4.579958 0.22943006455898285
-4.559958 0.16064489167183638
-4.539958 0.016245951410382986
-4.519958 0.0018495223484933376
-4.499958 6.0127582401037216E-5
-4.479958 0.21812567161396146
-4.459958 0.13328441698104143
-4.439958 0.34000963578000665
-4.419958 0.18432718981057405
-4.399958 0.055120937526226044
-4.379958 0.10340267606079578
-4.359958 0.3106276332400739
-4.339958 0.04574912041425705
-4.319958 0.09080291399732232
-4.299958 0.020407679956406355
-4.2799582 0.12418383732438087
-4.2599583 0.030473666731268167
-4.2399583 0.3097222428768873
-4.2199583 0.09756441228091717
-4.1999583 0.009800239466130733
-4.1799583 0.10148485423997045
-4.1599584 0.16005806624889374
-4.1399584 0.11020497186109424
-4.1199584 0.00970604969188571
-4.0999584 0.2661690581589937
-4.0799584 0.2711311695165932
-4.0599585 0.17462073871865869
-4.0399585 0.09504539053887129
-4.0199585 0.22681895177811384
-3.9999585 0.09459945652633905
-3.9799585 0.19850905518978834
-3.9599586 0.21022515930235386
-3.9399586 0.47005245368927717
-3.9199586 0.3062016610056162
-3.8999586 1.0345182521268725
-3.8799586 0.041795963421463966
-3.8599586 0.3675314225256443
-3.8399587 0.46044987719506025
-3.8199587 0.737786091864109
-3.7999587 0.2119324579834938
-3.7799587 0.1975322002544999
-3.7599587 0.08434766065329313
-3.7399588 0.5725493729114532
-3.7199588 0.35932569578289986
-3.6999588 0.4515767376869917
-3.6799588 1.0090285167098045
-3.6599588 0.17516534309834242
-3.6399589 0.07684735674411058
-3.6199589 0.17608241736888885
-3.599959 0.5087981997057796
-3.579959 0.7939243260771036
-3.559959 0.027925577014684677
-3.539959 0.8444186570122838
-3.519959 0.1584179773926735
-3.499959 0.03757532499730587
-3.479959 0.18571739457547665
-3.459959 0.5303476676344872
-3.439959 0.2486600335687399
-3.419959 0.05370814073830843
-3.399959 0.05211126897484064
-3.379959 0.37316657043993473
-3.3599591 0.8305882913991809
-3.3399591 0.3827964151278138
-3.3199592 0.08268633671104908
-3.2999592 0.7044595768675208
-3.2799592 0.9966605268418789
-3.2599592 0.6815280979499221
-3.2399592 0.45432857144623995
-3.2199593 0.017330960370600224
-3.1999593 0.09420918393880129
-3.1799593 0.1661578081548214
-3.1599593 0.34712986275553703
-3.1399593 0.004651650786399841
-3.1199594 0.296786711551249
-3.0999594 0.26248817052692175
-3.0799594 0.7705274894833565
-3.0599594 0.18509148247539997
-3.0399594 0.2549091409891844
-3.0199594 0.43904477916657925
-2.9999595 0.6791463773697615
-2.9799595 0.24938643258064985
-2.9599595 0.3852757988497615
-2.9399595 1.2826303215697408
-2.9199595 0.09650635439902544
-2.8999596 0.0598958395421505
-2.8799596 0.11636183317750692
-2.8599596 0.04682697914540768
-2.8399596 0.12942436896264553
-2.8199596 0.6534767802804708
-2.7999597 0.509257236495614
-2.7799597 0.6008135573938489
-2.7599597 0.1415639314800501
-2.7399597 0.3968412782996893
-2.7199597 0.6853288486599922
-2.6999598 0.38053963612765074
-2.6799598 0.08765902742743492
-2.6599598 0.23147430922836065
-2.6399598 0.4964312743395567
-2.6199598 0.7046084655448794
-2.5999599 0.06454080902040005
-2.5799599 1.3124166717752814
-2.55996 0.25095529574900866
-2.53996 0.24871153756976128
-2.51996 0.7548994068056345
-2.49996 0.27562060952186584
-2.47996 0.40169216599315405
-2.45996 0.29788241535425186
-2.43996 0.20767255872488022
-2.41996 0.455506999976933
-2.39996 1.4491111868992448
-2.37996 0.6818786924704909
-2.35996 0.7353293290361762
-2.33996 0.28164007142186165
-2.31996 0.0862505454570055
-2.2999601 0.010544865392148495
-2.2799602 0.014611536636948586
-2.2599602 0.16008315421640873
-2.2399602 0.613057566806674
-2.2199602 0.35289787128567696
-2.1999602 0.64634261559695
-2.1799603 0.10863828659057617
-2.1599603 0.35115549992769957
-2.1399603 0.0021641775965690613
-2.1199603 0.027589289471507072
-2.0999603 0.2885666284710169
-2.0799603 0.17095595225691795
-2.0599604 0.34192047268152237
-2.0399604 0.5631995191797614
-2.0199604 0.41908741742372513
-1.9999604 0.19022605568170547
-1.9799604 0.29959398321807384
-1.9599605 0.4785641226917505
-1.9399605 1.5694328099489212
-1.9199605 0.16928024217486382
-1.8999605 1.3569919988512993
-1.8799605 0.8554437309503555
-1.8599606 0.6795458365231752
-1.8399606 0.8196711223572493
-1.8199606 0.8935770094394684
-1.7999606 0.13675741106271744
-1.7799606 1.39267753995955
-1.7599607 0.8970924466848373
-1.7399607 0.7028266470879316
-1.7199607 1.5833455435931683
-1.6999607 1.1373904831707478
-1.6799607 1.306689465418458
-1.6599607 0.5331042427569628
-1.6399608 0.4767809621989727
-1.6199608 1.8724687732756138
-1.5999608 0.41334085538983345
-1.5799608 0.005363162606954575
-1.5599608 0.9711491726338863
-1.5399609 4.381374707445502
-1.5199609 0.07225797791033983
-1.4999609 1.8642840757966042
-1.4799609 0.5437745125964284
-1.4599609 0.3557941820472479
-1.439961 0.002231753431260586
-1.419961 0.6139174764975905
-1.399961 0.20936897210776806
-1.379961 0.5529068550094962
-1.359961 2.3620019741356373
-1.339961 0.8855523820966482
-1.3199611 0.142597995698452
-1.2999611 0.7831041244789958
-1.2799611 0.44994641095399857
-1.2599611 0.8033642265945673
-1.2399611 0.0953748319298029
-1.2199612 0.013171164318919182
-1.1999612 0.6265421193093061
-1.1799612 0.5053109657019377
-1.1599612 1.7401402425020933
-1.1399612 1.96713712438941
-1.1199613 2.603393765166402
-1.0999613 2.1536829322576523
-1.0799613 0.7796729635447264
-1.0599613 0.6508122030645609
-1.0399613 0.4456946961581707
-1.0199614 2.7537277787923813
-0.9999614 0.3729348536580801
-0.9799614 3.819654354825616
-0.9599614 5.8995797373354435
-0.93996143 0.4928750414401293
-0.91996145 2.8222953379154205
-0.8999615 1.1168205421417952
-0.8799615 1.8083605952560902
-0.8599615 4.107694678008556
-0.8399615 4.641310913488269
-0.81996155 3.3103033155202866
-0.79996157 0.3536251876503229
-0.7799616 4.688090592622757
-0.7599616 2.4221812039613724
-0.7399616 4.5109973680227995
-0.71996164 1.2734795808792114
-0.69996166 0.7357387151569128
-0.6799617 0.8309807442128658
-0.6599617 3.650833558291197
-0.6399617 2.247789019718766
-0.61996174 2.5076742079108953
-0.59996176 1.9139863215386868
-0.5799618 4.033775990828872
-0.5599618 2.1072064340114594
-0.5399618 3.3028793055564165
-0.51996183 2.300173836760223
-0.49996182 1.3525307923555374
-0.4799618 0.8578867949545383
-0.4599618 0.33121341466903687
-0.4399618 1.4070276264101267
-0.41996178 2.751457542181015
-0.39996177 4.520264025777578
-0.37996176 0.38569410890340805
-0.35996175 1.043625257909298
-0.33996174 2.5835338104516268
-0.31996173 4.569294176995754
-0.29996172 5.353282243013382
-0.2799617 2.4082573745399714
-0.2599617 6.221590977162123
-0.2399617 6.314694620668888
-0.2199617 2.4846525080502033
-0.1999617 3.199564227834344
-0.17996171 6.12577510625124
-0.15996172 6.711213869974017
-0.13996172 0.9696745481342077
-0.11996172 9.347444405779243
-0.09996173 0.1303213480859995
-0.07996173 0.7159399259835482
-0.059961732 0.11163188330829144
-0.039961733 0.2618823815137148
-0.019961733 0.11355645582079887
3.8266182E-5 0.005134096369147301
0.020038266 0.45779572427272797
0.040038265 0.5560174584388733
0.060038265 0.4185205288231373
0.080038264 0.39320350252091885
0.10003826 23.572641665115952
0.120038256 11.16445942595601
0.14003825 3.7001395281404257
0.16003825 1.089124869555235
0.18003824 0.6902249343693256
0.20003824 0.7379767820239067
0.22003824 7.591038564220071
0.24003823 6.036252751946449
0.26003823 0.8262665774673223
0.28003824 3.7139299698174
0.30003825 5.389957008883357
0.32003826 3.1062953118234873
0.34003827 7.51614909991622
0.36003828 4.3274582978338
0.3800383 0.35629596561193466
0.4000383 1.2727844044566154
0.4200383 0.17944548651576042
0.44003832 1.932587867602706
0.46003833 3.180066868662834
0.48003834 1.7318772841244936
0.5000383 1.476204114034772
0.5200383 2.3820960232988
0.5400383 3.9613300943747163
0.56003827 0.5980042610317469
0.58003825 1.9918832927942276
0.60003823 2.703655757009983
0.6200382 0.7370319329202175
0.6400382 6.060465339571238
0.6600382 3.9478002432733774
0.68003815 3.5059682615101337
0.70003814 0.19035371020436287
0.7200381 0.30499522387981415
0.7400381 1.4852986745536327
0.7600381 2.8385922331362963
0.78003806 1.000810543075204
0.80003804 0.6708486136049032
0.820038 2.4714320488274097
0.840038 2.413181798532605
0.860038 2.5816413573920727
0.88003796 4.746848160400987
0.90003794 0.043194420635700226
0.9200379 1.6881955154240131
0.9400379 0.3644072152674198
0.9600379 2.226573880761862
0.98003787 5.361139351502061
1.0000379 0.18635255005210638
1.0200379 1.3980337753891945
1.0400379 2.862419357523322
1.0600379 1.6661335714161396
1.0800378 0.1239666873589158
1.1000378 0.6558143002912402
1.1200378 2.8268229253590107
1.1400378 1.8537392038851976
1.1600378 0.44423478469252586
1.1800377 0.1447745654731989
1.2000377 0.25856179371476173
1.2200377 1.9895786410197616
1.2400377 0.0904757808893919
1.2600377 0.9098639972507954
1.2800376 0.8794916160404682
1.3000376 0.12124552857130766
1.3200376 0.24426434841006994
1.3400376 0.761185291223228
1.3600376 2.6569309886544943
1.3800375 0.5969915017485619
1.4000375 0.31732538249343634
1.4200375 0.5494367023929954
1.4400375 0.12649394292384386
1.4600375 0.3629716206341982
1.4800375 0.7726128557696939
1.5000374 2.402897826395929
1.5200374 0.9933221992105246
1.5400374 2.795573287643492
1.5600374 1.9470695909112692
1.5800374 0.38777689822018147
1.6000373 0.07611143216490746
1.6200373 3.0053858775645494
1.6400373 0.47953264601528645
1.6600373 1.477975994348526
1.6800373 1.3492365665733814
1.7000372 0.17609881982207298
1.7200372 0.22976511158049107
1.7400372 0.6974588837474585
1.7600372 0.21986745670437813
1.7800372 1.4087518360465765
1.8000371 0.44800415448844433
1.8200371 1.7667375970631838
1.8400371 0.7920070141553879
1.8600371 0.6387867741286755
1.8800371 2.439917378127575
1.900037 0.6196044962853193
1.920037 0.8230059091001749
1.940037 0.3415916636586189
1.960037 1.8776342812925577
1.980037 3.2230733148753643
2.000037 0.7048196094110608
2.020037 0.23501930013298988
2.040037 0.6268854299560189
2.060037 0.5594704821705818
2.0800369 0.0949549712240696
2.1000369 0.6231970563530922
2.1200368 0.6044032741338015
2.1400368 0.528905401006341
2.1600368 0.0089425602927804
2.1800368 0.6942198015749454
2.2000368 0.680526977404952
2.2200367 0.499103550799191
2.2400367 0.2694707326591015
2.2600367 0.3974468866363168
2.2800367 0.22699331492185593
2.3000367 0.022901088930666447
2.3200366 0.20836860872805119
2.3400366 0.28911468386650085
2.3600366 0.8738489262759686
2.3800366 0.5154445357620716
2.4000366 0.9638470020145178
2.4200366 0.3621214870363474
2.4400365 0.04447795543819666
2.4600365 0.7762430729344487
2.4800365 0.5090436469763517
2.5000365 2.9606837779283524E-4
2.5200365 0.08375255391001701
2.5400364 0.3267618492245674
2.5600364 0.24539102520793676
2.5800364 0.38665477372705936
2.6000364 0.3014907892793417
2.6200364 0.11228881496936083
2.6400363 0.2183233741670847
2.6600363 0.019106396473944187
2.6800363 0.3182530030608177
2.7000363 0.3408613074570894
2.7200363 0.4637133665382862
2.7400362 0.6658222954720259
2.7600362 0.1078348234295845
2.7800362 0.8242657044902444
2.8000362 0.19699232280254364
2.8200362 0.20287719927728176
2.8400362 0.4619512828066945
2.8600361 1.0779365710914135
2.880036 0.5793903395533562
2.900036 0.052795903757214546
2.920036 0.20761369727551937
2.940036 0.5689997430890799
2.960036 0.7307263370603323
2.980036 0.2620063330978155
3.000036 0.22080999612808228
3.020036 0.15720192901790142
3.040036 0.5977109428495169
3.060036 0.7887438861653209
3.080036 0.38164679892361164
3.100036 0.007969528436660767
3.120036 0.20068856328725815
3.1400359 0.5544891338795424
3.1600358 0.567240416072309
3.1800358 0.27946837060153484
3.2000358 0.5354503858834505
3.2200358 0.7811279725283384
3.2400358 0.37323784083127975
3.2600358 0.2882958184927702
3.2800357 1.2963316962122917
3.3000357 0.7019746815785766
3.3200357 0.21711605787277222
3.3400357 0.20958431623876095
3.3600357 0.9502714267000556
3.3800356 0.5368719473481178
3.4000356 0.4947498068213463
3.4200356 0.22908548545092344
3.4400356 0.2361567597836256
3.4600356 0.21605701744556427
3.4800355 0.3298683986067772
3.5000355 0.18887486401945353
3.5200355 0.8140149582177401
3.5400355 0.5667033046483994
3.5600355 0.5519962031394243
3.5800354 1.5606313683092594
3.6000354 0.49689880944788456
3.6200354 0.4171936549246311
3.6400354 0.3961714245378971
3.6600354 0.4736782545223832
3.6800354 0.08244647737592459
3.7000353 0.3032087478786707
3.7200353 0.9924178821966052
3.7400353 0.009713567793369293
3.7600353 1.1211589444428682
3.7800353 0.19387437030673027
3.8000352 0.0021188873797655106
3.8200352 0.32476944848895073
3.8400352 0.07377168908715248
3.8600352 0.5567488167434931
3.8800352 0.047247324138879776
3.9000351 0.1628609923645854
3.9200351 0.08041462488472462
3.940035 0.10315895359963179
3.960035 0.5469872932881117
3.980035 0.25984284095466137
4.0000353 0.017901777755469084
4.0200353 0.15526044322177768
4.0400352 0.11018763389438391
4.060035 0.03402256406843662
4.080035 0.10518148075789213
4.100035 0.226290516089648
4.120035 0.03309720242395997
4.140035 0.2345827086828649
4.160035 0.044806129299104214
4.180035 0.3172033508308232
4.200035 0.12755162362009287
4.220035 0.15758222853764892
4.240035 0.17397640459239483
4.260035 0.06114931404590607
4.280035 0.29014788288623095
4.300035 0.24025114625692368
4.320035 0.2209677309729159
4.340035 0.07098247390240431
4.360035 0.14322244049981236
4.380035 0.126933625433594
4.400035 0.14744695741683245
4.420035 0.02407722268253565
4.440035 0.11269245762377977
4.460035 0.16025733016431332
4.480035 0.07706315955147147
4.500035 0.0764219369739294
4.520035 0.010854122694581747
4.540035 0.06653170101344585
4.5600348 0.04814603039994836
4.5800347 0.05548188043758273
4.6000347 0.15284821903333068
4.6200347 0.03445852594450116
4.6400347 0.10857076058164239
4.6600347 0.08815981820225716
4.6800346 0.21920639323070645
4.7000346 0.1804718947969377
4.7200346 0.2098060604184866
4.7400346 0.2864702558144927
4.7600346 0.15694315638393164
4.7800345 0.1310078352689743
4.8000345 0.18127303291112185
4.8200345 0.072017892729491
4.8400345 0.05413338029757142
4.8600345 0.07417658902704716
4.8800344 0.15461778547614813
4.9000344 0.468694266397506
4.9200344 0.0507207321934402
4.9400344 0.06166385626420379
4.9600344 0.08478607516735792
4.9800344 0.03531459392979741
5.0000343 0.06558724027127028
5.0200343 0.0755825499072671
5.0400343 0.354449225589633
5.0600343 0.2640413586050272
5.0800343 0.16825150046497583
5.100034 0.06702626822516322
5.120034 0.07393248053267598
5.140034 0.017322339583188295
5.160034 0.07842305488884449
5.180034 0.017083981074392796
5.200034 0.10617589997127652
5.220034 0.17462680349126458
5.240034 0.01944243675097823
5.260034 0.06905103987082839
5.280034 0.14343117410317063
5.300034 0.23396184062585235
5.320034 0.1831447072327137
5.340034 0.004811195656657219
5.360034 0.40894259698688984
5.380034 0.1388033996336162
5.400034 0.3024152731522918
5.420034 0.006294019985944033
5.440034 0.3554754015058279
5.460034 0.04645955376327038
5.480034 0.09735975693911314
5.500034 0.19647976197302341
5.520034 0.2555440431460738
5.540034 0.35671676928177476
5.560034 0.2037078905850649
5.580034 0.10812633903697133
5.6000338 0.015279078856110573
5.6200337 0.1667194226756692
5.6400337 0.06225863844156265
5.6600337 0.0813363534398377
5.6800337 0.19859740557149053
5.7000337 0.13453396828845143
5.7200336 0.006024692207574844
5.7400336 0.20587945403531194
5.7600336 0.04950604261830449
5.7800336 0.12026823405176401
5.8000336 4.358990117907524E-4
5.8200336 0.22879730444401503
5.8400335 0.012703425250947475
5.8600335 0.19596894038841128
5.8800335 0.27674656035378575
5.9000335 0.15257033798843622
5.9200335 0.2526261522434652
5.9400334 0.01393243670463562
5.9600334 0.2945233820937574
5.9800334 0.0995594416745007
6.0000334 0.17107478296384215
6.0200334 0.41128689935430884
6.0400333 0.2762130438350141
6.0600333 0.35416048439219594
6.0800333 0.07646050816401839
6.1000333 0.12469471292570233
6.1200333 0.18373455479741096
6.1400332 0.06437746854498982
6.160033 0.06566508719697595
6.180033 0.009367134887725115
6.200033 0.2030302593484521
6.220033 0.08374056406319141
6.240033 0.0893567418679595
6.260033 0.15849835937842727
6.280033 0.26946564950048923
6.300033 0.24557171668857336
6.320033 0.14444443304091692
6.340033 0.1312974551692605
6.360033 0.13939853524789214
6.380033 0.06309145595878363
6.400033 0.41980730136856437
6.420033 0.12494184356182814
6.440033 0.12618242064490914
6.460033 0.13828626368194818
6.480033 0.28501977771520615
6.500033 0.09064438240602612
6.520033 0.22612246591597795
6.540033 0.1396060516126454
6.560033 0.27985529648140073
6.580033 0.09622967476025224
6.600033 0.038679311983287334
6.620033 0.05773646757006645
6.640033 0.10450716270133853
6.6600327 0.13066295254975557
6.6800327 0.08843283727765083
6.7000327 0.06940468866378069
6.7200327 0.11047054501250386
6.7400327 0.0819127019494772
6.7600327 0.2993023828603327
6.7800326 0.2824608036316931
6.8000326 0.2079655434936285
6.8200326 0.021296000573784113
6.8400326 0.23396112257614732
6.8600326 0.014709637500345707
6.8800325 0.2216629576869309
6.9000325 0.017292195465415716
6.9200325 0.08615675428882241
6.9400325 0.04748258600011468
6.9600325 0.174058529548347
6.9800324 0.11875923443585634
7.0000324 0.17353283427655697
7.0200324 0.16340896161273122
7.0400324 0.18810662999749184
7.0600324 0.08043733146041632
7.0800323 0.06908662198111415
7.1000323 0.3256095992401242
7.1200323 0.27277596201747656
7.1400323 0.09885917045176029
7.1600323 0.09598351921886206
7.1800323 0.10659111477434635
7.200032 0.1708666244521737
7.220032 0.06150979362428188
7.240032 0.243565546348691
7.260032 0.1824519345536828
7.280032 0.15604479564353824
7.300032 0.3057750556617975
7.320032 0.3002306981943548
7.340032 0.1725497180595994
7.360032 0.04447911586612463
7.380032 0.18158829910680652
7.400032 0.11714411294087768
7.420032 0.0910918116569519
7.440032 0.1622671727091074
7.460032 0.15388856269419193
7.480032 0.07034573750570416
7.500032 0.3824276849627495
7.520032 0.17427840549498796
7.540032 0.27536376705393195
7.560032 0.15614778362214565
7.580032 0.21260276064276695
7.600032 0.1401778389699757
7.620032 0.185850421898067
7.640032 0.10393277136608958
7.660032 0.2427682289853692
7.680032 0.19817750016227365
7.7000318 0.23479966074228287
7.7200317 0.3254163605161011
7.7400317 0.05691718263551593
7.7600317 0.061124412342906
7.7800317 0.15313332714140415
7.8000317 0.19296523975208402
7.8200316 0.154736062977463
7.8400316 0.012818731367588043
7.8600316 0.2418400403112173
7.8800316 0.3166775251738727
7.9000316 0.21245638886466622
7.9200315 0.09545352449640632
7.9400315 0.13144071400165558
7.9600315 0.0803450383245945
7.9800315 0.015989768784493208
8.000031 0.07590623828582466
8.020032 0.025473362300544977
8.040032 0.050026228185743093
8.060033 0.009252597112208605
8.080033 0.08545827586203814
8.100034 0.027173210168257356
8.120034 0.14168168883770704
8.140035 0.08095877012237906
8.160035 0.029699612176045775
8.180036 0.02294967998750508
8.200036 0.08773971232585609
8.2200365 0.17531902017071843
8.240037 0.04623527196235955
8.260037 0.039063546573743224
8.280038 0.17977203708142042
8.300038 0.03700586501508951
8.320039 0.07075863494537771
8.340039 0.01312632067129016
8.36004 0.05006397794932127
8.38004 0.058554515708237886
8.400041 0.0529471174813807
8.420041 0.07657744269818068
8.440042 0.08962070569396019
8.460042 0.004304484464228153
8.480042 0.0542270359583199
8.500043 0.024553752969950438
8.520043 0.08407153515145183
8.540044 0.012480741832405329
8.560044 0.0015895299147814512
8.580045 0.04239636240527034
8.600045 0.12401843583211303
8.620046 0.0064936005510389805
8.640046 0.11378784058615565
8.660047 0.045419261790812016
8.680047 0.037473635049536824
8.7000475 0.12099050870165229
8.720048 0.03642116370610893
8.740048 0.0736104475799948
8.760049 0.04061763500794768
8.780049 0.12088236608542502
8.80005 0.09096614248119295
8.82005 0.10300542903132737
8.840051 0.0767585204448551
8.860051 0.05960951466113329
8.880052 0.019974767696112394
8.900052 0.06213324912823737
8.920053 0.056187495123595
8.940053 0.172672362299636
8.960053 0.0063056673388928175
8.980054 0.04776098858565092
9.000054 0.017933450639247894
9.020055 0.03921478660777211
9.040055 0.03812640090472996
9.060056 0.0072256766725331545
9.080056 0.12528894911520183
9.100057 0.14946004492230713
9.120057 0.08682137215510011
9.140058 0.0556054231710732
9.160058 0.02085880865342915
9.1800585 0.05203672801144421
9.200059 0.10770403174683452
9.220059 0.03485153685323894
9.24006 0.02702395268715918
9.26006 0.050000889925286174
9.280061 0.04069326655007899
9.300061 0.005659268470481038
9.320062 0.048598137916997075
9.340062 0.13436937076039612
9.360063 0.06095604575239122
9.380063 0.012497369898483157
9.4000635 0.07970308628864586
9.420064 0.11557428468950093
9.440064 0.07951827021315694
9.460065 0.06826107343658805
9.480065 0.08788410294800997
9.500066 0.10558150499127805
9.520066 0.006154369097203016
9.540067 0.10790235362946987
9.560067 0.15494206501170993
9.580068 0.14143835264258087
9.600068 0.061603818787261844
9.620069 0.09030166850425303
9.640069 0.0699714538641274
9.660069 0.11694743041880429
9.68007 0.035146203357726336
9.70007 0.03180816094391048
9.720071 0.12854932295158505
9.740071 0.08083609747700393
9.760072 0.14409086457453668
9.780072 0.07369241793639958
9.800073 0.12497640121728182
9.820073 0.05323573620989919
9.840074 0.11372105032205582
9.860074 0.06164109520614147
9.8800745 0.09783683763816953
9.900075 0.10958650591783226
9.920075 0.031477687414735556
9.940076 0.08040109626017511
9.960076 0.04218922625295818
9.980077 0.07819187315180898
10.000077 0.02581522287800908
10.020078 0.04579253098927438
