-10.0 2.4527893
-9.98 0.75835156
-9.96 0.11880484
-9.94 0.028832829
-9.92 0.7632338
-9.9 2.4074798
-9.88 5.0137906
-9.86 2.142508
-9.84 2.0483882
-9.82 3.26295
-9.8 2.6582
-9.77999 0.9338747
-9.75999 3.6256604
-9.73999 4.930798
-9.71999 3.886699
-9.69999 3.85156
-9.67999 4.6018376
-9.65999 4.1280336
-9.63999 1.5613363
-9.61999 1.9112821
-9.59999 4.058195
-9.57999 1.2645
-9.55999 2.843379
-9.53999 4.3523526
-9.51999 2.129222
-9.49999 0.72132987
-9.47999 0.40648088
-9.45999 0.9297432
-9.43999 2.5360508
-9.41999 5.0036335
-9.39999 1.9336187
-9.37999 2.5028129
-9.35999 2.453266
-9.33998 4.2152896
-9.31998 1.152397
-9.29998 0.78412396
-9.27998 1.8150138
-9.25998 1.7066786
-9.23998 0.55455375
-9.21998 1.4998695
-9.19998 4.7364655
-9.17998 1.4863431
-9.15998 3.7366333
-9.13998 0.36126763
-9.11998 3.3745375
-9.09998 5.055076
-9.07998 4.2084064
-9.05998 4.44362
-9.03998 4.7081194
-9.01998 2.3887317
-8.99998 1.1832825
-8.97998 4.6340823
-8.95998 1.1910148
-8.93998 2.3461611
-8.91998 4.8754945
-8.89997 4.51005
-8.87997 4.431983
-8.85997 4.990424
-8.83997 2.724274
-8.81997 0.7130848
-8.79997 5.2299137
-8.77997 0.558778
-8.75997 2.8916903
-8.73997 5.1390114
-8.71997 4.3508234
-8.69997 4.560208
-8.67997 4.476466
-8.65997 1.7768903
-8.63997 2.1937175
-8.61997 3.08242
-8.59997 3.4298751
-8.57997 0.71274114
-8.55997 0.69824094
-8.53997 0.82101774
-8.51997 0.38040206
-8.49997 3.0129874
-8.47997 3.6368532
-8.45996 1.6893408
-8.43996 2.2740393
-8.41996 4.894321
-8.39996 4.3657613
-8.37996 4.4879255
-8.35996 4.365123
-8.33996 1.4617491
-8.31996 2.8612006
-8.29996 1.9147216
-8.27996 5.125906
-8.25996 3.4591174
-8.23996 3.004423
-8.21996 4.1164
-8.19996 3.9154062
-8.17996 0.0153141655
-8.15996 4.9264116
-8.13996 1.9906453
-8.11996 0.067997396
-8.09996 0.4961898
-8.07996 0.49708515
-8.05996 3.142899
-8.03996 3.267223
-8.01995 2.6661167
-7.99995 1.2174122
-7.97995 4.3402357
-7.95995 4.512785
-7.93995 1.2113786
-7.91995 5.0878987
-7.89995 6.0908017
-7.87995 6.7769084
-7.85995 2.215661
-7.83995 1.0003318
-7.81995 2.906044
-7.79995 8.458172
-7.77995 3.5676558
-7.75995 8.604445
-7.73995 3.5006206
-7.71995 1.8972795
-7.69995 3.8210974
-7.67996 8.715586
-7.65996 3.2268817
-7.63996 9.439459
-7.61996 4.742385
-7.59996 3.709956
-7.57996 6.370522
-7.55996 8.247277
-7.53996 1.8854932
-7.51996 5.2019315
-7.49996 8.480015
-7.47996 7.918913
-7.45996 3.4884713
-7.43996 4.841779
-7.41996 3.8973734
-7.39996 8.674819
-7.37996 9.459119
-7.35996 6.2185035
-7.33996 1.0791315
-7.31996 8.533769
-7.29996 6.9755874
-7.27996 5.8903375
-7.25996 8.743975
-7.23996 5.179648
-7.21996 6.1536837
-7.19996 1.0285531
-7.17996 0.0010544816
-7.15996 3.3122423
-7.13996 9.726913
-7.11996 2.4175844
-7.09996 1.717764
-7.07996 1.5960597
-7.05996 3.0700006
-7.03996 8.4318695
-7.01996 5.436459
-6.99996 3.213536
-6.97996 5.688339
-6.95996 8.349721
-6.93996 3.639204
-6.91996 0.80459076
-6.89996 0.14036028
-6.87996 5.4230986
-6.85996 5.0725474
-6.83996 10.164839
-6.81996 9.677873
-6.79996 6.74035
-6.77996 2.9537609
-6.75996 3.195709
-6.73996 4.3941693
-6.71996 0.09651763
-6.69996 9.492867
-6.67996 3.4420524
-6.65996 2.7540097
-6.63996 7.4977546
-6.61996 3.2789402
-6.59996 8.277744
-6.57996 7.9497614
-6.55996 1.9955215
-6.53996 9.635027
-6.51996 5.992527
-6.49996 8.128221
-6.47996 4.656042
-6.45996 9.192206
-6.43996 7.976059
-6.41996 8.000754
-6.39996 2.8161411
-6.37996 1.018227
-6.35996 1.0518352
-6.33996 9.582695
-6.31996 3.1314056
-6.29996 3.2557132
-6.27996 9.5140705
-6.25996 1.4656469
-6.23996 0.07966295
-6.21996 4.688775
-6.19996 4.6676555
-6.17996 7.3112955
-6.15996 3.230097
-6.13996 7.664996
-6.11996 4.4384823
-6.09996 8.155668
-6.07996 2.117317
-6.05996 5.31351
-6.03996 1.3650998
-6.01996 9.796585
-5.99996 7.2410917
-5.97996 8.961145
-5.95996 3.2612107
-5.93996 2.230414
-5.91996 8.5196495
-5.89996 1.4530497
-5.87996 2.355707
-5.85996 10.196309
-5.83996 6.124066
-5.81996 9.644902
-5.79996 0.19529627
-5.77996 1.3946122
-5.75996 5.4563737
-5.73996 0.66947156
-5.71996 1.8112193
-5.69996 8.267074
-5.67996 9.788676
-5.65996 2.7267504
-5.63996 7.963509
-5.61996 4.409837
-5.59996 8.0245905
-5.57996 8.431323
-5.55996 3.096839
-5.53996 5.4658256
-5.51996 1.4197245
-5.49996 3.343515
-5.47996 1.5924667
-5.45996 5.172962
-5.43996 2.0390508
-5.41996 10.403643
-5.39996 8.663153
-5.37996 2.7874622
-5.35996 3.554722
-5.33996 6.7533455
-5.31996 6.5271807
-5.29996 4.094335
-5.27996 4.223908
-5.25996 6.0241427
-5.23996 5.533852
-5.21996 5.8124156
-5.19996 7.133999
-5.17996 1.4120992
-5.15996 1.2253656
-5.13996 5.54331
-5.11996 1.0916667
-5.09996 6.0413814
-5.07996 0.98776376
-5.05996 1.3720841
-5.03996 8.513188
-5.01996 9.279696
-4.99996 1.5655938
-4.97996 6.26111
-4.95996 2.5085897
-4.93996 9.547467
-4.91996 8.760368
-4.89996 5.0188174
-4.87996 10.058703
-4.85996 9.160599
-4.83996 0.08261526
-4.81996 4.365651
-4.79996 1.4204646
-4.77996 8.339682
-4.75996 3.9989743
-4.73996 6.6390004
-4.71996 5.4113045
-4.69996 9.9242935
-4.67996 10.425609
-4.65996 3.9997175
-4.63996 8.4228115
-4.61996 5.5080814
-4.59996 8.068003
-4.57996 5.0885534
-4.55996 7.594188
-4.53996 4.418843
-4.51996 5.6848044
-4.49996 9.561822
-4.47996 0.7217174
-4.45996 6.1752477
-4.43996 9.216877
-4.41996 8.6208935
-4.39996 4.608654
-4.37996 2.3447738
-4.35996 8.489465
-4.33996 4.405912
-4.31996 1.4557595
-4.29996 5.065171
-4.27996 6.417124
-4.25996 6.260619
-4.23996 4.5989437
-4.21996 1.6897608
-4.19996 2.204796
-4.17996 6.513892
-4.15996 9.426055
-4.13996 4.194818
-4.11996 0.6766132
-4.09996 5.152279
-4.07996 8.941141
-4.05996 9.253028
-4.03996 7.731757
-4.01996 7.8019943
-3.99996 19.552452
-3.97996 13.554802
-3.95996 0.06990984
-3.93996 19.666824
-3.91996 3.8271863
-3.89996 4.9046674
-3.87996 5.8319407
-3.85996 1.7550931
-3.83996 19.079384
-3.81996 3.8774035
-3.79996 0.035773143
-3.77996 7.4754157
-3.75996 14.745962
-3.73996 18.093834
-3.71996 19.196297
-3.69996 0.7080487
-3.67996 6.3528576
-3.65996 3.4774992
-3.63996 11.427742
-3.61996 8.178424
-3.59996 14.133028
-3.57996 14.932028
-3.55996 5.764615
-3.53996 4.1400294
-3.51996 20.35969
-3.49996 15.2643175
-3.47996 16.009174
-3.45996 10.278025
-3.43996 10.063028
-3.41996 18.738651
-3.39996 7.266367
-3.37996 2.9487877
-3.35996 8.656074
-3.33996 17.78813
-3.31996 5.415406
-3.29996 6.543222
-3.27996 13.248197
-3.25996 15.060459
-3.23996 14.284741
-3.21996 11.753435
-3.19996 8.827299
-3.17996 6.896183
-3.15996 7.879779
-3.13996 12.728392
-3.11996 19.07627
-3.09996 2.0202706
-3.07996 18.05662
-3.05996 17.992104
-3.03996 18.450195
-3.01996 0.36332983
-2.99996 7.3791513
-2.97996 1.5481877
-2.95996 13.090165
-2.93996 6.990027
-2.91996 21.306454
-2.89996 11.152649
-2.87996 16.598827
-2.85996 5.328947
-2.83996 15.649956
-2.81996 16.430067
-2.79996 8.896132
-2.77996 4.0137577
-2.75996 19.974482
-2.73996 4.2792964
-2.71996 11.933744
-2.69996 17.259909
-2.67996 10.790124
-2.65996 12.644692
-2.63996 16.62905
-2.61996 10.07745
-2.59996 10.935672
-2.57996 10.818196
-2.55996 10.749044
-2.53996 13.751288
-2.51996 17.7451
-2.49996 18.724379
-2.47996 14.401692
-2.45996 0.2978824
-2.43996 15.292328
-2.41996 12.455507
-2.39996 2.9491112
-2.37996 2.1818788
-2.35996 13.23533
-2.33996 1.71836
-2.31996 3.0862505
-2.29996 10.830468
-2.27996 2.1759481
-2.25996 4.823818
-2.23996 1.2792417
-2.21996 4.684213
-2.19996 8.18242
-2.17996 5.217516
-2.15996 9.325354
-2.13996 2.3186061
-2.11996 7.7095985
-2.09996 0.89628196
-2.07996 16.141294
-2.05996 3.0395088
-2.03996 20.04931
-2.01996 3.8127697
-1.99996 6.3902006
-1.97996 13.513374
-1.95996 4.695236
-1.93996 34.270294
-1.91996 22.977158
-1.89996 2.5107155
-1.87996 41.247272
-1.85996 21.441668
-1.83996 43.32046
-1.81996 35.265907
-1.79996 13.042527
-1.77996 7.1931357
-1.75996 11.88264
-1.73996 16.192598
-1.71996 8.93247
-1.69996 16.594921
-1.67996 40.87644
-1.65996 31.064566
-1.63996 27.85053
-1.61996 31.941046
-1.59996 35.379704
-1.57996 28.007494
-1.55996 34.9324
-1.53996 1.194866
-1.51996 0.95763314
-1.49996 5.0973444
-1.47996 0.53615993
-1.45996 4.6989045
-1.43996 3.1051393
-1.41996 0.53834933
-1.39996 5.412173
-1.37996 1.0459563
-1.35996 3.7964551
-1.33996 6.605019
-1.31996 2.1393237
-1.29996 1.1289566
-1.27996 6.861235
-1.25996 4.674896
-1.23996 7.8455086
-1.21996 3.0056307
-1.19996 2.9719775
-1.17996 5.1747546
-1.15996 7.0233274
-1.13996 6.3816147
-1.11996 1.4829319
-1.09996 7.1312537
-1.07996 5.7980742
-1.05996 5.830899
-1.03996 5.8389096
-1.01996 6.1375837
-0.999961 5.373051
-0.979961 6.390493
-0.959961 7.5425186
-0.939961 8.2235565
-0.919961 9.510628
-0.899961 7.3032393
-0.879961 2.3171
-0.859962 2.4912376
-0.839962 9.049297
-0.819962 0.90597284
-0.799962 4.377923
-0.779962 5.335778
-0.759962 6.015102
-0.739962 3.633885
-0.719962 0.6781914
-0.699962 7.7627287
-0.679962 5.4118223
-0.659962 8.832153
-0.639962 4.2994394
-0.619962 4.3971114
-0.599962 8.855262
-0.579962 5.959439
-0.559962 6.176668
-0.539962 2.9801047
-0.519962 6.561361
-0.499962 7.152677
-0.479962 3.018721
-0.459962 12.446438
-0.439962 1.4577484
-0.419962 23.199062
-0.399962 21.376469
-0.379962 6.623566
-0.359962 1.9613001
-0.339962 14.651129
-0.319962 15.5948925
-0.299962 2.1787777
-0.279962 15.681438
-0.259962 15.145387
-0.239962 3.596374
-0.219962 3.5923412
-0.199962 2.0314872
-0.179962 8.278189
-0.159962 13.814748
-0.139962 45.66528
-0.119962 62.127647
-0.0999617 9.830105
-0.0799617 9.258647
-0.0599617 1.8561254
-0.0399617 13.723768
-0.0199617 27.106386
3.82662E-5 0.005134104
0.0200383 9.450571
0.0400383 6.429578
0.0600383 4.3861957
0.0800383 6.361377
0.100038 30.225845
0.120038 81.68151
0.140038 13.62683
0.160038 46.48634
0.180038 16.807438
0.200038 6.8776336
0.220038 30.852144
0.240038 6.164584
0.260038 12.319571
0.280038 1.7043208
0.300038 10.729253
0.320038 20.27012
0.340038 14.583369
0.360038 7.36023
0.380038 6.618314
0.400038 4.652322
0.420038 23.320833
0.440038 10.148147
0.460038 4.101426
0.480038 5.484513
0.500038 0.4763263
0.520038 3.6822586
0.540038 5.332374
0.560038 3.7917943
0.580038 4.0151
0.600038 9.644733
0.620038 2.3737283
0.640038 2.8113449
0.660038 9.037446
0.680038 6.5573177
0.700038 8.532588
0.720038 1.3778763
0.740038 1.7775753
0.760038 7.795259
0.780038 1.6225235
0.800038 2.061115
0.820038 6.471432
0.840038 1.5868182
0.860038 2.5816414
0.880038 4.8167014
0.900038 1.5092709
0.920038 2.2297695
0.940038 6.697349
0.960038 6.185814
0.980038 2.3409781
1.00004 9.813296
1.02004 12.21949
1.04004 6.0092773
1.06004 8.141976
1.08004 9.93236
1.10004 11.488667
1.12004 11.600814
1.14004 8.908249
1.16004 10.544196
1.18004 6.7967367
1.20004 12.028026
1.22004 6.645559
1.24004 5.0775814
1.26004 11.1387415
1.28004 4.4595575
1.30004 4.81342
1.32004 7.5368743
1.34004 7.4150186
1.36004 5.1752005
1.38004 3.827134
1.40004 3.277009
1.42004 3.9122505
1.44004 5.705637
1.46004 8.068566
1.48004 9.854623
1.50004 8.671886
1.52004 2.652164
1.54004 4.8204346
1.56004 20.645885
1.58004 3.0958107
1.60004 14.896551
1.62004 33.648956
1.64004 41.713055
1.66004 20.398045
1.68004 33.33228
1.70004 21.088495
1.72004 7.4195313
1.74004 17.592134
1.76004 7.6370254
1.78004 1.1661669
1.80004 22.787811
1.82004 36.3319
1.84004 25.680271
1.86004 45.020264
1.88004 23.95315
1.90004 24.957575
1.92004 1.8425773
1.94004 22.58956
1.96004 24.714212
1.98004 38.85766
2.00004 13.604899
2.02004 20.323755
2.04004 1.1454077
2.06004 19.038609
2.08004 4.9644456
2.10004 19.026083
2.12004 11.761572
2.14004 20.358753
2.16004 7.803425
2.18004 21.45408
2.20004 18.283337
2.22004 19.36055
2.24004 12.556972
2.26004 8.189608
2.28004 10.03159
2.30004 22.248594
2.32004 7.4018397
2.34004 11.451016
2.36004 4.24288
2.38004 6.085212
2.40004 4.607103
2.42004 5.096046
2.44004 22.11262
2.46004 5.350877
2.48004 9.411315
2.50004 23.069206
2.52004 21.4569
2.54004 10.6603
2.56004 13.231148
2.58004 12.57244
2.60004 9.765569
2.62004 9.480431
2.64004 16.663782
2.66004 13.161706
2.68004 11.84859
2.70004 18.72915
2.72004 9.941364
2.74004 6.7851973
2.76004 17.464455
2.78004 0.5087863
2.80004 12.887081
2.82004 20.990065
2.84004 21.30292
2.86004 10.834983
2.88004 10.6420355
2.90004 4.753075
2.92004 14.47189
2.94004 0.33178598
2.96004 5.5107512
2.98004 9.541468
3.00004 1.0208488
3.02004 9.163061
3.04004 9.25757
3.06004 14.429064
3.08004 8.002758
3.10004 8.405743
3.12004 8.284348
3.14004 18.11989
3.16004 19.385313
3.18004 18.74968
3.20004 21.065939
3.22004 17.802174
3.24004 14.938748
3.26004 13.836304
3.28004 15.32712
3.30004 21.71582
3.32004 8.719942
3.34004 9.771184
3.36004 6.085106
3.38004 12.08814
3.40004 8.061658
3.42004 7.6467814
3.44004 5.755698
3.46004 5.8192344
3.48004 9.619333
3.50004 1.3771915
3.52004 4.732914
3.54004 13.029203
3.56004 11.662484
3.58004 9.314519
3.60004 9.864106
3.62004 10.070123
3.64004 7.062826
3.66004 19.7935
3.68004 12.611054
3.70004 19.335346
3.72004 0.15975338
3.74004 4.324698
3.76004 5.0576525
3.78004 14.502031
3.80004 21.797432
3.82004 17.607422
3.84004 2.1964011
3.86004 19.31462
3.88004 15.301505
3.90004 16.429077
3.92004 16.641579
3.94004 0.66772777
3.96004 20.211863
3.98004 8.493178
4.00004 0.10612664
4.02004 1.9879872
4.04004 1.9671161
4.06004 0.35597715
4.08004 2.5385034
4.10004 6.414818
4.12004 10.02324
4.14004 5.066688
4.16004 0.24853453
4.18004 5.3914576
4.20004 9.835977
4.22004 7.1892505
4.24004 4.200905
4.26004 2.4611006
4.28004 2.2274847
4.30003 2.477175
4.32003 6.0204544
4.34003 9.183154
4.36003 1.1429754
4.38003 9.627642
4.40003 2.6114008
4.42003 1.4628562
4.44003 2.1200755
4.46003 0.86108804
4.48003 7.6983438
4.50003 2.6441598
4.52003 8.455767
4.54003 9.77924
4.56003 6.660698
4.58003 1.6004544
4.60003 6.2984095
4.62003 8.9130745
4.64003 6.0524254
4.66003 2.4716198
4.68003 4.155836
4.70003 4.75261
4.72003 0.86061674
4.74003 8.139644
4.76003 10.579635
4.78003 6.538302
4.80003 4.694356
4.82003 1.7006191
4.84003 5.9356723
4.86003 3.1897342
4.88003 5.017306
4.90003 0.8588428
4.92003 6.4077682
4.94003 5.66594
4.96003 3.23325
4.98003 0.56351286
5.00003 4.088263
5.02003 3.6690845
5.04003 2.9453335
5.06003 6.8976626
5.08003 4.4960117
5.10003 9.51618
5.12003 6.4932294
5.14003 9.845551
5.16003 4.095796
5.18003 6.6937237
5.20003 1.9271421
5.22003 0.64397156
5.24003 10.335699
5.26003 9.882991
5.28003 0.8317832
5.30003 0.9589565
5.32003 9.456157
5.34003 9.266229
5.36003 1.3898536
5.38003 2.1216447
5.40003 7.212834
5.42003 5.7570653
5.44003 6.8439856
5.46003 9.943901
5.48003 3.1448314
5.50003 8.0475235
5.52003 3.2513397
5.54003 10.895713
5.56003 7.703034
5.58003 3.8570626
5.60003 3.481937
5.62003 8.9212055
5.64003 8.5560875
5.66003 7.176503
5.68003 6.7919116
5.70003 8.373408
5.72003 2.518768
5.74003 4.970225
5.76003 1.1845629
5.78003 5.637769
5.80003 4.0483594
5.82003 5.429527
5.84003 1.9366928
5.86003 6.644045
5.88003 1.7764848
5.90003 2.6519556
5.92003 4.441566
5.94003 1.8210099
5.96003 0.76381123
5.98003 8.03998
6.00003 3.2681124
6.02003 5.8492527
6.04003 5.2870307
6.06003 9.210281
6.08003 5.9891677
6.10003 4.3085017
6.12003 0.6157665
6.14003 3.866501
6.16003 7.0045986
6.18003 9.937971
6.20003 8.369487
6.22003 1.0101128
6.24003 3.7353716
6.26003 2.1673203
6.28003 5.9036355
6.30003 0.35697335
6.32003 0.45900965
6.34003 6.0143476
6.36003 2.4946458
6.38003 4.5430403
6.40003 0.6872007
6.42003 9.517181
6.44003 4.5150805
6.46003 5.752124
6.48003 8.075416
6.50003 4.7293715
6.52003 2.6140192
6.54003 6.27668
6.56003 5.3338866
6.58003 9.73168
6.60003 9.173328
6.62003 6.558409
6.64003 4.237574
6.66003 0.4870503
6.68003 0.21994598
6.70003 6.311342
6.72003 3.2595434
6.74003 7.538855
6.76003 6.3222127
6.78003 0.15471649
6.80003 9.852124
6.82003 6.5839386
6.84003 7.0885944
6.86003 8.131254
6.88003 2.381782
6.90003 3.1644337
6.92003 3.811566
6.94003 0.649183
6.96003 9.67707
6.98003 2.7318022
7.00003 0.27353197
7.02003 2.5128505
7.04003 9.660782
7.06003 0.17877728
7.08003 4.4712906
7.10003 4.577134
7.12003 0.4260545
7.14003 8.44505
7.16003 0.49968088
7.18003 2.7982666
7.20003 1.7345089
7.22003 3.4056206
7.24003 7.912833
7.26003 6.025548
7.28003 3.1865497
7.30003 4.267903
7.32003 9.773052
7.34003 1.5996581
7.36003 8.883018
7.38003 8.89053
7.40003 9.68888
7.42003 6.519736
7.44003 2.233247
7.46003 6.083282
7.48003 10.24989
7.50003 9.702296
7.52003 7.756218
7.54003 0.6554944
7.56003 10.224931
7.58003 3.8558238
7.60003 1.2082508
7.62003 2.2535725
7.64003 6.9634414
7.66003 5.690203
7.68003 6.264863
7.70003 1.0511451
7.72003 0.8585758
7.74003 0.75875556
7.76003 5.8764644
7.78003 6.2818565
7.80003 5.741477
7.82003 0.20300414
7.84003 1.6891552
7.86003 0.46037412
7.88003 4.114225
7.90003 8.740232
7.92003 2.4516222
7.94003 3.834598
7.96003 7.1230435
7.98003 6.9376287
8.00003 1.8933247
8.02003 1.3801447
8.04003 4.379324
8.06003 2.0362267
8.08003 0.6192839
8.10003 1.5921227
8.12003 1.1735588
8.14003 0.90529704
8.16004 4.33072
8.18004 1.2215732
8.20004 5.1463556
8.22004 2.8913455
8.24004 1.7852223
8.26004 2.2457287
8.28004 4.1664753
8.30004 3.1166103
8.32004 1.665001
8.34004 2.6522994
8.36004 4.949936
8.38004 3.3085544
8.40004 3.1919212
8.42004 4.437331
8.44004 3.436933
8.46004 0.5318632
8.48004 4.638081
8.50004 2.0164015
8.52004 0.61157405
8.54004 1.8084158
8.56004 1.6945561
8.58004 0.2655949
8.60005 2.3092802
8.62005 4.1978903
8.64005 1.0833374
8.66005 2.8822148
8.68005 4.92323
8.70005 3.4648914
8.72005 3.2604604
8.74005 4.275546
8.76005 3.972246
8.78005 0.5169235
8.80005 4.159034
8.82005 0.35300544
8.84005 3.7856066
8.86005 4.452969
8.88005 3.3800704
8.90005 3.462801
8.92005 4.7184234
8.94005 3.2606008
8.96005 0.2929054
8.98005 4.971756
9.00005 0.29304147
9.02005 3.275077
9.04006 4.7764306
9.06006 3.4446306
9.08006 3.2017767
9.10006 4.0528135
9.12006 4.3724613
9.14006 1.3548805
9.16006 2.7473035
9.18006 2.4714172
9.20006 3.7556193
9.22006 0.5232249
9.24006 1.5270239
9.26006 2.675001
9.28006 2.7792149
9.30006 1.7442296
9.32006 0.1963607
9.34006 3.2632968
9.36006 3.2771
9.38006 1.6712108
9.40006 2.7505348
9.42006 4.179
9.44006 1.7259666
9.46006 0.11199195
9.48007 0.5179067
9.50007 0.18825349
9.52007 1.2125014
9.54007 3.4502983
9.56007 3.7525272
9.58007 0.36988145
9.60007 4.959864
9.62007 1.0133184
9.64007 2.4556177
9.66007 5.0186553
9.68007 3.7148538
9.70007 2.9681919
9.72007 3.0069242
9.74007 4.054595
9.76007 4.4983134
9.78007 1.8029991
9.80007 1.9059383
9.82007 4.0224457
9.84007 1.3021674
9.86007 2.8959167
9.88007 4.2735386
9.90007 1.6600857
9.92008 0.08177548
9.94008 0.87047917
9.96008 0.95710814
9.98008 0.07662862
