-0.998 0.8664584755897522
-0.99600005 2.467539805918932
-0.9940001 0.9845266342163086
-0.9920001 0.9908909276127815
-0.9900001 1.7379625216126442
-0.98800015 1.236044880002737
-0.9860002 0.5857421047985554
-0.9840002 1.0461040288209915
-0.98200023 1.392168752849102
-0.98000026 0.053549624979496
-0.9780003 0.5192809700965881
-0.9760003 1.8182438053190708
-0.97400033 0.08862374722957611
-0.97200036 0.3835269883275032
-0.9700004 0.19238147884607315
-0.9680004 1.0729728788137436
-0.96600044 1.4704752564430237
-0.96400046 0.9220510795712471
-0.9620005 0.9368202835321426
-0.9600005 0.9458309859037399
-0.95800054 0.1321587972342968
-0.95600057 0.688574530184269
-0.9540006 0.8624311089515686
-0.9520006 0.13920378684997559
-0.95000064 0.06084232032299042
-0.94800067 0.8812848404049873
-0.9460007 0.06469669193029404
-0.9440007 0.2969408482313156
-0.94200075 1.7455833293497562
-0.9400008 0.7104387320578098
-0.9380008 1.3080807887017727
-0.9360008 0.5107453428208828
-0.93400085 0.9830648601055145
-0.9320009 0.2884956896305084
-0.9300009 0.5787096656858921
-0.9280009 0.28836070746183395
-0.92600095 0.40646127611398697
-0.924001 0.30088863521814346
-0.922001 0.5868482664227486
-0.92000103 0.6967753991484642
-0.91800106 0.21501562371850014
-0.9160011 1.236980427056551
-0.9140011 0.03527142107486725
-0.91200113 0.20965896546840668
-0.91000116 1.4572065100073814
-0.9080012 0.2803472802042961
-0.9060012 0.6835603229701519
-0.90400124 0.9349406734108925
-0.90200126 1.6098350882530212
-0.9000013 1.4227030575275421
-0.8980013 1.0901595950126648
-0.89600134 0.8011264316737652
-0.89400136 0.5092549175024033
-0.8920014 1.195360541343689
-0.8900014 1.0455733463168144
-0.88800144 1.0279302634298801
-0.88600147 0.06842196732759476
-0.8840015 1.2991145625710487
-0.8820015 1.3812409117817879
-0.88000154 1.0948609933257103
-0.8780016 0.015685975551605225
-0.8760016 0.18545815721154213
-0.8740016 0.39235324040055275
-0.87200165 0.17368348315358162
-0.8700017 0.20714790746569633
-0.8680017 0.27365805208683014
-0.8660017 1.022121250629425
-0.86400175 1.1561424285173416
-0.8620018 1.5917396172881126
-0.8600018 0.17358333989977837
-0.8580018 0.8913561776280403
-0.85600185 0.9483580179512501
-0.8540019 0.5719085969030857
-0.8520019 0.8294686377048492
-0.85000193 0.23277482390403748
-0.84800196 2.4693576730787754
-0.846002 1.106552965939045
-0.844002 0.7389370128512383
-0.84200203 0.5412941500544548
-0.84000206 1.7300199642777443
-0.8380021 0.16463535279035568
-0.8360021 0.9189266581088305
-0.83400214 0.8973152860999107
-0.83200216 0.0880152266472578
-0.8300022 0.9424673169851303
-0.8280022 0.012158988043665886
-0.82600224 0.7785146906971931
-0.82400227 0.9840714856982231
-0.8220023 0.2230889704078436
-0.8200023 0.25563982129096985
-0.81800234 2.224217675626278
-0.81600237 0.6292241681367159
-0.8140024 1.5544331204146147
-0.8120024 1.215649239718914
-0.81000245 0.9557916410267353
-0.8080025 1.240209948271513
-0.8060025 0.6522197090089321
-0.8040025 0.8888446781784296
-0.80200255 0.7567543778568506
-0.8000026 0.16838613152503967
-0.7980026 2.1382414046674967
-0.7960026 0.2206529974937439
-0.79400265 0.2998722232878208
-0.7920027 1.0631978511810303E-4
-0.7900027 0.26829996705055237
-0.7880027 1.57982886582613
-0.78600276 0.49223021790385246
-0.7840028 0.3564519714564085
-0.7820028 1.7495157178491354
-0.78000283 0.6010588202625513
-0.77800286 1.061899783089757
-0.7760029 2.0662597846239805
-0.7740029 2.616652838885784
-0.77200294 0.7817676849663258
-0.77000296 1.6944332253187895
-0.768003 0.549663545563817
-0.766003 1.6027787160128355
-0.76400304 2.167597832158208
-0.76200306 1.614700946956873
-0.7600031 2.3697566650807858
-0.7580031 0.9119124505668879
-0.75600314 0.7722447607666254
-0.75400317 1.53226631693542
-0.7520032 1.8224879764020443
-0.7500032 3.3210327718406916
-0.74800324 3.7522998228669167
-0.74600327 0.8856759592890739
-0.7440033 0.5342929624021053
-0.7420033 3.5538285076618195
-0.74000335 0.8413489125669003
-0.7380034 2.334191920235753
-0.7360034 3.008887881413102
-0.7340034 2.880117677152157
-0.73200345 1.999705908820033
-0.7300035 4.4556478932499886
-0.7280035 2.371169075369835
-0.7260035 2.9038155768066645
-0.72400355 3.244574585929513
-0.7220036 1.6170234568417072
-0.7200036 3.276506334543228
-0.71800363 2.5093372501432896
-0.71600366 5.632028644904494
-0.7140037 1.9905443377792835
-0.7120037 2.959576014429331
-0.71000373 3.941842306405306
-0.70800376 5.367409635335207
-0.7060038 4.306966019794345
-0.7040038 3.598477190360427
-0.70200384 4.998883603140712
-0.70000386 3.9751121662557125
-0.6980039 5.969838961958885
-0.6960039 1.4020538944751024
-0.69400394 4.6676086112856865
-0.69200397 2.139748327434063
-0.690004 4.169628085568547
-0.688004 3.0868140440434217
-0.68600404 2.199770297855139
-0.68400407 2.7963317465037107
-0.6820041 1.1441634856164455
-0.6800041 2.4912072140723467
-0.67800415 3.0661150608211756
-0.6760042 1.0786713045090437
-0.6740042 0.7202023714780807
-0.6720042 4.163975510746241
-0.67000425 1.5655865352600813
-0.6680043 3.063336977735162
-0.6660043 2.778601037338376
-0.6640043 1.816182617098093
-0.66200435 2.2646628245711327
-0.6600044 1.1967381853610277
-0.6580044 1.6695499364286661
-0.6560044 2.725004632025957
-0.65400445 0.390086367726326
-0.6520045 0.6771608889102936
-0.6500045 0.5842718183994293
-0.64800453 0.09542929194867611
-0.64600456 1.1808911841362715
-0.6440046 0.20256279222667217
-0.6420046 0.8886360805481672
-0.64000463 0.38510596193373203
-0.63800466 1.204768393188715
-0.6360047 1.2530959211289883
-0.6340047 1.4233536031097174
-0.63200474 0.5968345645815134
-0.63000476 0.3569101970642805
-0.6280048 1.4201524071395397
-0.6260048 1.774756345897913
-0.62400484 1.5425499975681305
-0.62200487 2.5483045671135187
-0.6200049 0.39388246089220047
-0.6180049 2.5196113232523203
-0.61600494 2.082127219066024
-0.61400497 0.07691482454538345
-0.612005 0.2773170433938503
-0.610005 1.4469507988542318
-0.60800505 0.33988358452916145
-0.6060051 0.7008059453219175
-0.6040051 0.26520004868507385
-0.6020051 1.759504398331046
-0.60000515 0.09872514382004738
-0.5980052 0.3993420097976923
-0.5960052 0.9539650529623032
-0.5940052 0.2569822110235691
-0.59200525 0.008042138069868088
-0.5900053 0.8343263939023018
-0.5880053 0.4515329133719206
-0.58600533 1.50317089445889
-0.58400536 0.6411168240010738
-0.5820054 1.509661940857768
-0.5800054 0.745641153305769
-0.57800543 0.021440822631120682
-0.57600546 0.16928599402308464
-0.5740055 0.08268224075436592
-0.5720055 0.15338503569364548
-0.57000554 0.7800016086548567
-0.56800556 0.6321224272251129
-0.5660056 0.671014117076993
-0.5640056 0.08181809447705746
-0.56200564 0.051277875900268555
-0.56000566 0.6685766894370317
-0.5580057 0.6288683842867613
-0.5560057 0.6024652421474457
-0.55400574 0.18789242208003998
-0.55200577 1.5445000417530537
-0.5500058 2.0060991514474154
-0.5480058 0.8942935541272163
-0.54600585 0.37070426158607006
-0.5440059 0.3229292444884777
-0.5420059 0.5212407037615776
-0.5400059 0.3491988070309162
-0.53800595 0.4399622157216072
-0.536006 0.251555971801281
-0.534006 0.27935888431966305
-0.532006 0.9862990491092205
-0.53000605 1.0600593388080597
-0.5280061 1.5385408252477646
-0.5260061 0.7148570362478495
-0.5240061 0.6506403032690287
-0.52200615 0.8987506218254566
-0.5200062 0.09858030080795288
-0.5180062 0.09970572218298912
-0.51600623 0.5572284981608391
-0.51400626 1.0806518755853176
-0.5120063 0.37007407285273075
-0.5100063 0.8714509289711714
-0.50800633 0.8505933880805969
-0.50600636 0.22728506848216057
-0.5040064 0.3142387568950653
-0.5020064 0.3508705459535122
-0.50000644 0.46347393095493317
-0.49800643 1.3204806931316853
-0.49600643 0.2158239595592022
-0.49400643 0.7978154085576534
-0.49200642 0.25878871977329254
-0.49000642 0.20153333619236946
-0.4880064 1.3761438392102718
-0.4860064 0.0508548729121685
-0.4840064 0.9956011474132538
-0.4820064 1.008528109639883
-0.4800064 0.8281127735972404
-0.4780064 0.22123694978654385
-0.4760064 0.0607067234814167
-0.47400638 0.27292414009571075
-0.47200638 1.6771283615380526
-0.47000638 0.45855020359158516
-0.46800637 0.1403478868305683
-0.46600637 0.24547572061419487
-0.46400636 0.3291625678539276
-0.46200636 0.8177813403308392
-0.46000636 0.5875895414501429
-0.45800635 0.1917807161808014
-0.45600635 0.305451987311244
-0.45400634 1.2450137455016375
-0.45200634 0.6674503311514854
-0.45000634 0.8957406748086214
-0.44800633 0.26779009960591793
-0.44600633 1.2126499209553003
-0.44400632 0.20155088603496552
-0.44200632 1.6504207830876112
-0.44000632 1.3021664023399353
-0.4380063 0.6995780412107706
-0.4360063 2.17698179371655
-0.4340063 0.6354857347905636
-0.4320063 0.8873468488454819
-0.4300063 0.3657505288720131
-0.4280063 1.4151597060263157
-0.4260063 1.6462350003421307
-0.42400628 0.3350748773664236
-0.42200628 1.0725277699530125
-0.42000628 0.5342503879219294
-0.41800627 1.5632346514612436
-0.41600627 0.5732758846133947
-0.41400626 0.4585656225681305
-0.41200626 0.32844110764563084
-0.41000625 0.7868755403906107
-0.40800625 0.6251143123954535
-0.40600625 0.9982363283634186
-0.40400624 0.229541203007102
-0.40200624 0.38384028151631355
-0.40000623 0.2844780161976814
-0.39800623 0.9224570617079735
-0.39600623 1.7518002074211836
-0.39400622 0.2304186001420021
-0.39200622 0.17993693239986897
-0.3900062 0.013723831623792648
-0.3880062 0.8016550876200199
-0.3860062 0.07074584439396858
-0.3840062 0.6556406673043966
-0.3820062 0.8577478341758251
-0.3800062 1.019381020218134
-0.3780062 0.37213646806776524
-0.3760062 0.1739932168275118
-0.37400618 0.15199965983629227
-0.37200618 1.0595019683241844
-0.37000617 0.3974671568721533
-0.36800617 0.6701690815389156
-0.36600617 0.38514795154333115
-0.36400616 1.946829603984952
-0.36200616 0.1881900615990162
-0.36000615 0.30730875581502914
-0.35800615 0.06926190294325352
-0.35600615 0.5817617066204548
-0.35400614 0.7866978719830513
-0.35200614 0.07486274093389511
-0.35000613 0.021466024219989777
-0.34800613 0.9670850951224566
-0.34600613 1.2239008601754904
-0.34400612 1.7490356545895338
-0.34200612 0.4954943209886551
-0.3400061 0.5620318930596113
-0.3380061 0.5020415745675564
-0.3360061 0.8553041331470013
-0.3340061 0.1887866724282503
-0.3320061 0.055778831243515015
-0.3300061 0.016276637092232704
-0.3280061 0.36713212355971336
-0.32600608 0.5292990058660507
-0.32400608 0.09745439328253269
-0.32200608 0.9166938811540604
-0.32000607 0.9990960955619812
-0.31800607 0.5746643822640181
-0.31600606 0.9341000374406576
-0.31400606 1.1070780120790005
-0.31200606 0.47349604219198227
-0.31000605 0.7769377119839191
-0.30800605 0.5547632779926062
-0.30600604 0.12052856758236885
-0.30400604 0.6058161873370409
-0.30200604 0.14021080918610096
-0.30000603 0.11312109790742397
-0.29800603 1.247880605980754
-0.29600602 0.37686153687536716
-0.29400602 0.410463010892272
-0.29200602 0.0055780597031116486
-0.290006 0.1978543233126402
-0.288006 0.19179088808596134
-0.286006 0.4358739033341408
-0.284006 0.6932247839868069
-0.282006 1.1946024615317583
-0.280006 0.5562886819243431
-0.278006 0.6035171076655388
-0.27600598 0.664720818400383
-0.27400598 0.005356527864933014
-0.27200598 0.001609044149518013
-0.27000597 0.027836201712489128
-0.26800597 0.4565909318625927
-0.26600596 0.34135692194104195
-0.26400596 0.003000989556312561
-0.26200595 1.8569328635931015
-0.26000595 0.585987875238061
-0.25800595 0.5540170650929213
-0.25600594 1.1231940258294344
-0.25400594 0.3459646515548229
-0.25200593 0.4945791270583868
-0.25000593 0.9653862901031971
-0.24800593 0.8054398633539677
-0.24600592 0.09501773491501808
-0.24400592 0.47566232830286026
-0.24200591 0.9615212846547365
-0.24000591 0.5175875555723906
-0.2380059 0.5034074652940035
-0.2360059 1.7944434229284525
-0.2340059 1.0455725621432066
-0.2320059 0.05604371428489685
-0.23000589 0.8260986637324095
-0.22800589 0.583104370161891
-0.22600588 0.3516437541693449
-0.22400588 0.3458979055285454
-0.22200587 0.002486336976289749
-0.22000587 0.9475574437528849
-0.21800587 0.5131918862462044
-0.21600586 1.0340812522917986
-0.21400586 1.152505449950695
-0.21200585 0.29324499517679214
-0.21000585 1.2863428704440594
-0.20800585 0.4535342063754797
-0.20600584 0.13987409509718418
-0.20400584 0.28309631161391735
-0.20200583 0.07449220307171345
-0.20000583 0.5887116007506847
-0.19800583 0.18247260712087154
-0.19600582 0.21478250809013844
-0.19400582 0.04690716043114662
-0.19200581 1.0423406213521957
-0.19000581 0.43322495371103287
-0.1880058 0.011929148808121681
-0.1860058 1.3237728923559189
-0.1840058 0.0033521968871355057
-0.1820058 1.3436347041279078
-0.18000579 1.0733145475387573
-0.17800578 0.5706543456763029
-0.17600578 0.21591101586818695
-0.17400578 0.3913075942546129
-0.17200577 0.5189947169274092
-0.17000577 1.8710757177323103
-0.16800576 0.05052655749022961
-0.16600576 0.10600860975682735
-0.16400576 1.2676801271736622
-0.16200575 0.22184749133884907
-0.16000575 0.030193353071808815
-0.15800574 0.6268390715122223
-0.15600574 0.16940395534038544
-0.15400574 1.2575062941759825
-0.15200573 1.489094303920865
-0.15000573 0.46047186851501465
-0.14800572 0.7663240917026997
-0.14600572 2.5730766355991364E-4
-0.14400572 0.24774879403412342
-0.14200571 0.3861699737608433
-0.14000571 0.8270587306469679
-0.1380057 0.016553493216633797
-0.1360057 0.7301662210375071
-0.1340057 0.10216565243899822
-0.13200569 0.102192347869277
-0.13000569 0.07552163302898407
-0.12800568 0.9445581454783678
-0.12600568 0.25905121117830276
-0.12400568 0.22609370574355125
-0.122005686 0.07479439675807953
-0.12000569 0.08500760979950428
-0.11800569 0.5999853946268559
-0.1160057 0.014465231448411942
-0.1140057 0.07018039375543594
-0.1120057 0.7066089175641537
-0.11000571 0.06087295152246952
-0.10800571 0.7321868818253279
-0.10600571 0.4600334484130144
-0.10400572 0.2320539467036724
-0.10200572 0.319815581664443
-0.10000572 0.24180345609784126
-0.09800573 0.6580118741840124
-0.09600573 1.6905276142060757
-0.094005734 1.459465615451336
-0.09200574 0.08301235735416412
-0.09000574 0.32253095135092735
-0.088005744 0.3572946097701788
-0.08600575 0.23514846339821815
-0.08400575 0.578066848218441
-0.082005754 0.026836762204766273
-0.08000576 0.15737517550587654
-0.07800576 0.08056584745645523
-0.076005764 1.5826887618750334
-0.07400577 0.7537575215101242
-0.07200577 0.030019216239452362
-0.070005774 0.34587910398840904
-0.06800578 0.20030218176543713
-0.06600578 0.48845499008893967
-0.064005785 1.5077902488410473
-0.062005784 0.09398391097784042
-0.060005784 0.16779238916933537
-0.058005784 0.02210417203605175
-0.056005783 0.47553314827382565
-0.054005783 0.3489671405404806
-0.052005783 0.46548740938305855
-0.050005782 0.6502883806824684
-0.048005782 0.7305975891649723
-0.04600578 0.4644041731953621
-0.04400578 0.1036625113338232
-0.04200578 0.35432889871299267
-0.04000578 0.3818399515002966
-0.03800578 0.34999655187129974
-0.03600578 0.42104279063642025
-0.03400578 0.7557447515428066
-0.03200578 0.5134691651910543
-0.03000578 0.2954762000590563
-0.028005779 0.14214732125401497
-0.026005778 1.2017967645078897
-0.024005778 1.1653184983879328
-0.022005778 0.7256226874887943
-0.020005777 0.42252013087272644
-0.018005777 0.4173652958124876
-0.016005777 0.05669653043150902
-0.0140057765 0.29057438112795353
-0.012005776 0.2954990454018116
-0.010005776 0.2753146309405565
-0.0080057755 0.17279419489204884
-0.006005775 0.5341227650642395
-0.004005775 0.006012933328747749
-0.0020057748 0.2236182987689972
-5.7746656E-6 7.057562470436096E-5
0.0019942254 0.3228268828243017
0.0039942255 0.192405603826046
0.005994226 0.9123255033046007
0.007994226 0.43035460263490677
0.0099942265 0.3447820898145437
0.011994227 0.18846778012812138
0.013994227 0.49394855462014675
0.015994227 0.14942283928394318
0.017994227 0.4125588610768318
0.019994227 0.3369073588401079
0.021994228 0.2244353350251913
0.023994228 0.37865814194083214
0.025994228 0.1047949530184269
0.027994229 0.2900755889713764
0.029994229 0.49685954488813877
0.031994227 0.10240192152559757
0.033994228 0.5496786497533321
0.035994228 0.43244655430316925
0.03799423 0.5913467593491077
0.03999423 0.8656214866787195
0.04199423 0.09303541108965874
0.04399423 0.10979687236249447
0.04599423 1.7504789214581251
0.04799423 0.15205977484583855
0.04999423 0.7667542342096567
0.05199423 0.7355873864144087
0.05399423 0.182204132899642
0.05599423 0.39830240420997143
0.05799423 0.2069758977741003
0.059994232 0.5708746649324894
0.061994232 0.11662202887237072
0.06399423 0.3059695903211832
0.065994225 0.8776097409427166
0.06799422 0.398093881085515
0.06999422 0.15985082276165485
0.071994215 0.06590879522264004
0.07399421 0.017915261909365654
0.07599421 1.0839042216539383
0.077994205 0.34078729897737503
0.0799942 0.14452376030385494
0.0819942 0.2677404638379812
0.083994195 0.0770136509090662
0.08599419 0.0027550719678401947
0.08799419 0.39786832965910435
0.089994185 0.002566389739513397
0.09199418 0.6888017617166042
0.09399418 0.3575243819504976
0.095994174 0.11268896423280239
0.09799417 0.15998625569045544
0.09999417 0.05544636771082878
0.101994164 0.45161611773073673
0.10399416 0.2244050744920969
0.10599416 0.2476638425141573
0.107994154 0.6068599503487349
0.10999415 0.5304341185837984
0.11199415 0.47304518334567547
0.113994144 0.24787456914782524
0.11599414 0.5560845397412777
0.11799414 0.3121494799852371
0.11999413 0.3742623161524534
0.12199413 0.40180149115622044
0.12399413 1.1627298630774021
0.12599413 0.03287665173411369
0.12799414 0.37244362384080887
0.12999414 0.4425886385142803
0.13199414 0.05648282915353775
0.13399415 0.04909682832658291
0.13599415 0.0016607902944087982
0.13799416 1.503198940306902
0.13999416 0.11856425739824772
0.14199416 0.45244150049984455
0.14399417 0.08539278618991375
0.14599417 0.6058715414255857
0.14799418 0.6038493197411299
0.14999418 0.32915932312607765
0.15199418 0.6000718008726835
0.15399419 0.6142122745513916
0.15599419 0.22471371293067932
0.1579942 0.4853551909327507
0.1599942 1.1448104120790958
0.1619942 0.15234752371907234
0.16399421 0.9049401413649321
0.16599421 0.20218638889491558
0.16799422 0.7755814772099257
0.16999422 0.5764040071517229
0.17199422 0.24359085224568844
0.17399423 0.3860556036233902
0.17599423 0.07354722358286381
0.17799424 0.006571650505065918
0.17999424 0.2047480195760727
0.18199424 1.1801434326916933
0.18399425 0.4586596228182316
0.18599425 0.08791283145546913
0.18799426 0.08181670308113098
0.18999426 0.18750828690826893
0.19199426 0.35005079954862595
0.19399427 1.0379379913210869
0.19599427 1.11453490331769
0.19799428 0.47087471932172775
0.19999428 0.39236026257276535
0.20199428 0.7619880475103855
0.20399429 0.6354388017207384
0.2059943 0.12641950696706772
0.2079943 0.12435268238186836
0.2099943 0.03807743266224861
0.2119943 0.7325089704245329
0.21399431 0.4677760023623705
0.21599431 0.7034065965563059
0.21799432 0.4141154233366251
0.21999432 0.48305826634168625
0.22199433 0.8312846329063177
0.22399433 0.8610091097652912
0.22599433 0.06443356908857822
0.22799434 0.38172915764153004
0.22999434 0.4764433316886425
0.23199435 0.31763965263962746
0.23399435 0.17666844837367535
0.23599435 0.3221906088292599
0.23799436 1.4317820128053427
0.23999436 0.18459278717637062
0.24199437 0.21989642642438412
0.24399437 0.6299443673342466
0.24599437 1.6660014856606722
0.24799438 0.8136922158300877
0.24999438 0.4858190380036831
0.25199437 0.5551385153084993
0.25399438 1.1897153370082378
0.25599438 0.49832223542034626
0.25799438 1.1501037683337927
0.2599944 0.4051221925765276
0.2619944 0.9012135528028011
0.2639944 0.27453656680881977
0.2659944 0.1595519371330738
0.2679944 0.18900146521627903
0.2699944 0.006113074719905853
0.2719944 0.7965512815862894
0.27399442 0.4451442863792181
0.27599442 1.3446262907236814
0.27799442 0.47427944652736187
0.27999443 0.3895962480455637
0.28199443 0.21878086030483246
0.28399444 0.030937649309635162
0.28599444 0.5224588811397552
0.28799444 0.6414308361709118
0.28999445 0.7754659987986088
0.29199445 0.3141652066260576
0.29399446 0.35085821710526943
0.29599446 0.17404594458639622
0.29799446 0.2845895104110241
0.29999447 1.6214291211217642
0.30199447 0.14409968815743923
0.30399448 0.8813744876533747
0.30599448 0.42904249764978886
0.30799448 1.3807031828910112
0.3099945 1.6722599975764751
0.3119945 0.14070641808211803
0.3139945 0.5622345712035894
0.3159945 0.9788638316094875
0.3179945 0.18175368010997772
0.3199945 0.5334595590829849
0.3219945 0.25571147724986076
0.32399452 1.0258350986987352
0.32599452 0.9507612138986588
0.32799453 0.08925927989184856
0.32999453 1.9909777641296387
0.33199453 1.2752132434397936
0.33399454 1.4504349790513515
0.33599454 1.0946985501796007
0.33799455 1.7653920035809278
0.33999455 0.017248433083295822
0.34199455 0.5976863130927086
0.34399456 0.5300863552838564
0.34599456 1.7666210737079382
0.34799457 0.8362220544368029
0.34999457 0.21968196891248226
0.35199457 0.5448889620602131
0.35399458 0.07772940210998058
0.35599458 0.6198317427188158
0.3579946 0.6107514314353466
0.3599946 0.42317580431699753
0.3619946 0.041351305320858955
0.3639946 0.5245622545480728
0.3659946 1.5435769334435463
0.3679946 0.6123673059046268
0.3699946 0.24171853810548782
0.3719946 0.06081039272248745
0.37399462 0.20907337218523026
0.37599462 0.44764391891658306
0.37799463 0.5333236809819937
0.37999463 0.4462833870202303
0.38199463 0.018004901707172394
0.38399464 0.5611549708992243
0.38599464 0.3324111681431532
0.38799465 0.7815607935190201
0.38999465 0.6202713958919048
0.39199466 2.0649016313254833
0.39399466 0.08302139490842819
0.39599466 1.209066342562437
0.39799467 0.9812635816633701
0.39999467 1.941679634153843
0.40199468 0.6362690832465887
0.40399468 0.6149239614605904
0.40599468 0.5684761703014374
0.4079947 0.35601336881518364
0.4099947 0.18567972630262375
0.4119947 0.5086749959737062
0.4139947 0.2973965033888817
0.4159947 0.24492008425295353
0.4179947 0.4606245197355747
0.4199947 1.0027106571942568
0.42199472 0.9527495950460434
0.42399472 0.08084605447947979
0.42599472 0.49318268708884716
0.42799473 0.723893191665411
0.42999473 0.8738479502499104
0.43199474 2.102960681542754
0.43399474 1.03891247138381
0.43599474 1.3137645777314901
0.43799475 0.6976258754730225
0.43999475 0.37463340535759926
0.44199476 0.1045959647744894
0.44399476 0.22445008531212807
0.44599476 1.2836298681795597
0.44799477 0.7205282226204872
0.44999477 0.41901626996695995
0.45199478 0.36357991583645344
0.45399478 0.22007233276963234
0.45599478 1.3403464630246162
0.4579948 0.27727995067834854
0.4599948 1.3893949910998344
0.4619948 0.6933080665767193
0.4639948 1.3340353444218636
0.4659948 0.7703812010586262
0.4679948 0.9086956847459078
0.4699948 0.03587260842323303
0.47199482 0.4326494578272104
0.47399482 0.373522013425827
0.47599483 2.1266575269401073
0.47799483 0.04619357921183109
0.47999483 0.8897875286638737
0.48199484 2.1554785408079624
0.48399484 0.398688230663538
0.48599485 0.007882170379161835
0.48799485 1.9003910161554813
0.48999485 1.2975229918956757
0.49199486 0.586492758244276
0.49399486 0.544607512652874
0.49599487 0.6229439228773117
0.49799487 0.10853825137019157
0.49999487 0.902943130582571
0.50199485 0.9610097296535969
0.5039948 0.29993132688105106
0.5059948 0.8538203537464142
0.5079948 1.076670277863741
0.50999475 0.6642895601689816
0.5119947 0.4778351131826639
0.5139947 0.9180447272956371
0.51599467 0.9629125948995352
0.51799464 0.10060492157936096
0.5199946 0.22070406563580036
0.5219946 0.45156284235417843
0.52399457 0.4255477413535118
0.52599454 0.6095478646457195
0.5279945 1.0230393595993519
0.5299945 1.285792725160718
0.53199446 0.8734218254685402
0.53399444 0.26636137813329697
0.5359944 0.9499413557350636
0.5379944 0.5855372175574303
0.53999436 0.15527505986392498
0.54199433 0.3271452412009239
0.5439943 0.4728859718888998
0.5459943 0.9336577337235212
0.54799426 0.030429769307374954
0.54999423 0.2956252936273813
0.5519942 0.20189429074525833
0.5539942 0.216252900660038
0.55599415 0.7999929524958134
0.5579941 0.4085896797478199
0.5599941 0.49160754680633545
0.5619941 1.4926041513681412
0.56399405 0.15096783638000488
0.565994 0.007860787212848663
0.567994 0.34686573781073093
0.569994 1.3317406736314297
0.57199395 0.3587749693542719
0.5739939 0.16664712876081467
0.5759939 0.15412089973688126
0.57799387 0.28712553530931473
0.57999384 0.8944420740008354
0.5819938 0.0765670444816351
0.5839938 0.6297866813838482
0.58599377 0.08269117958843708
0.58799374 1.2948856987059116
0.5899937 1.110685057938099
0.5919937 0.7051584310829639
0.59399366 1.410906495526433
0.59599364 0.5525414571166039
0.5979936 1.4465463571250439
0.5999936 1.4011312238872051
0.60199356 0.2839140184223652
0.60399354 1.6826300378888845
0.6059935 0.5832584295421839
0.6079935 0.6915844660252333
0.60999346 1.272178741171956
0.61199343 0.5804044250398874
0.6139934 0.8622487373650074
0.6159934 1.3541504684835672
0.61799335 1.2828234620392323
0.6199933 1.8650759235024452
0.6219933 0.6923745535314083
0.6239933 0.1930903885513544
0.62599325 0.5488920658826828
0.6279932 0.7088638972491026
0.6299932 1.451240211725235
0.6319932 0.07064825668931007
0.63399315 0.714768648147583
0.6359931 1.6493952758610249
0.6379931 2.140618931502104
0.6399931 2.865707155317068
0.64199305 1.9192586652934551
0.643993 1.3834246061742306
0.645993 2.327660944312811
0.64799297 0.1915254108607769
0.64999294 0.869162967428565
0.6519929 0.5395469088107347
0.6539929 0.8356965966522694
0.65599287 2.7596503645181656
0.65799284 0.7008738797158003
0.6599928 1.4272251520305872
0.6619928 2.1021280735731125
0.66399276 0.26678264513611794
0.66599274 2.848583210259676
0.6679927 2.7590414732694626
0.6699927 1.8934483081102371
0.67199266 1.130526341497898
0.67399263 2.3320729546248913
0.6759926 2.342593399807811
0.6779926 1.9889237023890018
0.67999256 4.079842984676361
0.68199253 1.4056748542934656
0.6839925 2.73787746950984
0.6859925 1.8286218959838152
0.68799245 2.410358341410756
0.6899924 2.1953698322176933
0.6919924 2.8753128927201033
0.6939924 3.1207447554916143
0.69599235 4.580636620521545
0.6979923 3.881872469559312
0.6999923 2.628732865676284
0.7019923 3.402363246306777
0.70399225 5.760226082056761
0.7059922 2.2355363331735134
0.7079922 3.6633204463869333
0.7099922 3.4533879831433296
0.71199214 2.677757855504751
0.7139921 2.906207464635372
0.7159921 4.7358581237494946
0.71799207 3.791854117065668
0.71999204 3.728063466027379
0.721992 3.227801326662302
0.723992 3.004576876759529
0.72599196 4.802864646539092
0.72799194 2.3989012744277716
0.7299919 5.601508725434542
0.7319919 3.2529450319707394
0.73399186 1.2297837305814028
0.73599184 3.443823143839836
0.7379918 2.8430267740041018
0.7399918 1.4124961234629154
0.74199176 3.175477307289839
0.74399173 2.194402914494276
0.7459917 0.57197062112391
0.7479917 3.452260162681341
0.74999166 1.021890364587307
0.7519916 2.511217949911952
0.7539916 2.195580031722784
0.7559916 3.39658223092556
0.75799155 2.483434472233057
0.7599915 1.8743366580456495
0.7619915 0.9620835110545158
0.7639915 1.4947218652814627
0.76599145 1.818770408630371
0.7679914 3.639158820733428
0.7699914 2.6417348943650723
0.7719914 1.5708352103829384
0.77399135 1.2310916800051928
0.7759913 1.4893103204667568
0.7779913 1.2764257825911045
0.77999127 0.410464558750391
0.78199124 1.4940170161426067
0.7839912 1.1257339417934418
0.7859912 0.3066670000553131
0.78799117 0.4806389585137367
0.78999114 0.8491512537002563
0.7919911 0.7593519017100334
0.7939911 0.17990372888743877
0.79599106 0.7224752008914948
0.79799104 1.2329124491661787
0.799991 0.8373568318784237
0.801991 0.9772714823484421
0.80399096 0.36242473125457764
0.80599093 0.09476971812546253
0.8079909 0.9729445017874241
0.8099909 0.143048744648695
0.81199086 0.1684420108795166
0.81399083 0.5724279321730137
0.8159908 0.02201835811138153
0.8179908 0.9637757204473019
0.81999075 1.3131482359021902
0.8219907 0.8772522266954184
0.8239907 1.5877738147974014
0.8259907 1.0517159570008516
0.82799065 1.012352615594864
0.8299906 1.1280649453401566
0.8319906 0.22448647767305374
0.8339906 0.3015104867517948
0.83599055 0.4593210481107235
0.8379905 1.3129787687212229
0.8399905 0.18707295879721642
0.8419905 1.0620030350983143
0.84399045 0.4436475336551666
0.8459904 0.7419659905135632
0.8479904 1.494526594877243
0.84999037 0.03618418797850609
0.85199034 0.6219554916024208
0.8539903 0.3046578876674175
0.8559903 1.6937492862343788
0.85799026 0.5758192464709282
0.85999024 0.005605489015579224
0.8619902 1.1153554283082485
0.8639902 0.14771397784352303
0.86599016 0.9382889047265053
0.86799014 1.0473237186670303
0.8699901 1.2549162283539772
0.8719901 0.4857449345290661
0.87399006 0.8393098786473274
0.87599003 2.0382133461534977
0.87799 0.6932646259665489
0.87999 0.6579289734363556
0.88198996 1.7166008055210114
0.88398993 0.3214203007519245
0.8859899 0.4482526555657387
0.8879899 0.8470881953835487
0.88998985 0.42190514132380486
0.8919898 0.03365611284971237
0.8939898 0.5282593108713627
0.8959898 0.07380690425634384
0.89798975 0.005332905799150467
0.8999897 0.4797525741159916
0.9019897 0.27101868763566017
0.9039897 1.1784210056066513
0.90598965 0.3661916144192219
0.9079896 1.2512280456721783
0.9099896 0.6426658183336258
0.91198957 1.1490712650120258
0.91398954 0.1919935755431652
0.9159895 0.7995953634381294
0.9179895 0.6164391003549099
0.91998947 0.2901897169649601
0.92198944 0.3817136362195015
0.9239894 0.9841181486845016
0.9259894 0.5472999103367329
0.92798936 1.0352636203169823
0.92998934 0.3666539043188095
0.9319893 0.9269002676010132
0.9339893 2.000536471605301
0.93598926 0.6049792021512985
0.93798923 0.9524062164127827
0.9399892 0.10936835408210754
0.9419892 0.2770369052886963
0.94398916 0.24712328240275383
0.94598913 0.36556561291217804
0.9479891 0.6342870704829693
0.9499891 0.6730207279324532
0.95198905 0.38854892551898956
0.953989 0.08939452096819878
0.955989 0.061234962195158005
0.957989 0.3311234302818775
0.95998895 0.241702139377594
0.9619889 0.6176658943295479
0.9639889 0.4606102220714092
0.9659889 1.1669633239507675
0.96798885 0.07500309497117996
0.9699888 0.25366757437586784
0.9719888 1.1368917934596539
0.9739888 0.15351415053009987
0.97598875 0.9274542890489101
0.9779887 2.392176654189825
0.9799887 1.3001067712903023
0.98198867 0.33749711513519287
0.98398864 0.28487712889909744
0.9859886 0.6342248320579529
0.9879886 0.9818647727370262
0.98998857 2.5809728130698204
0.99198854 1.229350183159113
0.9939885 0.22320887818932533
0.9959885 0.8591427691280842
0.99798846 1.6786970682442188
0.99998844 0.6542136520147324
