-9.98 0.008351560914888978
-9.959999 0.016175039345398545
-9.939999 0.018813147675246
-9.919998 0.033353200647979975
-9.899998 0.05267974338494241
-9.879997 0.044211988570168614
-9.859997 0.013035690179094672
-9.839996 0.03572275233455002
-9.819996 0.02810411201789975
-9.799995 0.04027480399236083
-9.779995 0.01439128932543099
-9.7599945 0.05260452162474394
-9.739994 0.014073572121560574
-9.719994 0.030195468105375767
-9.699993 0.05498909251764417
-9.679993 0.05484072305262089
-9.659992 0.02423930587247014
-9.639992 0.04237113916315138
-9.619991 0.025591976009309292
-9.599991 0.056070414604619145
-9.57999 0.014499979559332132
-9.55999 0.03162098419852555
-9.539989 0.011778989806771278
-9.519989 0.015135393012315035
-9.499989 0.006752285873517394
-9.479988 0.053490298334509134
-9.459988 0.04815528215840459
-9.439987 0.05565769807435572
-9.419987 0.037064654752612114
-9.399986 0.013855823315680027
-9.379986 0.0477645939681679
-9.359985 0.021838503889739513
-9.339985 0.033622876508161426
-9.319984 0.02951031643897295
-9.299984 0.04515637666918337
-9.2799835 0.014071488985791802
-9.259983 0.008738198783248663
-9.239983 0.03571490687318146
-9.219982 0.023384178522974253
-9.199982 0.036888449219986796
-9.179981 0.0019297031685709953
-9.159981 0.02514450578019023
-9.13998 0.0137323634698987
-9.11998 4.6259560622274876E-4
-9.099979 0.06700795353390276
-9.079979 0.02960968273691833
-9.0599785 0.032307669054716825
-9.039978 0.05894194100983441
-9.019978 0.022693651262670755
-8.999977 0.030131984734907746
-8.979977 0.03991349833086133
-8.959976 0.00977342203259468
-8.939976 0.04673143825493753
-8.919975 0.061566295800730586
-8.899975 0.05228711664676666
-8.879974 0.0056315879337489605
-8.859974 0.040739309741184115
-8.839973 0.024814004776999354
-8.819973 0.050009828293696046
-8.799973 0.06666768225841224
-8.779972 0.03316581784747541
-8.759972 0.04241794836707413
-8.739971 0.026933447923511267
-8.719971 0.037157350685447454
-8.69997 0.06020765285938978
-8.67997 0.023533683037385345
-8.659969 0.013731489423662424
-8.639969 0.04306358937174082
-8.619968 0.055860974825918674
-8.599968 0.04344375990331173
-8.5799675 0.0029470715671777725
-8.559967 0.032849433133378625
-8.539967 0.01691328501328826
-8.519966 0.05975737073458731
-8.499966 0.043752806494012475
-8.479965 0.05672459467314184
-8.459965 0.0045572982635349035
-8.439964 0.031740333419293165
-8.419964 0.05004299059510231
-8.399963 0.06513614254072309
-8.379963 0.054195180302485824
-8.359962 0.03244250430725515
-8.339962 0.00990428146906197
-8.319962 0.0422805892303586
-8.299961 0.07097003003582358
-8.279961 0.015282711014151573
-8.25996 0.040882555302232504
-8.23996 0.004422982456162572
-8.219959 0.0059837535955011845
-8.199959 0.02575187338516116
-8.179958 0.04476415691897273
-8.159958 0.021819228073582053
-8.139957 0.03524897410534322
-8.119957 0.02317694015800953
-8.0999565 0.0611381430644542
-8.079956 0.057429978623986244
-8.059956 0.03130090259946883
-8.039955 0.058949234895408154
-8.019955 0.035429927753284574
-7.9999547 0.12126023089513183
-7.9799547 0.005156099330633879
-7.9599547 0.08184086577966809
-7.9399548 0.13247595727443695
-7.919955 0.06902376189827919
-7.899955 0.0014924011193215847
-7.879955 0.11841386696323752
-7.859955 0.05637172516435385
-7.839955 0.09024171717464924
-7.819955 0.004852735437452793
-7.799955 0.04646254051476717
-7.779955 0.01981559069827199
-7.759955 0.058908505365252495
-7.739955 0.08643558109179139
-7.719955 0.017743316013365984
-7.699955 0.09476954489946365
-7.679955 0.13230271823704243
-7.659955 0.05930711887776852
-7.639955 0.10789739526808262
-7.619955 0.0883067324757576
-7.599955 0.1301416251808405
-7.579955 0.04159133927896619
-7.559955 0.07531730411574244
-7.539955 0.058351130690425634
-7.519955 0.02816898562014103
-7.499955 0.05534049775451422
-7.479955 0.00668043689802289
-7.459955 0.06195168290287256
-7.439955 0.01923232153058052
-7.4199553 0.031020402442663908
-7.3999553 0.004523435141891241
-7.3799553 0.028820561710745096
-7.3599553 0.037242143880575895
-7.3399553 0.011363910045474768
-7.3199553 0.10055698361247778
-7.2999554 0.1597852767445147
-7.2799554 0.07553003542125225
-7.2599554 0.06982948910444975
-7.2399554 0.00755850225687027
-7.2199554 0.09190916595980525
-7.1999555 0.03219412732869387
-7.1799555 0.17020514141768217
-7.1599555 0.015558351296931505
-7.1399555 0.05376667622476816
-7.1199555 0.09168652165681124
-7.0999556 0.04269872000440955
-7.0799556 0.07997666392475367
-7.0599556 0.002983805723488331
-7.0399556 0.0038666347973048687
-7.0199556 0.11545725120231509
-6.9999557 0.14353820821270347
-6.9799557 0.119353664573282
-6.9599557 0.08231400791555643
-6.9399557 0.07226857263594866
-6.9199557 0.12951172003522515
-6.8999557 0.04478902416303754
-6.879956 0.10930355824530125
-6.859956 0.11472228448837996
-6.839956 0.10318255517631769
-6.819956 0.11729871528223157
-6.799956 0.049831177573651075
-6.779956 0.1453814757987857
-6.759956 0.0029772380366921425
-6.739956 0.04968331754207611
-6.719956 0.0984655125066638
-6.699956 0.06100924825295806
-6.679956 0.11740690795704722
-6.659956 0.06960412580519915
-6.639956 0.07481874898076057
-6.619956 0.1004638378508389
-6.599956 0.15179120795801282
-6.579956 0.01915744598954916
-6.559956 0.06383984116837382
-6.539956 0.06779614882543683
-6.519956 0.07360666757449508
-6.499956 0.06319387070834637
-6.479956 0.030048091895878315
-6.459956 0.12057653395459056
-6.439956 0.08558626333251595
-6.419956 0.061251789797097445
-6.399956 0.006801215466111898
-6.3799562 0.07639827439561486
-6.3599563 0.005156845320016146
-6.3399563 0.02689332701265812
-6.3199563 0.07680462766438723
-6.2999563 0.047675668727606535
-6.2799563 0.03809488005936146
-6.2599564 0.08528421074151993
-6.2399564 0.12934785149991512
-6.2199564 0.1096518817357719
-6.1999564 0.035187031608074903
-6.1799564 0.11731313820928335
-6.1599565 0.050356677267700434
-6.1399565 0.0958790360018611
-6.1199565 0.12051844550296664
-6.0999565 0.08886881172657013
-6.0799565 0.06705909315496683
-6.0599566 0.12205278361216187
-6.0399566 0.07166099129244685
-6.0199566 0.015444241929799318
-5.9999566 0.06971636600792408
-5.9799566 0.020720499102026224
-5.9599566 0.04711934179067612
-5.9399567 0.07665882213041186
-5.9199567 0.036153473891317844
-5.8999567 0.148528466001153
-5.8799567 0.052480245009064674
-5.8599567 0.001772068440914154
-5.8399568 0.07346687326207757
-5.819957 0.09563640505075455
-5.799957 0.10262239864096045
-5.779957 0.05882929638028145
-5.759957 0.08881075400859118
-5.739957 0.03673148434609175
-5.719957 0.018824022728949785
-5.699957 0.05805311072617769
-5.679957 0.14171052537858486
-5.659957 0.04512545373290777
-5.639957 0.03063313290476799
-5.619957 0.024303211830556393
-5.599957 0.039992992766201496
-5.579957 0.11802967451512814
-5.559957 0.09117132518440485
-5.539957 0.026498126331716776
-5.519957 0.11038257135078311
-5.499957 0.09848797740414739
-5.479957 0.035828372463583946
-5.459957 0.021772627718746662
-5.439957 0.09292846033349633
-5.419957 0.043881638906896114
-5.399957 0.035789490677416325
-5.379957 0.01216351194307208
-5.359957 0.006544164847582579
-5.339957 0.05005997885018587
-5.3199573 0.0724161071702838
-5.2999573 0.05059486487880349
-5.2799573 0.06832125270739198
-5.2599573 0.06484387582167983
-5.2399573 0.07300900388509035
-5.2199574 0.02482002042233944
-5.1999574 0.09798237029463053
-5.1799574 0.017550229094922543
-5.1599574 0.09364006947726011
-5.1399574 0.13904376234859228
-5.1199574 0.09206245141103864
-5.0999575 0.10626165382564068
-5.0799575 0.07571068778634071
-5.0599575 0.0658633578568697
-5.0399575 0.047425983007997274
-5.0199575 0.02946350909769535
-4.9999576 0.007904585916548967
-4.9799576 0.045091545674949884
-4.9599576 0.04610683349892497
-4.9399576 0.14935812866315246
-4.9199576 0.062002625316381454
-4.8999577 0.031259252689778805
-4.8799577 0.10720400279387832
-4.8599577 0.11369181890040636
-4.8399577 0.037321850191801786
-4.8199577 0.07198965921998024
-4.7999578 0.12154525611549616
-4.779958 0.11997957061976194
-4.759958 0.03762232046574354
-4.739958 0.07406288292258978
-4.719958 0.12609958602115512
-4.699958 0.042254259809851646
-4.679958 9.51903872191906E-4
-4.659958 0.07418912602588534
-4.639958 0.004736073315143585
-4.619958 0.07906273426488042
-4.599958 0.11250581685453653
-4.579958 0.02056993544101715
-4.559958 0.08935510832816362
-4.539958 0.016245951410382986
-4.519958 0.0018495223484933376
-4.499958 6.0127582401037216E-5
-4.479958 0.03187432838603854
-4.459958 0.13328441698104143
-4.439958 0.09000963578000665
-4.419958 0.06567281018942595
-4.399958 0.055120937526226044
-4.379958 0.10340267606079578
-4.359958 0.06062763324007392
-4.339958 0.04574912041425705
-4.319958 0.09080291399732232
-4.299958 0.020407679956406355
-4.2799582 0.12418383732438087
-4.2599583 0.030473666731268167
-4.2399583 0.05972224287688732
-4.2199583 0.09756441228091717
-4.1999583 0.009800239466130733
-4.1799583 0.14851514576002955
-4.1599584 0.08994193375110626
-4.1399584 0.11020497186109424
-4.1199584 0.00970604969188571
-4.0999584 0.01616905815899372
-4.0799584 0.021131169516593218
-4.0599585 0.07537926128134131
-4.0399585 0.09504539053887129
-4.0199585 0.023181048221886158
-3.9999585 0.09459945652633905
-3.9799585 0.19850905518978834
-3.9599586 0.28977484069764614
-3.9399586 0.029947546310722828
-3.9199586 0.1937983389943838
-3.8999586 0.03451825212687254
-3.8799586 0.041795963421463966
-3.8599586 0.1324685774743557
-3.8399587 0.03955012280493975
-3.8199587 0.23778609186410904
-3.7999587 0.2119324579834938
-3.7799587 0.1975322002544999
-3.7599587 0.08434766065329313
-3.7399588 0.07254937291145325
-3.7199588 0.14067430421710014
-3.6999588 0.04842326231300831
-3.6799588 0.009028516709804535
-3.6599588 0.17516534309834242
-3.6399589 0.07684735674411058
-3.6199589 0.17608241736888885
-3.599959 0.008798199705779552
-3.579959 0.20607567392289639
-3.559959 0.027925577014684677
-3.539959 0.1555813429877162
-3.519959 0.1584179773926735
-3.499959 0.03757532499730587
-3.479959 0.18571739457547665
-3.459959 0.030347667634487152
-3.439959 0.2486600335687399
-3.419959 0.05370814073830843
-3.399959 0.05211126897484064
-3.379959 0.12683342956006527
-3.3599591 0.1694117086008191
-3.3399591 0.11720358487218618
-3.3199592 0.08268633671104908
-3.2999592 0.2955404231324792
-3.2799592 0.003339473158121109
-3.2599592 0.18152809794992208
-3.2399592 0.04567142855376005
-3.2199593 0.017330960370600224
-3.1999593 0.09420918393880129
-3.1799593 0.1661578081548214
-3.1599593 0.15287013724446297
-3.1399593 0.004651650786399841
-3.1199594 0.20321328844875097
-3.0999594 0.23751182947307825
-3.0799594 0.22947251051664352
-3.0599594 0.18509148247539997
-3.0399594 0.24509085901081562
-3.0199594 0.060955220833420753
-2.9999595 0.17914637736976147
-2.9799595 0.24938643258064985
-2.9599595 0.11472420115023851
-2.9399595 0.21736967843025923
-2.9199595 0.09650635439902544
-2.8999596 0.0598958395421505
-2.8799596 0.3836381668224931
-2.8599596 0.04682697914540768
-2.8399596 0.12942436896264553
-2.8199596 0.34652321971952915
-2.7999597 0.009257236495614052
-2.7799597 0.1008135573938489
-2.7599597 0.1415639314800501
-2.7399597 0.10315872170031071
-2.7199597 0.3146711513400078
-2.6999598 0.11946036387234926
-2.6799598 0.08765902742743492
-2.6599598 0.23147430922836065
-2.6399598 0.5035687256604433
-2.6199598 0.20460846554487944
-2.5999599 0.06454080902040005
-2.5799599 0.18758332822471857
-2.55996 0.24904470425099134
-2.53996 0.24871153756976128
-2.51996 0.2451005931943655
-2.49996 0.22437939047813416
-2.47996 0.09830783400684595
-2.45996 0.20211758464574814
-2.43996 0.2923274412751198
-2.41996 0.544493000023067
-2.39996 0.5508888131007552
-2.37996 0.31812130752950907
-2.35996 0.7646706709638238
-2.33996 0.7183599285781384
-2.31996 0.9137494545429945
-2.2999601 0.9894551346078515
-2.2799602 0.9853884633630514
-2.2599602 1.3399168457835913
-2.2399602 1.386942433193326
-2.2199602 1.352897871285677
-2.1999602 1.85365738440305
-2.1799603 1.8913617134094238
-2.1599603 2.3511554999276996
-2.1399603 2.497835822403431
-2.1199603 2.972410710528493
-2.0999603 3.288566628471017
-2.0799603 3.829044047743082
-2.0599604 4.841920472681522
-2.0399604 5.436800480820239
-2.0199604 6.080912582576275
-1.9999604 14.190226055681705
-1.9799604 16.299593983218074
-1.9599605 18.52143587730825
-1.9399605 21.56943280994892
-1.9199605 25.830719757825136
-1.8999605 29.3569919988513
-1.8799605 33.855443730950356
-1.8599606 40.679545836523175
-1.8399606 47.81967112235725
-1.8199606 55.89357700943947
-1.7999606 65.13675741106272
-1.7799606 76.39267753995955
-1.7599607 90.10290755331516
-1.7399607 106.29717335291207
-1.7199607 126.58334554359317
-1.6999607 150.13739048317075
-1.6799607 178.69331053458154
-1.6599607 211.53310424275696
-1.6399608 252.47678096219897
-1.6199608 301.8724687732756
-1.5999608 361.58665914461017
-1.5799608 432.99463683739305
-1.5599608 520.9711491726339
-1.5399609 628.3813747074455
-1.5199609 758.5722579779103
-1.4999609 919.3642840757966
-1.4799609 1115.0437745125964
-1.4599609 1356.8557941820472
-1.439961 1654.9977682465687
-1.419961 2025.1139174764976
-1.399961 2483.7906310278922
-1.379961 3054.0529068550095
-1.359961 3766.8620019741356
-1.339961 4659.114447617903
-1.3199611 5780.642597995698
-1.2999611 7194.716895875521
-1.2799611 8981.050053589046
-1.2599611 11248.803364226595
-1.2399611 14137.09537483193
-1.2199612 17829.51317116432
-1.1999612 22566.62654211931
-1.1799612 28668.005310965702
-1.1599612 36556.7401402425
-1.1399612 46802.96713712439
-1.1199613 60165.39660623483
-1.0999613 77669.34631706774
-1.0799613 100704.27967296354
-1.0599613 131161.84918779694
-1.0399613 171633.94569469616
-1.0199614 225687.2537277788
-0.9999614 595878.3729348537
-0.9799614 448348.8196543548
-0.9599614 335233.89957973734
-0.93996143 249019.50712495856
-0.91996145 183717.17770466208
-0.8999615 134572.88317945786
-0.8799615 97841.80836059526
-0.8599615 70581.10769467801
-0.8399615 50498.64131091349
-0.81996155 35821.68969668448
-0.79996157 25182.64637481235
-0.7799616 17536.688090592623
-0.7599616 12088.422181203961
-0.7399616 8245.510997368023
-0.71996164 5564.273479580879
-0.69996166 3709.264261284843
-0.6799617 2442.830980744213
-0.6599617 1588.6508335582912
-0.6399617 1016.2477890197188
-0.61996174 641.4923257920891
-0.59996176 397.0860136784613
-0.5799618 244.03377599082887
-0.5599618 146.10720643401146
-0.5399618 86.30287930555642
-0.51996183 49.30017383676022
-0.49996182 56.64746920764446
-0.4799618 30.85788679495454
-0.4599618 16.331213414669037
-0.4399618 8.407027626410127
-0.41996178 3.751457542181015
-0.39996177 2.5202640257775784
-0.37996176 0.38569410890340805
-0.35996175 0.04362525790929794
-0.33996174 0.4164661895483732
-0.31996173 0.5692941769957542
-0.29996172 0.35328224301338196
-0.2799617 0.40825737453997135
-0.2599617 0.22159097716212273
-0.2399617 0.3146946206688881
-0.2199617 0.4846525080502033
-0.1999617 0.1995642278343439
-0.17996171 0.8742248937487602
-0.15996172 0.7112138699740171
-0.13996172 0.030325451865792274
-0.11996172 0.3474444057792425
-0.09996173 0.1303213480859995
-0.07996173 0.28406007401645184
-0.059961732 0.8883681166917086
-0.039961733 0.2618823815137148
-0.019961733 0.11355645582079887
3.8266182E-5 0.005134096369147301
0.020038266 0.45779572427272797
0.040038265 0.5560174584388733
0.060038265 0.5814794711768627
0.080038264 0.6067964974790812
0.10003826 0.4273583348840475
0.120038256 0.16445942595601082
0.14003825 0.2998604718595743
0.16003825 0.08912486955523491
0.18003824 0.6902249343693256
0.20003824 0.2620232179760933
0.22003824 0.5910385642200708
0.24003823 1.0362527519464493
0.26003823 0.17373342253267765
0.28003824 0.7139299698174
0.30003825 0.38995700888335705
0.32003826 0.10629531182348728
0.34003827 0.5161490999162197
0.36003828 0.6725417021661997
0.3800383 1.6437040343880653
0.4000383 0.7272155955433846
0.4200383 3.8205545134842396
0.44003832 8.932587867602706
0.46003833 16.819933131337166
0.48003834 31.731877284124494
0.5000383 28.023795885965228
0.5200383 49.8820960232988
0.5400383 86.46133009437472
0.56003827 146.40199573896825
0.58003825 243.99188329279423
0.60003823 399.70365575701
0.6200382 643.7370319329202
0.6400382 1018.0604653395712
0.6600382 1590.9478002432734
0.68003815 2446.50596826151
0.70003814 3714.1903537102044
0.7200381 5573.30499522388
0.7400381 8259.485298674554
0.7600381 12106.161407766864
0.78003806 17561.000810543075
0.80003804 25217.329151386395
0.820038 35870.52856795117
0.840038 50565.41318179853
0.860038 70671.58164135739
0.88003796 97962.7468481604
0.90003794 134736.04319442064
0.9200379 183932.31180448458
0.9400379 249306.36440721527
0.9600379 335609.22657388076
0.98003787 448841.3611393515
1.0000379 297942.31364744995
1.0200379 225448.8980337754
1.0400379 171455.86241935752
1.0600379 131027.66613357142
1.0800378 100603.12396668736
1.1000378 77592.84418569971
1.1200378 60107.67317707464
1.1400378 46758.146260796115
1.1600378 36523.44423478469
1.1800377 28641.355225434527
1.2000377 22545.741438206285
1.2200377 17813.51042135898
1.2400377 14125.59047578089
1.2600377 11239.40986399725
1.2800376 8973.87949161604
1.3000376 7187.378754471429
1.3200376 5775.74426434841
1.3400376 4655.761185291223
1.3600376 3764.1569309886545
1.3800375 3051.5969915017486
1.4000375 2482.1826746175066
1.4200375 2023.450563297607
1.4400375 1654.3735060570762
1.4600375 1355.8629716206342
1.4800375 1114.7726128557697
1.5000374 918.9028978263959
1.5200374 758.0066778007895
1.5400374 627.7955732876435
1.5600374 520.9470695909113
1.5800374 432.6122231017798
1.6000373 360.9238885678351
1.6200373 302.00538587756455
1.6400373 252.4795326460153
1.6600373 211.47797599434853
1.6800373 177.65076343342662
1.7000372 150.17609881982207
1.7200372 126.77023488841951
1.7400372 106.69745888374746
1.7600372 90.78013254329562
1.7800372 76.40875183604658
1.8000371 64.55199584551156
1.8200371 55.766737597063184
1.8400371 47.20799298584461
1.8600371 40.638786774128675
1.8800371 34.439917378127575
1.900037 29.61960449628532
1.920037 25.823005909100175
1.940037 21.34159166365862
1.960037 19.122365718707442
1.980037 15.776926685124636
2.000037 7.295180390588939
2.020037 6.26498069986701
2.040037 5.126885429956019
2.060037 4.559470482170582
2.0800369 3.5949549712240696
2.1000369 3.623197056353092
2.1200368 2.8955967258661985
2.1400368 2.528905401006341
2.1600368 2.0089425602927804
2.1800368 2.1942198015749454
2.2000368 1.819473022595048
2.2200367 1.499103550799191
2.2400367 1.2305292673408985
2.2600367 1.3974468866363168
2.2800367 1.273006685078144
2.3000367 1.0229010889306664
2.3200366 0.7083686087280512
2.3400366 0.7891146838665009
2.3600366 0.6261510737240314
2.3800366 0.4845554642379284
2.4000366 0.5361529979854822
2.4200366 0.3621214870363474
2.4400365 0.45552204456180334
2.4600365 0.22375692706555128
2.4800365 0.009043646976351738
2.5000365 2.9606837779283524E-4
2.5200365 0.416247446089983
2.5400364 0.3267618492245674
2.5600364 0.24539102520793676
2.5800364 0.11334522627294064
2.6000364 0.1985092107206583
2.6200364 0.11228881496936083
2.6400363 0.2816766258329153
2.6600363 0.019106396473944187
2.6800363 0.18174699693918228
2.7000363 0.15913869254291058
2.7200363 0.03628663346171379
2.7400362 0.16582229547202587
2.7600362 0.1078348234295845
2.7800362 0.1757342955097556
2.8000362 0.30300767719745636
2.8200362 0.20287719927728176
2.8400362 0.03804871719330549
2.8600361 0.0779365710914135
2.880036 0.07939033955335617
2.900036 0.052795903757214546
2.920036 0.29238630272448063
2.940036 0.43100025691092014
2.960036 0.2307263370603323
2.980036 0.2620063330978155
3.000036 0.22080999612808228
3.020036 0.15720192901790142
3.040036 0.09771094284951687
3.060036 0.21125611383467913
3.080036 0.11835320107638836
3.100036 0.007969528436660767
3.120036 0.20068856328725815
3.1400359 0.05448913387954235
3.1600358 0.06724041607230902
3.1800358 0.22053162939846516
3.2000358 0.03545038588345051
3.2200358 0.21887202747166157
3.2400358 0.37323784083127975
3.2600358 0.2882958184927702
3.2800357 0.20366830378770828
3.3000357 0.29802531842142344
3.3200357 0.21711605787277222
3.3400357 0.20958431623876095
3.3600357 0.0497285732999444
3.3800356 0.03687194734811783
3.4000356 0.005250193178653717
3.4200356 0.27091451454907656
3.4400356 0.2361567597836256
3.4600356 0.28394298255443573
3.4800355 0.1701316013932228
3.5000355 0.18887486401945353
3.5200355 0.18598504178225994
3.5400355 0.06670330464839935
3.5600355 0.051996203139424324
3.5800354 0.4393686316907406
3.6000354 0.0031011905521154404
3.6200354 0.08280634507536888
3.6400354 0.10382857546210289
3.6600354 0.026321745477616787
3.6800354 0.08244647737592459
3.7000353 0.1967912521213293
3.7200353 0.0075821178033947945
3.7400353 0.009713567793369293
3.7600353 0.12115894444286823
3.7800353 0.19387437030673027
3.8000352 0.0021188873797655106
3.8200352 0.32476944848895073
3.8400352 0.07377168908715248
3.8600352 0.05674881674349308
3.8800352 0.047247324138879776
3.9000351 0.1628609923645854
3.9200351 0.08041462488472462
3.940035 0.10315895359963179
3.960035 0.04698729328811169
3.980035 0.24015715904533863
4.0000353 0.017901777755469084
4.0200353 0.09473955677822232
4.0400352 0.11018763389438391
4.060035 0.03402256406843662
4.080035 0.10518148075789213
4.100035 0.02370948391035199
4.120035 0.03309720242395997
4.140035 0.015417291317135096
4.160035 0.044806129299104214
4.180035 0.06720335083082318
4.200035 0.12244837637990713
4.220035 0.09241777146235108
4.240035 0.07602359540760517
4.260035 0.06114931404590607
4.280035 0.040147882886230946
4.300035 0.009748853743076324
4.320035 0.029032269027084112
4.340035 0.07098247390240431
4.360035 0.14322244049981236
4.380035 0.126933625433594
4.400035 0.10255304258316755
4.420035 0.02407722268253565
4.440035 0.13730754237622023
4.460035 0.08974266983568668
4.480035 0.07706315955147147
4.500035 0.0764219369739294
4.520035 0.010854122694581747
4.540035 0.06653170101344585
4.5600348 0.04814603039994836
4.5800347 0.05548188043758273
4.6000347 0.09715178096666932
4.6200347 0.03445852594450116
4.6400347 0.10857076058164239
4.6600347 0.08815981820225716
4.6800346 0.030793606769293547
4.7000346 0.0695281052030623
4.7200346 0.040193939581513405
4.7400346 0.0364702558144927
4.7600346 0.09305684361606836
4.7800345 0.1189921647310257
4.8000345 0.06872696708887815
4.8200345 0.072017892729491
4.8400345 0.05413338029757142
4.8600345 0.07417658902704716
4.8800344 0.09538221452385187
4.9000344 0.031305733602494
4.9200344 0.0507207321934402
4.9400344 0.06166385626420379
4.9600344 0.08478607516735792
4.9800344 0.03531459392979741
5.0000343 0.06558724027127028
5.0200343 0.0755825499072671
5.0400343 0.10444922558963299
5.0600343 0.014041358605027199
5.0800343 0.08174849953502417
5.100034 0.06702626822516322
5.120034 0.07393248053267598
5.140034 0.017322339583188295
5.160034 0.07842305488884449
5.180034 0.017083981074392796
5.200034 0.10617589997127652
5.220034 0.07537319650873542
5.240034 0.01944243675097823
5.260034 0.06905103987082839
5.280034 0.10656882589682937
5.300034 0.016038159374147654
5.320034 0.0668552927672863
5.340034 0.004811195656657219
5.360034 0.09105740301311016
5.380034 0.1388033996336162
5.400034 0.052415273152291775
5.420034 0.006294019985944033
5.440034 0.1054754015058279
5.460034 0.04645955376327038
5.480034 0.09735975693911314
5.500034 0.053520238026976585
5.520034 0.005544043146073818
5.540034 0.10671676928177476
5.560034 0.04629210941493511
5.580034 0.10812633903697133
5.6000338 0.015279078856110573
5.6200337 0.0832805773243308
5.6400337 0.06225863844156265
5.6600337 0.0813363534398377
5.6800337 0.051402594428509474
5.7000337 0.13453396828845143
5.7200336 0.006024692207574844
5.7400336 0.04412054596468806
5.7600336 0.04950604261830449
5.7800336 0.12026823405176401
5.8000336 4.358990117907524E-4
5.8200336 0.021202695555984974
5.8400335 0.012703425250947475
5.8600335 0.054031059611588717
5.8800335 0.026746560353785753
5.9000335 0.15257033798843622
5.9200335 0.002626152243465185
5.9400334 0.01393243670463562
5.9600334 0.04452338209375739
5.9800334 0.0995594416745007
6.0000334 0.07892521703615785
6.0200334 0.08871310064569116
6.0400333 0.026213043835014105
6.0600333 0.10416048439219594
6.0800333 0.07646050816401839
6.1000333 0.12530528707429767
6.1200333 0.06626544520258904
6.1400332 0.06437746854498982
6.160033 0.06566508719697595
6.180033 0.009367134887725115
6.200033 0.04696974065154791
6.220033 0.08374056406319141
6.240033 0.0893567418679595
6.260033 0.09150164062157273
6.280033 0.019465649500489235
6.300033 0.0044282833114266396
6.320033 0.14444443304091692
6.340033 0.1187025448307395
6.360033 0.11060146475210786
6.380033 0.06309145595878363
6.400033 0.08019269863143563
6.420033 0.12505815643817186
6.440033 0.12381757935509086
6.460033 0.11171373631805182
6.480033 0.035019777715206146
6.500033 0.09064438240602612
6.520033 0.023877534084022045
6.540033 0.11039394838735461
6.560033 0.029855296481400728
6.580033 0.09622967476025224
6.600033 0.038679311983287334
6.620033 0.05773646757006645
6.640033 0.10450716270133853
6.6600327 0.13066295254975557
6.6800327 0.08843283727765083
6.7000327 0.06940468866378069
6.7200327 0.11047054501250386
6.7400327 0.0819127019494772
6.7600327 0.04930238286033273
6.7800326 0.032460803631693125
6.8000326 0.0420344565063715
6.8200326 0.021296000573784113
6.8400326 0.016038877423852682
6.8600326 0.014709637500345707
6.8800325 0.028337042313069105
6.9000325 0.017292195465415716
6.9200325 0.08615675428882241
6.9400325 0.04748258600011468
6.9600325 0.075941470451653
6.9800324 0.13124076556414366
7.0000324 0.07646716572344303
7.0200324 0.08659103838726878
7.0400324 0.06189337000250816
7.0600324 0.08043733146041632
7.0800323 0.06908662198111415
7.1000323 0.07560959924012423
7.1200323 0.02277596201747656
7.1400323 0.09885917045176029
7.1600323 0.15401648078113794
7.1800323 0.10659111477434635
7.200032 0.07913337554782629
7.220032 0.06150979362428188
7.240032 0.006434453651309013
7.260032 0.0675480654463172
7.280032 0.09395520435646176
7.300032 0.055775055661797523
7.320032 0.05023069819435477
7.340032 0.0774502819404006
7.360032 0.04447911586612463
7.380032 0.06841170089319348
7.400032 0.11714411294087768
7.420032 0.0910918116569519
7.440032 0.0877328272908926
7.460032 0.09611143730580807
7.480032 0.07034573750570416
7.500032 0.13242768496274948
7.520032 0.07572159450501204
7.540032 0.02536376705393195
7.560032 0.15614778362214565
7.580032 0.03739723935723305
7.600032 0.1401778389699757
7.620032 0.064149578101933
7.640032 0.10393277136608958
7.660032 0.0072317710146307945
7.680032 0.051822499837726355
7.7000318 0.015200339257717133
7.7200317 0.07541636051610112
7.7400317 0.05691718263551593
7.7600317 0.061124412342906
7.7800317 0.09686667285859585
7.8000317 0.05703476024791598
7.8200316 0.09526393702253699
7.8400316 0.012818731367588043
7.8600316 0.008159959688782692
7.8800316 0.06667752517387271
7.9000316 0.037543611135333776
7.9200315 0.09545352449640632
7.9400315 0.11855928599834442
7.9600315 0.0803450383245945
7.9800315 0.015989768784493208
8.000031 0.049093761714175344
8.020032 0.025473362300544977
8.040032 0.050026228185743093
8.060033 0.009252597112208605
8.080033 0.039541724137961864
8.100034 0.027173210168257356
8.120034 0.016681688837707043
8.140035 0.044041229877620935
8.160035 0.029699612176045775
8.180036 0.02294967998750508
8.200036 0.03726028767414391
8.2200365 0.05031902017071843
8.240037 0.04623527196235955
8.260037 0.039063546573743224
8.280038 0.05477203708142042
8.300038 0.03700586501508951
8.320039 0.05424136505462229
8.340039 0.01312632067129016
8.36004 0.05006397794932127
8.38004 0.058554515708237886
8.400041 0.0529471174813807
8.420041 0.048422557301819324
8.440042 0.03537929430603981
8.460042 0.004304484464228153
8.480042 0.0542270359583199
8.500043 0.024553752969950438
8.520043 0.040928464848548174
8.540044 0.012480741832405329
8.560044 0.0015895299147814512
8.580045 0.04239636240527034
8.600045 9.815641678869724E-4
8.620046 0.0064936005510389805
8.640046 0.011212159413844347
8.660047 0.045419261790812016
8.680047 0.037473635049536824
8.7000475 0.0040094912983477116
8.720048 0.03642116370610893
8.740048 0.0513895524200052
8.760049 0.04061763500794768
8.780049 0.004117633914574981
8.80005 0.034033857518807054
8.82005 0.021994570968672633
8.840051 0.048241479555144906
8.860051 0.05960951466113329
8.880052 0.019974767696112394
8.900052 0.06286675087176263
8.920053 0.056187495123595
8.940053 0.047672362299636006
8.960053 0.0063056673388928175
8.980054 0.04776098858565092
9.000054 0.017933450639247894
9.020055 0.03921478660777211
9.040055 0.03812640090472996
9.060056 0.0072256766725331545
9.080056 2.8894911520183086E-4
9.100057 0.024460044922307134
9.120057 0.03817862784489989
9.140058 0.0556054231710732
9.160058 0.02085880865342915
9.1800585 0.05203672801144421
9.200059 0.017295968253165483
9.220059 0.03485153685323894
9.24006 0.02702395268715918
9.26006 0.050000889925286174
9.280061 0.04069326655007899
9.300061 0.005659268470481038
9.320062 0.048598137916997075
9.340062 0.009369370760396123
9.360063 0.06095604575239122
9.380063 0.012497369898483157
9.4000635 0.045296913711354136
9.420064 0.009425715310499072
9.440064 0.04548172978684306
9.460065 0.05673892656341195
9.480065 0.03711589705199003
9.500066 0.019418495008721948
9.520066 0.006154369097203016
9.540067 0.01709764637053013
9.560067 0.02994206501170993
9.580068 0.016438352642580867
9.600068 0.061603818787261844
9.620069 0.03469833149574697
9.640069 0.0550285461358726
9.660069 0.008052569581195712
9.68007 0.035146203357726336
9.70007 0.03180816094391048
9.720071 0.0035493229515850544
9.740071 0.04416390252299607
9.760072 0.01909086457453668
9.780072 0.05130758206360042
9.800073 2.359878271818161E-5
9.820073 0.05323573620989919
9.840074 0.011278949677944183
9.860074 0.06335890479385853
9.8800745 0.027163162361830473
9.900075 0.015413494082167745
9.920075 0.031477687414735556
9.940076 0.04459890373982489
9.960076 0.04218922625295818
9.980077 0.04680812684819102
10.000077 0.02581522287800908
10.020078 0.04579253098927438
