-1.0 30.366678
-0.998 10.866459
-0.996 61.275974
-0.994 48.126995
-0.992 11.16596
-0.99 51.915634
-0.988 25.340628
-0.986 25.405827
-0.984 28.115837
-0.982 102.569595
-0.98 25.952724
-0.978 32.48811
-0.976 53.14178
-0.974 98.395905
-0.972 43.15055
-0.97 15.511596
-0.968 90.8211
-0.966 105.604515
-0.964 57.00839
-0.962 86.23564
-0.960001 97.62586
-0.958001 29.970491
-0.956001 53.172558
-0.954001 3.5138478
-0.952001 34.259075
-0.950001 14.84531
-0.948001 87.73333
-0.946001 20.511019
-0.944001 60.857193
-0.942001 59.664165
-0.940001 54.43473
-0.938001 40.65339
-0.936001 37.03353
-0.934001 43.380062
-0.932001 81.80641
-0.930001 73.137375
-0.928001 18.395643
-0.926001 24.94468
-0.924001 78.30089
-0.922001 48.58685
-0.920001 50.145206
-0.918001 1.2634124
-0.916001 65.72965
-0.914001 22.964878
-0.912001 63.085476
-0.910001 60.692993
-0.908001 34.880108
-0.906001 22.766552
-0.904001 46.421127
-0.902001 36.344864
-0.900001 29.10645
-0.898001 84.45397
-0.896001 5.2891865
-0.894001 55.90018
-0.892001 43.709766
-0.890001 44.306713
-0.888001 6.1947203
-0.886001 27.321592
-0.884001 46.18625
-0.882002 62.35751
-0.880002 60.061985
-0.878002 30.608553
-0.876002 9.300989
-0.874002 31.260004
-0.872002 43.916344
-0.870002 61.651863
-0.868002 73.7956
-0.866002 13.021306
-0.864002 81.10071
-0.862002 66.517235
-0.860002 60.05258
-0.858002 49.050762
-0.856002 69.18297
-0.854002 7.5839324
-0.852002 41.00931
-0.850002 15.868897
-0.848002 67.41746
-0.846002 27.106552
-0.844002 29.261063
-0.842002 58.687637
-0.840002 1.1130152
-0.838002 10.997254
-0.836002 4.4362693
-0.834002 6.7274404
-0.832002 6.495637
-0.830002 12.436188
-0.828002 0.1457806
-0.826002 7.874903
-0.824002 7.0757484
-0.822002 7.0029607
-0.820002 7.4801145
-0.818002 2.2066622
-0.816002 7.750522
-0.814002 17.496626
-0.812002 14.77775
-0.810002 6.9809074
-0.808002 16.337997
-0.806002 10.863293
-0.804003 14.3426895
-0.802003 18.149904
-0.800003 19.835125
-0.798003 4.753535
-0.796003 13.691903
-0.794003 13.169688
-0.792003 14.189668
-0.790003 15.423534
-0.788003 10.701042
-0.786003 13.962389
-0.784003 7.0872917
-0.782003 0.56280196
-0.780003 10.395107
-0.778003 1.7547082
-0.776003 3.7628076
-0.774003 0.77530247
-0.772003 6.355037
-0.770003 1.7382675
-0.768003 2.5496635
-0.766003 2.6027787
-0.764003 5.382279
-0.762003 6.9295254
-0.760003 5.707547
-0.758003 1.1543918
-0.756003 1.7167947
-0.754003 0.03484127
-0.752003 6.728762
-0.750003 6.726431
-0.748003 0.7254369
-0.746003 5.6224804
-0.744003 8.948764
-0.742003 12.904446
-0.740003 3.079213
-0.738003 13.557368
-0.736003 16.33118
-0.734003 8.426945
-0.732003 12.742531
-0.730003 11.249779
-0.728004 16.040237
-0.726004 20.536951
-0.724004 5.392502
-0.722004 6.734252
-0.720004 18.363396
-0.718004 6.129542
-0.716004 4.226831
-0.714004 8.131955
-0.712004 18.080303
-0.710004 14.622065
-0.708004 14.031459
-0.706004 2.6589074
-0.704004 4.374292
-0.702004 7.7864246
-0.700004 0.82546306
-0.698004 5.823091
-0.696004 2.9906301
-0.694004 7.278664
-0.692004 9.754502
-0.690004 7.169628
-0.688004 0.91318595
-0.686004 5.5741563
-0.684004 9.167174
-0.682004 12.878839
-0.680004 1.7810551
-0.678004 2.7869883
-0.676004 11.149792
-0.674004 5.781239
-0.672004 7.5653853
-0.670004 13.953827
-0.668004 11.782344
-0.666004 0.4814808
-0.664004 0.4969015
-0.662004 10.269999
-0.660004 15.1833
-0.658004 16.965523
-0.656004 14.99951
-0.654004 12.96523
-0.652004 8.228253
-0.650005 16.943012
-0.648005 2.408272
-0.646005 1.989414
-0.644005 16.352633
-0.642005 9.241395
-0.640005 12.423623
-0.638005 11.587112
-0.636005 2.226231
-0.634005 3.0421994
-0.632005 11.5646925
-0.630005 10.507626
-0.628005 0.28014752
-0.626005 10.072289
-0.624005 10.296613
-0.622005 4.9940696
-0.620005 1.9429588
-0.618005 8.247628
-0.616005 2.1873236
-0.614005 3.8099728
-0.612005 5.722683
-0.610005 1.4469508
-0.608005 5.4005647
-0.606005 4.957939
-0.604005 3.7746718
-0.602005 4.264225
-0.600005 11.651293
-0.598005 5.1423597
-0.596005 5.6900454
-0.594005 13.229254
-0.592005 9.955142
-0.590005 0.02704762
-0.588005 13.633094
-0.586005 3.907769
-0.584005 4.0325556
-0.582005 13.888056
-0.580005 3.338681
-0.578005 2.556643
-0.576005 16.617292
-0.574005 7.6870975
-0.572006 5.9065137
-0.570006 2.5166178
-0.568006 16.87309
-0.566006 0.81999665
-0.564006 0.3477565
-0.562006 0.3052479
-0.560006 0.91067946
-0.558006 0.6035889
-0.556006 13.618021
-0.554006 8.616838
-0.552006 1.2525821
-0.550006 6.5860233
-0.548006 9.480775
-0.546006 8.210182
-0.544006 0.06062981
-0.542006 5.9011316
-0.540006 3.8389277
-0.538006 3.2536397
-0.536006 1.2515559
-0.534006 6.279359
-0.532006 1.013701
-0.530006 6.1191945
-0.528006 1.7160634
-0.526006 7.636754
-0.524006 5.998845
-0.522006 1.3815117
-0.520006 0.61079234
-0.518006 3.3930686
-0.516006 6.226935
-0.514006 8.582513
-0.512006 8.450771
-0.510006 3.9413486
-0.508006 12.816375
-0.506006 1.1835661
-0.504006 4.6326175
-0.502006 5.7428875
-0.500006 4.6194634
-0.498006 5.9770966
-0.496006 0.09271653
-0.494006 25.304163
-0.492006 17.82223
-0.490006 12.261756
-0.488006 7.4157357
-0.486006 4.0699797
-0.484006 5.003218
-0.482006 5.8458686
-0.480006 15.646894
-0.478006 28.021606
-0.476006 13.721395
-0.474006 6.4910536
-0.472006 6.0688677
-0.470006 14.186706
-0.468006 30.438534
-0.466006 23.808147
-0.464006 27.87575
-0.462006 8.348411
-0.460006 1.9272068
-0.458006 7.3073063
-0.456006 25.17805
-0.454006 24.223022
-0.452006 2.9990842
-0.450006 2.5780625
-0.448006 9.036041
-0.446006 2.5027423
-0.444006 13.478011
-0.442006 8.6125145
-0.440006 22.551682
-0.438006 19.823395
-0.436006 5.2887883
-0.434006 11.464403
-0.432006 4.9754114
-0.430006 19.442083
-0.428006 23.47985
-0.426006 15.699375
-0.424006 1.2933953
-0.422006 3.9998052
-0.420006 2.3828726
-0.418006 25.343813
-0.416006 6.470327
-0.414006 15.345697
-0.412006 16.54885
-0.410006 12.654401
-0.408006 2.1374075
-0.406006 20.755741
-0.404006 1.9750401
-0.402006 12.353247
-0.400006 20.444263
-0.398006 8.201997
-0.396006 5.0395555
-0.394006 4.614337
-0.392006 4.211058
-0.390006 3.3842924
-0.388006 3.603327
-0.386006 3.3411472
-0.384006 1.0743904
-0.382006 1.7166997
-0.380006 7.5483174
-0.378006 14.852996
-0.376006 6.6988273
-0.374006 8.317517
-0.372006 6.5955887
-0.370006 18.060886
-0.368006 12.782669
-0.366006 14.062219
-0.364006 21.315113
-0.362006 1.1756054
-0.360006 22.052036
-0.358006 17.42419
-0.356006 20.768787
-0.354006 0.44049445
-0.352006 20.26703
-0.350006 16.291561
-0.348006 10.766213
-0.346006 6.4872375
-0.344006 0.510963
-0.342006 6.7611938
-0.340006 9.308628
-0.338006 20.752188
-0.336006 3.6083877
-0.334006 16.993998
-0.332006 19.124622
-0.330006 2.1617608
-0.328006 0.45717463
-0.326006 11.702667
-0.324006 5.0736084
-0.322006 14.08547
-0.320006 5.110102
-0.318006 14.684172
-0.316006 6.173921
-0.314006 15.999469
-0.312006 9.578582
-0.310006 11.673301
-0.308006 14.343037
-0.306006 1.9298589
-0.304006 3.6554976
-0.302006 6.810808
-0.300006 1.9351658
-0.298006 1.7045207
-0.296006 15.670054
-0.294006 12.543297
-0.292006 15.051147
-0.290006 4.1978545
-0.288006 1.1917909
-0.286006 4.435874
-0.284006 14.306775
-0.282006 11.194602
-0.280006 11.556289
-0.278006 11.603518
-0.276006 7.3756933
-0.274006 0.034438524
-0.272006 1.0375727
-0.270006 9.010737
-0.268006 9.418619
-0.266006 12.378732
-0.264006 7.033783
-0.262006 8.215464
-0.260006 14.485249
-0.258006 7.4839306
-0.256006 7.945753
-0.254006 4.5862164
-0.252006 13.43872
-0.250006 15.030981
-0.248006 27.966684
-0.246006 30.063513
-0.244006 38.68018
-0.242006 14.854663
-0.240006 1.6982392
-0.238006 22.674112
-0.236006 20.590956
-0.234006 4.1543317
-0.232006 30.252401
-0.230006 10.981055
-0.228006 16.799526
-0.226006 24.139153
-0.224006 0.44550338
-0.222006 22.207233
-0.220006 42.17361
-0.218006 9.265
-0.216006 2.2516901
-0.214006 10.084665
-0.212006 11.525848
-0.210006 5.9417424
-0.208006 5.32285
-0.206006 44.10124
-0.204006 16.5194
-0.202006 19.693962
-0.200006 2.8155534
-0.198006 15.424862
-0.196006 16.452154
-0.194006 6.2793183
-0.192006 14.711192
-0.190006 17.807991
-0.188006 36.2241
-0.186006 41.907124
-0.184006 34.24655
-0.182006 9.581443
-0.180006 36.305794
-0.178006 47.79787
-0.176006 42.45379
-0.174006 18.623684
-0.172006 43.70795
-0.170006 15.892572
-0.168006 38.180176
-0.166006 5.331136
-0.164006 18.951944
-0.162006 11.449428
-0.160006 49.191692
-0.158006 3.4105713
-0.156006 10.958678
-0.154006 24.959827
-0.152006 36.72253
-0.150006 22.745527
-0.148006 51.445263
-0.146006 13.793928
-0.144006 28.447874
-0.142006 43.580692
-0.140006 32.026005
-0.138006 8.823333
-0.136006 11.542583
-0.134006 23.284197
-0.132006 28.083202
-0.130006 2.2552693
-0.128006 11.229633
-0.126006 9.564189
-0.124006 5.560571
-0.122006 98.39092
-0.120006 9.779272
-0.118006 81.88847
-0.116006 104.26423
-0.114006 56.19233
-0.112006 70.546684
-0.110006 11.177266
-0.108006 12.961669
-0.106006 72.75529
-0.104006 57.439262
-0.102006 98.87944
-0.100006 60.94462
-0.0980057 3.6773617
-0.0960057 0.70909023
-0.0940057 0.5182942
-0.0920057 0.104310304
-0.0900057 3.6978455
-0.0880057 0.38066548
-0.0860057 1.2574633
-0.0840058 2.6028976
-0.0820058 11.993441
-0.0800058 0.13807972
-0.0780058 3.0958478
-0.0760058 9.597194
-0.0740058 2.2572415
-0.0720058 8.980391
-0.0700058 0.66149926
-0.0680058 4.2072635
-0.0660058 3.5181017
-0.0640058 2.503681
-0.0620058 0.10169559
-0.0600058 8.824986
-0.0580058 5.9711494
-0.0560058 4.481821
-0.0540058 2.6437254
-0.0520058 7.527737
-0.0500058 17.656551
-0.0480058 15.736369
-0.0460058 11.540895
-0.0440058 3.9011858
-0.0420058 16.650087
-0.0400058 5.377834
-0.0380058 14.653619
-0.0360058 4.4177985
-0.0340058 15.2471485
-0.0320058 18.489607
-0.0300058 2.3004315
-0.0280058 33.146465
-0.0260058 18.205856
-0.0240058 3.1687777
-0.0220058 12.271471
-0.0200058 18.579882
-0.0180058 14.580689
-0.0160058 9.05516
-0.0140058 61.71188
-0.0120058 12.293625
-0.0100058 72.27662
-0.00800578 5.827366
-0.00600578 12.534303
-0.00400577 19.994068
-0.00200577 37.22366
-5.77467E-6 7.0575625E-5
0.00199423 5.6772127
0.00399423 1.8076742
0.00599423 13.087836
0.00799423 5.4304824
0.00999423 6.655418
0.0119942 13.190554
0.0139942 46.508892
0.0159942 9.852368
0.0179942 14.589708
0.0199942 36.666092
0.0219942 14.779194
0.0239942 1.3743384
0.0259942 37.900276
0.0279942 22.295958
0.0299942 0.4963885
0.0319942 10.105988
0.0339942 12.553727
0.0359942 6.437634
0.0379942 14.597127
0.0399942 8.872027
0.0419942 13.100099
0.0439942 0.8824499
0.0459942 18.758955
0.0479942 14.85717
0.0499942 13.243262
0.0519942 11.746423
0.0539942 8.193892
0.0559942 0.58912665
0.0579942 11.220463
0.0599942 14.445366
0.0619942 5.900723
0.0639942 5.702246
0.0659942 0.11583599
0.0679942 0.59494716
0.0699942 3.1672268
0.0719942 8.071113
0.0739942 2.023413
0.0759942 5.081004
0.0779942 1.6622682
0.0799942 5.1445236
0.0819942 6.2677402
0.0839942 2.91944
0.0859942 6.000963
0.0879942 7.60992
0.0899942 3.0107148
0.0919942 7.3239737
0.0939942 7.6558166
0.0959942 5.1266074
0.0979942 2.8593588
0.0999942 55.035297
0.101994 44.566948
0.103994 86.34434
0.105994 69.36663
0.107994 3.4833198
0.109994 2.3474698
0.111994 74.65357
0.113994 45.62746
0.115994 40.685207
0.117994 63.438778
0.119994 21.505266
0.121994 47.72613
0.123994 7.96948
0.125994 17.039421
0.127994 5.552917
0.129994 4.634432
0.131994 20.968216
0.133994 15.958097
0.135994 19.092113
0.137994 16.599792
0.139994 43.990837
0.141994 31.660156
0.143994 20.96955
0.145994 23.524096
0.147994 25.529762
0.149994 13.53353
0.151994 39.741135
0.153994 15.228848
0.155994 20.936405
0.157994 12.650711
0.159994 28.314463
0.161994 0.6602615
0.163994 7.902917
0.165994 5.9947715
0.167994 41.44067
0.169994 28.797953
0.171994 35.4705
0.173994 6.153712
0.175994 38.327248
0.177994 32.266212
0.179994 43.06091
0.181994 4.091601
0.183994 47.753937
0.185994 39.389816
0.187994 44.390427
0.189994 2.8721123
0.191994 30.991167
0.193994 9.310636
0.195994 0.52945143
0.197994 1.8546106
0.199994 13.78413
0.201994 35.63791
0.203994 0.7726729
0.205994 41.564754
0.207994 23.322826
0.209994 11.41804
0.211994 7.197663
0.213994 10.030227
0.215994 17.211103
0.217994 29.103378
0.219994 46.06945
0.221994 1.6057235
0.223994 21.434593
0.225994 45.51985
0.227994 6.0038776
0.229994 32.157124
0.231994 7.6725345
0.233994 18.833427
0.235994 45.019787
0.237994 1.1417849
0.239994 21.53794
0.241994 40.54592
0.243994 53.409077
0.245994 4.541426
0.247994 1.0075475
0.249994 2.6615381
0.251994 26.84503
0.253994 19.251064
0.255994 5.946436
0.257994 22.605621
0.259994 0.131888
0.261994 6.3717465
0.263994 7.7526836
0.265994 1.6453841
0.267994 25.720558
0.269994 7.5338736
0.271994 15.751943
0.273994 16.002224
0.275994 8.91037
0.277994 28.100206
0.279994 4.1937113
0.281994 6.85329
0.283994 31.613194
0.285994 14.131381
0.287994 19.022203
0.289994 14.89805
0.291994 1.6306802
0.293994 5.0443997
0.295994 0.52964056
0.297994 17.476925
0.299994 21.393955
0.301994 12.9277315
0.303994 24.676208
0.305994 22.235176
0.307994 6.198233
0.309994 9.156764
0.311994 31.752449
0.313994 4.467811
0.315995 6.8969707
0.317995 33.112495
0.319995 6.354522
0.321995 32.155785
0.323995 7.8864317
0.325995 0.97380096
0.327995 12.847701
0.329995 9.94044
0.331995 25.686855
0.333995 27.524343
0.335995 14.83117
0.337995 23.17259
0.339995 18.932947
0.341995 3.5601962
0.343995 8.505012
0.345995 3.2208202
0.347995 20.163837
0.349995 25.725582
0.351995 21.502123
0.353995 8.891572
0.355995 20.361635
0.357995 23.382978
0.359995 18.42927
0.361995 5.9772058
0.363995 18.432907
0.365995 25.425652
0.367995 26.368715
0.369995 21.751314
0.371995 11.065887
0.373995 30.808146
0.375995 11.4771
0.377995 22.575117
0.379995 4.4731507
0.381995 1.0027066
0.383995 4.435208
0.385995 5.340528
0.387995 6.238403
0.389995 5.652176
0.391995 5.108842
0.393995 4.0510864
0.395995 5.188339
0.397995 7.9718328
0.399995 12.943634
0.401995 20.649698
0.403995 2.3600807
0.405995 11.468176
0.407995 4.4029217
0.409995 18.778177
0.411995 14.48338
0.413995 15.283036
0.415995 23.751741
0.417995 4.4683924
0.419995 28.01625
0.421995 24.982994
0.423995 3.1433923
0.425995 12.44095
0.427995 5.2342696
0.429995 7.8424873
0.431995 22.876238
0.433995 14.950928
0.435995 20.6868
0.437995 4.5966253
0.439995 3.5340497
0.441995 16.023039
0.443995 10.703829
0.445995 21.221823
0.447995 15.227656
0.449995 25.37727
0.451995 18.210934
0.453995 2.363769
0.455995 3.7943294
0.457995 14.597136
0.459995 19.494184
0.461995 11.5861225
0.463995 7.431912
0.465995 4.858876
0.467995 20.8807
0.469995 3.7616916
0.471995 11.373148
0.473995 10.440575
0.475995 2.6958036
0.477995 21.877085
0.479995 1.7291771
0.481995 7.8621073
0.483995 11.315135
0.485995 9.713193
0.487995 5.8279934
0.489995 0.43822896
0.491995 5.6703286
0.493995 20.29527
0.495995 9.9836235
0.497995 4.5041146
0.499995 0.47827032
0.501995 0.49228257
0.503995 0.17347032
0.505995 2.3319342
0.507995 8.567148
0.509995 1.0140862
0.511995 12.342964
0.513995 10.746955
0.515995 13.967417
0.517995 5.1150002
0.519995 0.8036635
0.521995 3.6583874
0.523995 11.793101
0.525995 10.015915
0.527995 15.443142
0.529994 8.148156
0.531994 4.5744896
0.533994 9.012879
0.535994 4.3417196
0.537994 6.7034097
0.539994 0.026579838
0.541994 16.466753
0.543994 4.4859576
0.545994 1.0982524
0.547994 12.812361
0.549994 0.91492224
0.551994 4.799672
0.553994 2.1802328
0.555994 11.409292
0.557994 7.8186784
0.559994 7.9056187
0.561994 7.7015877
0.563994 8.06001
0.565994 8.007861
0.567994 7.6531343
0.569994 8.33174
0.571994 4.139646
0.573994 1.3878578
0.575994 10.2925005
0.577994 5.7379827
0.579994 5.788253
0.581994 6.3874063
0.583994 3.0658958
0.585994 3.01904
0.587994 9.650313
0.589994 7.081973
0.591994 11.498758
0.593994 10.047424
0.595994 1.0804592
0.597994 0.28707033
0.599994 10.348818
0.601994 15.050343
0.603994 17.355148
0.605994 14.473697
0.607993 12.767885
0.609993 4.3680053
0.611993 13.431495
0.613993 7.7307396
0.615993 0.9707659
0.617993 11.91463
0.619993 4.512214
0.621993 9.693136
0.623993 14.205437
0.625993 12.678225
0.627993 7.848806
0.629993 13.314229
0.631993 3.1995509
0.633993 4.8714204
0.635993 6.2410936
0.637993 1.2621206
0.639993 2.8328547
0.641993 2.223532
0.643993 4.6165752
0.645993 6.672339
0.647993 7.504471
0.649993 3.44673
0.651993 1.2206773
0.653993 4.1919446
0.655993 7.890174
0.657993 6.68481
0.659993 7.5660033
0.661993 3.7653086
0.663993 5.0826783
0.665993 2.513648
0.667993 8.959874
0.669993 5.8417597
0.671993 12.971477
0.673993 11.789887
0.675993 7.156554
0.677993 13.533998
0.679993 0.46710235
0.681993 4.532867
0.683993 6.228706
0.685992 13.823541
0.687992 9.433923
0.689992 16.866325
0.691992 20.57188
0.693992 17.45428
0.695992 8.936608
0.697992 5.864085
0.699992 11.630058
0.701992 5.4230137
0.703992 2.3923807
0.705992 2.8835013
0.707992 2.5846455
0.709992 2.806707
0.711992 0.8295157
0.713992 6.049692
0.715992 0.12902626
0.717992 3.3551784
0.719992 3.7128954
0.721992 1.2278013
0.723992 0.0045768768
0.725992 2.7430196
0.727992 7.857508
0.729992 3.0646613
0.731992 2.1884522
0.733992 4.174606
0.735992 13.875201
0.737992 14.288726
0.739992 8.359427
0.741992 13.141986
0.743992 0.8192641
0.745992 3.0799847
0.747992 6.9856944
0.749992 17.09291
0.751992 14.61354
0.753992 21.851955
0.755992 4.090444
0.757992 18.748405
0.759992 13.183304
0.761992 9.391474
0.763991 14.904022
0.765991 9.6257925
0.767991 9.290479
0.769991 16.329115
0.771991 7.868571
0.773991 16.244642
0.775991 3.437839
0.777991 3.6818697
0.779991 10.400358
0.781991 2.9235458
0.783991 0.682145
0.785991 9.159168
0.787991 1.6080306
0.789991 10.412862
0.791991 3.9648201
0.793991 1.534976
0.795991 0.6254744
0.797991 4.573628
0.799991 3.8373568
0.801991 2.0227284
0.803991 4.680739
0.805991 4.4053745
0.807991 6.3674073
0.809991 3.4465566
0.811991 3.2581513
0.813991 0.73702717
0.815991 7.2117486
0.817991 13.917501
0.819991 4.301554
0.821991 5.902369
0.823991 1.4122931
0.825991 15.921941
0.827991 6.7124677
0.829991 8.885051
0.831991 14.8418865
0.833991 9.987763
0.835991 5.11944
0.837991 18.973467
0.83999 19.556713
0.84199 22.109253
0.84399 11.494619
0.84599 13.870287
0.84799 22.287277
0.84999 61.42574
0.85199 92.8381
0.85399 57.9147
0.85599 46.022423
0.85799 63.63702
0.85999 2.1672432
0.86199 36.993935
0.86399 15.894098
0.86599 54.937553
0.86799 5.019788
0.86999 34.688858
0.87199 49.47145
0.87399 59.10284
0.87599 75.88851
0.87799 53.306736
0.87999 18.657928
0.88199 28.161465
0.88399 13.539569
0.88599 79.86484
0.88799 72.49796
0.88999 53.96425
0.89199 27.329988
0.89399 33.223385
0.89599 73.06631
0.89799 0.90409124
0.89999 57.009518
0.90199 56.1484
0.90399 24.87285
0.90599 44.540554
0.90799 25.5713
0.90999 0.47483793
0.91199 12.084763
0.91399 27.525202
0.91599 22.859497
0.917989 1.5547509
0.919989 39.298714
0.921989 63.696075
0.923989 56.679565
0.925989 55.99329
0.927989 17.067488
0.929989 47.310677
0.931989 31.279469
0.933989 17.993252
0.935989 31.967684
0.937989 51.509068
0.939989 33.613808
0.941989 37.21509
0.943989 47.338673
0.945989 29.465374
0.947989 44.91761
0.949989 11.470799
0.951989 20.878014
0.953989 3.9106054
0.955989 38.061234
0.957989 62.331123
0.959989 49.81265
0.961989 74.27949
0.963989 89.05982
0.965989 18.901411
0.967989 14.0275345
0.969989 92.591774
0.971989 9.627609
0.973989 95.49907
0.975989 64.563705
0.977989 91.57059
0.979989 104.41912
0.981989 97.4188
0.983989 4.0507917
0.985989 39.334507
0.987989 8.318101
0.989989 20.986979
0.991989 64.098854
0.993989 107.294426
0.995988 172.5422
0.997988 159.86253
0.999988 1487.36
