-0.998 4.866458475589752
-0.99600005 0.46753980591893196
-0.9940001 3.0154733657836914
-0.9920001 0.9908909276127815
-0.9900001 7.737962521612644
-0.98800015 1.236044880002737
-0.9860002 5.414257895201445
-0.9840002 9.046104028820992
-0.98200023 11.392168752849102
-0.98000026 3.946450375020504
-0.9780003 4.519280970096588
-0.9760003 4.181756194680929
-0.97400033 3.911376252770424
-0.97200036 12.383526988327503
-0.9700004 8.192381478846073
-0.9680004 9.072972878813744
-0.96600044 2.5295247435569763
-0.96400046 2.922051079571247
-0.9620005 6.936820283532143
-0.9600005 4.94583098590374
-0.95800054 5.867841202765703
-0.95600057 2.688574530184269
-0.9540006 8.862431108951569
-0.9520006 1.8607962131500244
-0.95000064 2.0608423203229904
-0.94800067 0.8812848404049873
-0.9460007 1.935303308069706
-0.9440007 4.296940848231316
-0.94200075 6.254416670650244
-0.9400008 3.28956126794219
-0.9380008 0.6919192112982273
-0.9360008 3.489254657179117
-0.93400085 3.0169351398944855
-0.9320009 4.288495689630508
-0.9300009 6.578709665685892
-0.9280009 0.28836070746183395
-0.92600095 1.593538723886013
-0.924001 3.6991113647818565
-0.922001 8.586848266422749
-0.92000103 0.6967753991484642
-0.91800106 4.2150156237185
-0.9160011 17.23698042705655
-0.9140011 14.035271421074867
-0.91200113 20.209658965468407
-0.91000116 11.457206510007381
-0.9080012 9.719652719795704
-0.9060012 0.6835603229701519
-0.90400124 7.0650593265891075
-0.90200126 1.6098350882530212
-0.9000013 1.4227030575275421
-0.8980013 0.9098404049873352
-0.89600134 1.1988735683262348
-0.89400136 4.509254917502403
-0.8920014 3.195360541343689
-0.8900014 0.9544266536831856
-0.88800144 1.0279302634298801
-0.88600147 8.068421967327595
-0.8840015 0.7008854374289513
-0.8820015 3.381240911781788
-0.88000154 1.0948609933257103
-0.8780016 1.9843140244483948
-0.8760016 0.18545815721154213
-0.8740016 1.6076467595994473
-0.87200165 4.173683483153582
-0.8700017 0.20714790746569633
-0.8680017 0.27365805208683014
-0.8660017 4.977878749370575
-0.86400175 3.1561424285173416
-0.8620018 10.408260382711887
-0.8600018 11.826416660100222
-0.8580018 1.1086438223719597
-0.85600185 5.05164198204875
-0.8540019 7.428091403096914
-0.8520019 5.170531362295151
-0.85000193 0.23277482390403748
-0.84800196 2.4693576730787754
-0.846002 2.893447034060955
-0.844002 4.738937012851238
-0.84200203 3.458705849945545
-0.84000206 2.2699800357222557
-0.8380021 4.164635352790356
-0.8360021 3.9189266581088305
-0.83400214 4.102684713900089
-0.83200216 0.9119847733527422
-0.8300022 3.0575326830148697
-0.8280022 6.012158988043666
-0.82600224 5.778514690697193
-0.82400227 4.015928514301777
-0.8220023 14.223088970407844
-0.8200023 1.7443601787090302
-0.81800234 3.775782324373722
-0.81600237 1.3707758318632841
-0.8140024 3.4455668795853853
-0.8120024 2.784350760281086
-0.81000245 4.044208358973265
-0.8080025 3.759790051728487
-0.8060025 2.347780290991068
-0.8040025 3.8888446781784296
-0.80200255 2.7567543778568506
-0.8000026 2.1683861315250397
-0.7980026 1.8617585953325033
-0.7960026 2.779347002506256
-0.79400265 4.299872223287821
-0.7920027 2.999893680214882
-0.7900027 0.7317000329494476
-0.7880027 1.57982886582613
-0.78600276 5.5077697820961475
-0.7840028 1.3564519714564085
-0.7820028 5.250484282150865
-0.78000283 0.3989411797374487
-0.77800286 1.938100216910243
-0.7760029 0.9337402153760195
-0.7740029 8.383347161114216
-0.77200294 3.2182323150336742
-0.77000296 4.3055667746812105
-0.768003 1.549663545563817
-0.766003 4.3972212839871645
-0.76400304 0.8324021678417921
-0.76200306 1.614700946956873
-0.7600031 0.36975666508078575
-0.7580031 3.088087549433112
-0.75600314 3.2277552392333746
-0.75400317 5.53226631693542
-0.7520032 0.8224879764020443
-0.7500032 3.6789672281593084
-0.74800324 2.2477001771330833
-0.74600327 1.114324040710926
-0.7440033 2.4657070375978947
-0.7420033 0.44617149233818054
-0.74000335 5.1586510874331
-0.7380034 2.665808079764247
-0.7360034 2.991112118586898
-0.7340034 0.11988232284784317
-0.73200345 2.940911799669266E-4
-0.7300035 4.5443521067500114
-0.7280035 3.628830924630165
-0.7260035 3.0961844231933355
-0.72400355 0.755425414070487
-0.7220036 2.3829765431582928
-0.7200036 6.276506334543228
-0.71800363 0.49066274985671043
-0.71600366 0.3679713550955057
-0.7140037 0.9905443377792835
-0.7120037 2.040423985570669
-0.71000373 4.941842306405306
-0.70800376 4.367409635335207
-0.7060038 1.306966019794345
-0.7040038 1.598477190360427
-0.70200384 2.001116396859288
-0.70000386 3.9751121662557125
-0.6980039 3.030161038041115
-0.6960039 2.4020538944751024
-0.69400394 1.6676086112856865
-0.69200397 0.13974832743406296
-0.690004 3.1696280855685472
-0.688004 0.08681404404342175
-0.68600404 3.800229702144861
-0.68400407 3.2036682534962893
-0.6820041 3.1441634856164455
-0.6800041 4.491207214072347
-0.67800415 1.9338849391788244
-0.6760042 6.921328695490956
-0.6740042 1.2797976285219193
-0.6720042 0.16397551074624062
-0.67000425 1.4344134647399187
-0.6680043 0.9366630222648382
-0.6660043 1.221398962661624
-0.6640043 2.816182617098093
-0.66200435 3.7353371754288673
-0.6600044 0.19673818536102772
-0.6580044 4.330450063571334
-0.6560044 0.2749953679740429
-0.65400445 2.609913632273674
-0.6520045 1.6771608889102936
-0.6500045 2.4157281816005707
-0.64800453 1.904570708051324
-0.64600456 3.8191088158637285
-0.6440046 0.7974372077733278
-0.6420046 4.888636080548167
-0.64000463 1.385105961933732
-0.63800466 0.795231606811285
-0.6360047 0.7469040788710117
-0.6340047 1.5766463968902826
-0.63200474 1.5968345645815134
-0.63000476 1.6430898029357195
-0.6280048 0.5798475928604603
-0.6260048 0.22524365410208702
-0.62400484 0.4574500024318695
-0.62200487 0.4516954328864813
-0.6200049 0.6061175391077995
-0.6180049 4.48038867674768
-0.61600494 1.0821272190660238
-0.61400497 2.0769148245453835
-0.612005 3.2773170433938503
-0.610005 9.446950798854232
-0.60800505 1.3398835845291615
-0.6060051 7.7008059453219175
-0.6040051 5.265200048685074
-0.6020051 6.759504398331046
-0.60000515 4.901274856179953
-0.5980052 8.399342009797692
-0.5960052 5.953965052962303
-0.5940052 6.256982211023569
-0.59200525 1.991957861930132
-0.5900053 5.834326393902302
-0.5880053 6.451532913371921
-0.58600533 4.50317089445889
-0.58400536 4.641116824001074
-0.5820054 3.509661940857768
-0.5800054 1.745641153305769
-0.57800543 3.9785591773688793
-0.57600546 2.8307140059769154
-0.5740055 2.917317759245634
-0.5720055 4.8466149643063545
-0.57000554 2.7800016086548567
-0.56800556 0.6321224272251129
-0.5660056 3.671014117076993
-0.5640056 1.0818180944770575
-0.56200564 1.0512778759002686
-0.56000566 0.33142331056296825
-0.5580057 7.628868384286761
-0.5560057 5.397534757852554
-0.55400574 6.18789242208004
-0.55200577 6.544500041753054
-0.5500058 0.9939008485525846
-0.5480058 4.105706445872784
-0.54600585 2.37070426158607
-0.5440059 1.6770707555115223
-0.5420059 0.4787592962384224
-0.5400059 2.650801192969084
-0.53800595 1.4399622157216072
-0.536006 1.251555971801281
-0.534006 1.279358884319663
-0.532006 5.9862990491092205
-0.53000605 0.06005933880805969
-0.5280061 3.5385408252477646
-0.5260061 5.2851429637521505
-0.5240061 1.6506403032690287
-0.52200615 5.101249378174543
-0.5200062 4.098580300807953
-0.5180062 0.9002942778170109
-0.51600623 1.442771501839161
-0.51400626 5.080651875585318
-0.5120063 3.3700740728527308
-0.5100063 4.128549071028829
-0.50800633 2.149406611919403
-0.50600636 6.227285068482161
-0.5040064 5.685761243104935
-0.5020064 0.6491294540464878
-0.50000644 7.536526069045067
-0.49800643 6.679519306868315
-0.49600643 0.2158239595592022
-0.49400643 3.2021845914423466
-0.49200642 1.7412112802267075
-0.49000642 4.2015333361923695
-0.4880064 3.376143839210272
-0.4860064 8.050854872912169
-0.4840064 11.004398852586746
-0.4820064 2.991471890360117
-0.4800064 14.82811277359724
-0.4780064 1.2212369497865438
-0.4760064 4.939293276518583
-0.47400638 10.72707585990429
-0.47200638 3.3228716384619474
-0.47000638 7.458550203591585
-0.46800637 0.1403478868305683
-0.46600637 5.245475720614195
-0.46400636 8.329162567853928
-0.46200636 9.81778134033084
-0.46000636 2.412410458549857
-0.45800635 2.8082192838191986
-0.45600635 3.694548012688756
-0.45400634 5.7549862544983625
-0.45200634 1.6674503311514854
-0.45000634 0.1042593251913786
-0.44800633 1.732209900394082
-0.44600633 7.2126499209553
-0.44400632 1.2015508860349655
-0.44200632 8.349579216912389
-0.44000632 5.302166402339935
-0.4380063 0.6995780412107706
-0.4360063 3.17698179371655
-0.4340063 5.364514265209436
-0.4320063 0.11265315115451813
-0.4300063 3.365750528872013
-0.4280063 0.4151597060263157
-0.4260063 0.35376499965786934
-0.42400628 1.6649251226335764
-0.42200628 0.9274722300469875
-0.42000628 0.46574961207807064
-0.41800627 6.436765348538756
-0.41600627 1.5732758846133947
-0.41400626 2.4585656225681305
-0.41200626 1.6715588923543692
-0.41000625 8.21312445960939
-0.40800625 5.3748856876045465
-0.40600625 3.0017636716365814
-0.40400624 9.229541203007102
-0.40200624 8.616159718483686
-0.40000623 1.7155219838023186
-0.39800623 5.0775429382920265
-0.39600623 3.2481997925788164
-0.39400622 4.769581399857998
-0.39200622 10.179936932399869
-0.3900062 4.013723831623793
-0.3880062 10.80165508762002
-0.3860062 0.9292541556060314
-0.3840062 1.3443593326956034
-0.3820062 2.142252165824175
-0.3800062 1.980618979781866
-0.3780062 1.3721364680677652
-0.3760062 8.826006783172488
-0.37400618 8.848000340163708
-0.37200618 1.9404980316758156
-0.37000617 4.602532843127847
-0.36800617 1.3298309184610844
-0.36600617 8.614852048456669
-0.36400616 10.946829603984952
-0.36200616 8.811809938400984
-0.36000615 10.69269124418497
-0.35800615 1.0692619029432535
-0.35600615 4.418238293379545
-0.35400614 5.213302128016949
-0.35200614 3.925137259066105
-0.35000613 9.02146602421999
-0.34800613 4.9670850951224566
-0.34600613 0.22390086017549038
-0.34400612 3.250964345410466
-0.34200612 6.504505679011345
-0.3400061 2.4379681069403887
-0.3380061 7.502041574567556
-0.3360061 1.8553041331470013
-0.3340061 6.81121332757175
-0.3320061 1.944221168756485
-0.3300061 0.016276637092232704
-0.3280061 1.3671321235597134
-0.32600608 6.529299005866051
-0.32400608 0.09745439328253269
-0.32200608 2.0833061188459396
-0.32000607 0.9990960955619812
-0.31800607 1.574664382264018
-0.31600606 0.06589996255934238
-0.31400606 3.1070780120790005
-0.31200606 0.47349604219198227
-0.31000605 3.223062288016081
-0.30800605 13.554763277992606
-0.30600604 7.879471432417631
-0.30400604 2.605816187337041
-0.30200604 6.140210809186101
-0.30000603 2.886878902092576
-0.29800603 1.247880605980754
-0.29600602 1.6231384631246328
-0.29400602 4.410463010892272
-0.29200602 2.0055780597031116
-0.290006 2.80214567668736
-0.288006 0.8082091119140387
-0.286006 7.564126096665859
-0.284006 4.306775216013193
-0.282006 5.805397538468242
-0.280006 4.443711318075657
-0.278006 0.6035171076655388
-0.27600598 2.664720818400383
-0.27400598 3.005356527864933
-0.27200598 2.001609044149518
-0.27000597 0.027836201712489128
-0.26800597 2.5434090681374073
-0.26600596 2.658643078058958
-0.26400596 0.003000989556312561
-0.26200595 2.1430671364068985
-0.26000595 3.414012124761939
-0.25800595 3.4459829349070787
-0.25600594 1.8768059741705656
-0.25400594 1.654035348445177
-0.25200593 0.4945791270583868
-0.25000593 0.0346137098968029
-0.24800593 7.194560136646032
-0.24600592 5.095017734915018
-0.24400592 10.47566232830286
-0.24200591 8.038478715345263
-0.24000591 1.5175875555723906
-0.2380059 14.503407465294003
-0.2360059 8.794443422928452
-0.2340059 1.9544274378567934
-0.2320059 1.0560437142848969
-0.23000589 12.17390133626759
-0.22800589 6.416895629838109
-0.22600588 14.351643754169345
-0.22400588 4.654102094471455
-0.22200587 9.99751366302371
-0.22000587 15.052442556247115
-0.21800587 4.486808113753796
-0.21600586 10.965918747708201
-0.21400586 3.152505449950695
-0.21200585 2.293244995176792
-0.21000585 11.28634287044406
-0.20800585 12.54646579362452
-0.20600584 2.139874095097184
-0.20400584 12.716903688386083
-0.20200583 12.925507796928287
-0.20000583 3.4112883992493153
-0.19800583 0.8175273928791285
-0.19600582 0.7852174919098616
-0.19400582 0.04690716043114662
-0.19200581 0.04234062135219574
-0.19000581 0.43322495371103287
-0.1880058 0.9880708511918783
-0.1860058 0.3237728923559189
-0.1840058 1.0033521968871355
-0.1820058 0.6563652958720922
-0.18000579 0.07331454753875732
-0.17800578 0.5706543456763029
-0.17600578 0.784088984131813
-0.17400578 0.3913075942546129
-0.17200577 0.5189947169274092
-0.17000577 0.1289242822676897
-0.16800576 1.0505265574902296
-0.16600576 0.8939913902431726
-0.16400576 0.2676801271736622
-0.16200575 0.7781525086611509
-0.16000575 0.030193353071808815
-0.15800574 0.6268390715122223
-0.15600574 0.16940395534038544
-0.15400574 0.2575062941759825
-0.15200573 0.48909430392086506
-0.15000573 0.46047186851501465
-0.14800572 0.23367590829730034
-0.14600572 2.5730766355991364E-4
-0.14400572 0.24774879403412342
-0.14200571 0.6138300262391567
-0.14000571 0.1729412693530321
-0.1380057 0.9834465067833662
-0.1360057 0.26983377896249294
-0.1340057 0.8978343475610018
-0.13200569 0.102192347869277
-0.13000569 0.9244783669710159
-0.12800568 0.055441854521632195
-0.12600568 0.25905121117830276
-0.12400568 0.22609370574355125
-0.122005686 0.07479439675807953
-0.12000569 0.08500760979950428
-0.11800569 0.5999853946268559
-0.1160057 1.014465231448412
-0.1140057 1.070180393755436
-0.1120057 0.29339108243584633
-0.11000571 1.0608729515224695
-0.10800571 0.7321868818253279
-0.10600571 0.4600334484130144
-0.10400572 0.7679460532963276
-0.10200572 0.319815581664443
-0.10000572 0.24180345609784126
-0.09800573 0.3419881258159876
-0.09600573 0.30947238579392433
-0.094005734 0.4594656154513359
-0.09200574 0.9169876426458359
-0.09000574 0.6774690486490726
-0.088005744 0.6427053902298212
-0.08600575 0.7648515366017818
-0.08400575 0.421933151781559
-0.082005754 0.026836762204766273
-0.08000576 0.15737517550587654
-0.07800576 0.08056584745645523
-0.076005764 0.4173112381249666
-0.07400577 0.2462424784898758
-0.07200577 0.030019216239452362
-0.070005774 0.34587910398840904
-0.06800578 0.20030218176543713
-0.06600578 0.5115450099110603
-0.064005785 0.4922097511589527
-0.062005784 0.9060160890221596
-0.060005784 0.16779238916933537
-0.058005784 1.0221041720360518
-0.056005783 0.5244668517261744
-0.054005783 0.3489671405404806
-0.052005783 0.5345125906169415
-0.050005782 0.3497116193175316
-0.048005782 0.7305975891649723
-0.04600578 0.4644041731953621
-0.04400578 0.1036625113338232
-0.04200578 0.35432889871299267
-0.04000578 0.6181600484997034
-0.03800578 0.34999655187129974
-0.03600578 0.42104279063642025
-0.03400578 0.7557447515428066
-0.03200578 0.5134691651910543
-0.03000578 0.2954762000590563
-0.028005779 0.14214732125401497
-0.026005778 0.20179676450788975
-0.024005778 0.16531849838793278
-0.022005778 0.7256226874887943
-0.020005777 0.42252013087272644
-0.018005777 0.4173652958124876
-0.016005777 0.05669653043150902
-0.0140057765 0.7094256188720465
-0.012005776 0.2954990454018116
-0.010005776 0.2753146309405565
-0.0080057755 0.17279419489204884
-0.006005775 0.5341227650642395
-0.004005775 0.006012933328747749
-0.0020057748 0.2236182987689972
-5.7746656E-6 7.057562470436096E-5
0.0019942254 0.3228268828243017
0.0039942255 0.807594396173954
0.005994226 0.08767449669539928
0.007994226 0.43035460263490677
0.0099942265 0.3447820898145437
0.011994227 0.18846778012812138
0.013994227 0.5060514453798532
0.015994227 0.14942283928394318
0.017994227 0.5874411389231682
0.019994227 0.3369073588401079
0.021994228 0.2244353350251913
0.023994228 0.37865814194083214
0.025994228 0.1047949530184269
0.027994229 0.2900755889713764
0.029994229 0.5031404551118612
0.031994227 0.10240192152559757
0.033994228 0.45032135024666786
0.035994228 0.5675534456968307
0.03799423 0.5913467593491077
0.03999423 0.13437851332128048
0.04199423 1.0930354110896587
0.04399423 0.8902031276375055
0.04599423 0.24952107854187489
0.04799423 0.15205977484583855
0.04999423 0.7667542342096567
0.05199423 0.2644126135855913
0.05399423 0.817795867100358
0.05599423 0.39830240420997143
0.05799423 0.7930241022258997
0.059994232 0.5708746649324894
0.061994232 0.8833779711276293
0.06399423 0.3059695903211832
0.065994225 0.1223902590572834
0.06799422 0.601906118914485
0.06999422 0.15985082276165485
0.071994215 0.06590879522264004
0.07399421 0.017915261909365654
0.07599421 0.0839042216539383
0.077994205 0.34078729897737503
0.0799942 0.8554762396961451
0.0819942 0.2677404638379812
0.083994195 0.0770136509090662
0.08599419 1.0027550719678402
0.08799419 0.6021316703408957
0.089994185 0.9974336102604866
0.09199418 0.31119823828339577
0.09399418 0.6424756180495024
0.095994174 0.11268896423280239
0.09799417 0.15998625569045544
0.09999417 0.05544636771082878
0.101994164 0.45161611773073673
0.10399416 0.7755949255079031
0.10599416 0.7523361574858427
0.107994154 0.39314004965126514
0.10999415 0.4695658814162016
0.11199415 0.5269548166543245
0.113994144 0.24787456914782524
0.11599414 0.5560845397412777
0.11799414 0.6878505200147629
0.11999413 0.6257376838475466
0.12199413 0.5981985088437796
0.12399413 0.16272986307740211
0.12599413 0.03287665173411369
0.12799414 0.37244362384080887
0.12999414 0.4425886385142803
0.13199414 0.05648282915353775
0.13399415 0.04909682832658291
0.13599415 0.0016607902944087982
0.13799416 0.5031989403069019
0.13999416 0.11856425739824772
0.14199416 0.5475584995001554
0.14399417 0.9146072138100863
0.14599417 0.39412845857441425
0.14799418 0.6038493197411299
0.14999418 0.32915932312607765
0.15199418 0.6000718008726835
0.15399419 0.6142122745513916
0.15599419 0.7752862870693207
0.1579942 0.4853551909327507
0.1599942 0.8551895879209042
0.1619942 0.8476524762809277
0.16399421 0.09505985863506794
0.16599421 0.20218638889491558
0.16799422 0.22441852279007435
0.16999422 0.4235959928482771
0.17199422 0.24359085224568844
0.17399423 0.3860556036233902
0.17599423 0.07354722358286381
0.17799424 0.006571650505065918
0.17999424 0.2047480195760727
0.18199424 0.1801434326916933
0.18399425 0.4586596228182316
0.18599425 0.9120871685445309
0.18799426 0.918183296918869
0.18999426 0.8124917130917311
0.19199426 0.649949200451374
0.19399427 0.037937991321086884
0.19599427 0.1145349033176899
0.19799428 0.47087471932172775
0.19999428 5.607639737427235
0.20199428 4.2380119524896145
0.20399429 20.36456119827926
0.2059943 5.873580493032932
0.2079943 4.875647317618132
0.2099943 3.9619225673377514
0.2119943 6.732508970424533
0.21399431 12.53222399763763
0.21599431 20.703406596556306
0.21799432 14.585884576663375
0.21999432 6.483058266341686
0.22199433 4.831284632906318
0.22399433 15.861009109765291
0.22599433 9.935566430911422
0.22799434 18.38172915764153
0.22999434 8.523556668311357
0.23199435 4.3176396526396275
0.23399435 11.176668448373675
0.23599435 6.32219060882926
0.23799436 12.431782012805343
0.23999436 12.81540721282363
0.24199437 6.780103573575616
0.24399437 6.370055632665753
0.24599437 4.666001485660672
0.24799438 7.186307784169912
0.24999438 0.4858190380036831
0.25199437 0.44486148469150066
0.25399438 5.189715337008238
0.25599438 0.5016777645796537
0.25799438 6.150103768333793
0.2599944 1.5948778074234724
0.2619944 0.09878644719719887
0.2639944 2.2745365668088198
0.2659944 5.159551937133074
0.2679944 0.18900146521627903
0.2699944 2.993886925280094
0.2719944 5.203448718413711
0.27399442 6.445144286379218
0.27599442 6.3446262907236814
0.27799442 4.525720553472638
0.27999443 0.6104037519544363
0.28199443 2.2187808603048325
0.28399444 0.9690623506903648
0.28599444 4.477541118860245
0.28799444 4.358569163829088
0.28999445 0.22453400120139122
0.29199445 7.685834793373942
0.29399446 2.3508582171052694
0.29599446 0.17404594458639622
0.29799446 0.2845895104110241
0.29999447 6.378570878878236
0.30199447 5.144099688157439
0.30399448 1.8813744876533747
0.30599448 7.429042497649789
0.30799448 5.380703182891011
0.3099945 3.327740002423525
0.3119945 0.859293581917882
0.3139945 5.562234571203589
0.3159945 1.0211361683905125
0.3179945 2.8182463198900223
0.3199945 2.533459559082985
0.3219945 0.25571147724986076
0.32399452 2.0258350986987352
0.32599452 8.950761213898659
0.32799453 4.089259279891849
0.32999453 3.0090222358703613
0.33199453 5.275213243439794
0.33399454 2.4504349790513515
0.33599454 2.0946985501796007
0.33799455 3.765392003580928
0.33999455 7.017248433083296
0.34199455 3.4023136869072914
0.34399456 8.469913644716144
0.34599456 5.766621073707938
0.34799457 2.836222054436803
0.34999457 7.219681968912482
0.35199457 2.455111037939787
0.35399458 4.077729402109981
0.35599458 3.619831742718816
0.3579946 0.6107514314353466
0.3599946 10.576824195683002
0.3619946 9.041351305320859
0.3639946 3.524562254548073
0.3659946 9.543576933443546
0.3679946 2.612367305904627
0.3699946 6.241718538105488
0.3719946 3.9391896072775126
0.37399462 3.2090733721852303
0.37599462 11.552356081083417
0.37799463 4.466676319018006
0.37999463 5.44628338702023
0.38199463 2.0180049017071724
0.38399464 2.4388450291007757
0.38599464 3.667588831856847
0.38799465 7.78156079351902
0.38999465 1.3797286041080952
0.39199466 7.935098368674517
0.39399466 10.916978605091572
0.39599466 9.790933657437563
0.39799467 4.01873641833663
0.39999467 9.058320365846157
0.40199468 8.363730916753411
0.40399468 9.38507603853941
0.40599468 3.5684761703014374
0.4079947 6.356013368815184
0.4099947 6.814320273697376
0.4119947 4.508674995973706
0.4139947 4.702603496611118
0.4159947 4.2449200842529535
0.4179947 1.5393754802644253
0.4199947 12.002710657194257
0.42199472 4.952749595046043
0.42399472 1.9191539455205202
0.42599472 3.493182687088847
0.42799473 5.723893191665411
0.42999473 1.1261520497500896
0.43199474 6.102960681542754
0.43399474 4.03891247138381
0.43599474 2.31376457773149
0.43799475 0.30237412452697754
0.43999475 5.374633405357599
0.44199476 8.89540403522551
0.44399476 5.775549914687872
0.44599476 0.7163701318204403
0.44799477 3.720528222620487
0.44999477 5.41901626996696
0.45199478 4.636420084163547
0.45399478 1.2200723327696323
0.45599478 7.659653536975384
0.4579948 0.7227200493216515
0.4599948 0.6106050089001656
0.4619948 7.306691933423281
0.4639948 1.6659646555781364
0.4659948 3.770381201058626
0.4679948 1.0913043152540922
0.4699948 0.964127391576767
0.47199482 3.4326494578272104
0.47399482 3.373522013425827
0.47599483 1.8733424730598927
0.47799483 2.953806420788169
0.47999483 17.110212471336126
0.48199484 7.844521459192038
0.48399484 14.398688230663538
0.48599485 4.007882170379162
0.48799485 7.900391016155481
0.48999485 1.2975229918956757
0.49199486 0.586492758244276
0.49399486 9.455392487347126
0.49599487 6.622943922877312
0.49799487 1.8914617486298084
0.49999487 7.097056869417429
0.50199485 4.961009729653597
0.5039948 6.299931326881051
0.5059948 3.146179646253586
0.5079948 0.9233297221362591
0.50999475 2.3357104398310184
0.5119947 1.522164886817336
0.5139947 1.0819552727043629
0.51599467 6.962912594899535
0.51799464 2.100604921579361
0.5199946 3.2207040656358004
0.5219946 4.548437157645822
0.52399457 1.4255477413535118
0.52599454 1.3904521353542805
0.5279945 3.976960640400648
0.5299945 3.285792725160718
0.53199446 3.12657817453146
0.53399444 2.733638621866703
0.5359944 0.9499413557350636
0.5379944 7.58553721755743
0.53999436 3.844724940136075
0.54199433 0.6728547587990761
0.5439943 5.5271140281111
0.5459943 5.933657733723521
0.54799426 8.030429769307375
0.54999423 3.2956252936273813
0.5519942 3.2018942907452583
0.5539942 3.216252900660038
0.55599415 2.7999929524958134
0.5579941 9.40858967974782
0.5599941 6.4916075468063354
0.5619941 1.4926041513681412
0.56399405 1.8490321636199951
0.565994 1.0078607872128487
0.567994 3.653134262189269
0.569994 1.3317406736314297
0.57199395 1.3587749693542719
0.5739939 3.8333528712391853
0.5759939 4.154120899736881
0.57799387 5.712874464690685
0.57999384 3.8944420740008354
0.5819938 6.076567044481635
0.5839938 3.629786681383848
0.58599377 3.917308820411563
0.58799374 1.7051143012940884
0.5899937 2.110685057938099
0.5919937 6.705158431082964
0.59399366 3.410906495526433
0.59599364 7.552541457116604
0.5979936 6.446546357125044
0.5999936 0.5988687761127949
0.60199356 1.7160859815776348
0.60399354 4.6826300378888845
0.6059935 3.583258429542184
0.6079935 2.3084155339747667
0.60999346 2.272178741171956
0.61199343 4.580404425039887
0.6139934 3.8622487373650074
0.6159934 3.3541504684835672
0.61799335 5.717176537960768
0.6199933 0.13492407649755478
0.6219933 0.6923745535314083
0.6239933 0.1930903885513544
0.62599325 0.5488920658826828
0.6279932 0.7088638972491026
0.6299932 0.548759788274765
0.6319932 0.07064825668931007
0.63399315 1.285231351852417
0.6359931 1.3506047241389751
0.6379931 3.140618931502104
0.6399931 1.865707155317068
0.64199305 1.9192586652934551
0.643993 2.3834246061742306
0.645993 5.672339055687189
0.64799297 3.191525410860777
0.64999294 3.130837032571435
0.6519929 2.4604530911892653
0.6539929 2.1643034033477306
0.65599287 0.7596503645181656
0.65799284 2.7008738797158003
0.6599928 1.5727748479694128
0.6619928 3.1021280735731125
0.66399276 6.266782645136118
0.66599274 2.848583210259676
0.6679927 3.7590414732694626
0.6699927 0.10655169188976288
0.67199266 2.130526341497898
0.67399263 6.667927045375109
0.6759926 3.657406600192189
0.6779926 2.011076297610998
0.67999256 1.079842984676361
0.68199253 0.4056748542934656
0.6839925 1.26212253049016
0.6859925 5.171378104016185
0.68799245 0.5896416585892439
0.6899924 0.8046301677823067
0.6919924 0.8753128927201033
0.6939924 0.8792552445083857
0.69599235 0.5806366205215454
0.6979923 0.11812753044068813
0.6999923 7.628732865676284
0.7019923 2.402363246306777
0.70399225 1.2397739179432392
0.7059922 3.2355363331735134
0.7079922 1.6633204463869333
0.7099922 5.45338798314333
0.71199214 1.6777578555047512
0.7139921 0.09379253536462784
0.7159921 2.2641418762505054
0.71799207 0.7918541170656681
0.71999204 1.271936533972621
0.721992 1.227801326662302
0.723992 1.9954231232404709
0.72599196 1.197135353460908
0.72799194 2.6010987255722284
0.7299919 0.3984912745654583
0.7319919 4.747054968029261
0.73399186 1.7702162694185972
0.73599184 1.5561768561601639
0.7379918 1.8430267740041018
0.7399918 1.5875038765370846
0.74199176 1.8245226927101612
0.74399173 0.805597085505724
0.7459917 0.42802937887609005
0.7479917 2.547739837318659
0.74999166 0.978109635412693
0.7519916 1.488782050088048
0.7539916 2.195580031722784
0.7559916 0.39658223092556
0.75799155 4.516565527766943
0.7599915 1.8743366580456495
0.7619915 2.037916488945484
0.7639915 1.5052781347185373
0.76599145 2.181229591369629
0.7679914 2.639158820733428
0.7699914 0.35826510563492775
0.7719914 0.4291647896170616
0.77399135 10.768908319994807
0.7759913 0.5106896795332432
0.7779913 2.7235742174088955
0.77999127 2.410464558750391
0.78199124 4.505982983857393
0.7839912 1.8742660582065582
0.7859912 3.306667000055313
0.78799117 6.480638958513737
0.78999114 1.1508487462997437
0.7919911 5.240648098289967
0.7939911 2.8200962711125612
0.79599106 6.277524799108505
0.79799104 0.2329124491661787
0.799991 2.8373568318784237
0.801991 5.977271482348442
0.80399096 1.6375752687454224
0.80599093 2.0947697181254625
0.8079909 2.972944501787424
0.8099909 2.856951255351305
0.81199086 3.1684420108795166
0.81399083 1.4275720678269863
0.8159908 4.9779816418886185
0.8179908 1.0362242795526981
0.81999075 4.68685176409781
0.8219907 10.877252226695418
0.8239907 6.412226185202599
0.8259907 1.9482840429991484
0.82799065 3.987647384405136
0.8299906 1.1280649453401566
0.8319906 0.7755135223269463
0.8339906 3.698489513248205
0.83599055 9.459321048110723
0.8379905 3.687021231278777
0.8399905 7.812927041202784
0.8419905 3.0620030350983143
0.84399045 5.556352466344833
0.8459904 6.741965990513563
0.8479904 4.505473405122757
0.84999037 0.03618418797850609
0.85199034 2.621955491602421
0.8539903 4.3046578876674175
0.8559903 4.306250713765621
0.85799026 4.575819246470928
0.85999024 11.99439451098442
0.8619902 9.115355428308249
0.8639902 1.852286022156477
0.86599016 0.9382889047265053
0.86799014 2.9526762813329697
0.8699901 6.745083771646023
0.8719901 4.485744934529066
0.87399006 0.8393098786473274
0.87599003 2.0382133461534977
0.87799 0.6932646259665489
0.87999 8.657928973436356
0.88198996 7.716600805521011
0.88398993 7.6785796992480755
0.8859899 6.448252655565739
0.8879899 4.847088195383549
0.88998985 2.421905141323805
0.8919898 1.9663438871502876
0.8939898 5.471740689128637
0.8959898 2.073806904256344
0.89798975 4.0053329057991505
0.8999897 10.479752574115992
0.9019897 3.72898131236434
0.9039897 0.8215789943933487
0.90598965 1.6338083855807781
0.9079896 12.748771954327822
0.9099896 15.357334181666374
0.91198957 13.149071265012026
0.91398954 8.191993575543165
0.9159895 4.799595363438129
0.9179895 1.38356089964509
0.91998947 2.29018971696496
0.92198944 9.618286363780499
0.9239894 0.9841181486845016
0.9259894 3.452700089663267
0.92798936 4.964736379683018
0.92998934 6.3666539043188095
0.9319893 2.926900267601013
0.9339893 9.999463528394699
0.93598926 6.6049792021512985
0.93798923 5.047593783587217
0.9399892 0.10936835408210754
0.9419892 4.277036905288696
0.94398916 4.247123282402754
0.94598913 0.36556561291217804
0.9479891 3.3657129295170307
0.9499891 3.326979272067547
0.95198905 3.6114510744810104
0.953989 3.9106054790318012
0.955989 3.938765037804842
0.957989 2.3311234302818775
0.95998895 5.758297860622406
0.9619889 5.382334105670452
0.9639889 7.539389777928591
0.9659889 7.1669633239507675
0.96798885 8.07500309497118
0.9699888 9.746332425624132
0.9719888 1.1368917934596539
0.9739888 3.8464858494699
0.97598875 2.92745428904891
0.9779887 6.392176654189825
0.9799887 2.6998932287096977
0.98198867 2.337497115135193
0.98398864 2.2848771288990974
0.9859886 12.634224832057953
0.9879886 8.981864772737026
0.98998857 10.58097281306982
0.99198854 5.229350183159113
0.9939885 1.7767911218106747
0.9959885 2.859142769128084
0.99798846 0.3213029317557812
0.99998844 6.654213652014732
