-9.98 0.18703406839631498
-9.959999 0.23936118592973799
-9.939999 0.19917916867416352
-9.919998 0.172826761379838
-9.899998 0.1626389934681356
-9.879997 0.131071264622733
-9.859997 0.06476438301615417
-9.839996 0.10104992671404034
-9.819996 0.1543953298823908
-9.799995 0.10528811241965741
-9.779995 0.11405870178714395
-9.7599945 0.05964131618384272
-9.739994 0.10327240615151823
-9.719994 0.0021261739311739802
-9.699993 0.04788671701680869
-9.679993 0.005256367032416165
-9.659992 0.05039982113521546
-9.639992 0.021823686314746737
-9.619991 0.04619108699262142
-9.599991 0.039071009727194905
-9.57999 0.018122083391062915
-9.55999 0.08378947607707232
-9.539989 0.04303800570778549
-9.519989 0.03024716058280319
-9.499989 0.00510074885096401
-9.479988 0.04257393558509648
-9.459988 0.028980069211684167
-9.439987 0.026187360752373934
-9.419987 0.02699831349309534
-9.399986 0.024380135582759976
-9.379986 0.02753569628112018
-9.359985 0.015767363598570228
-9.339985 0.010985560482367873
-9.319984 0.015024997876025736
-9.299984 0.009393938002176583
-9.2799835 0.01745658740401268
-9.259983 0.02095125417690724
-9.239983 0.06252686691004783
-9.219982 0.039250708650797606
-9.199982 0.03299978270661086
-9.179981 0.08182383410166949
-9.159981 0.07482761284336448
-9.13998 0.06389022199437022
-9.11998 0.13781935558654368
-9.099979 0.04644076409749687
-9.079979 0.07462331233546138
-9.0599785 0.10374001890886575
-9.039978 0.11056549288332462
-9.019978 0.16611021000426263
-8.999977 0.12189209274947643
-8.979977 0.04614588734693825
-8.959976 0.09747085312847048
-8.939976 0.14841730508487672
-8.919975 0.09651257540099323
-8.899975 0.11272698361426592
-8.879974 0.1398804282071069
-8.859974 0.07849023875314742
-8.839973 0.03506094729527831
-8.819973 0.07031666464172304
-8.799973 0.07237676775548607
-8.779972 0.129875629208982
-8.759972 0.15502713876776397
-8.739971 0.06913479347713292
-8.719971 0.050548150669783354
-8.69997 0.15756646182853729
-8.67997 0.13879032677505165
-8.659969 0.055922225350514054
-8.639969 0.09401680913288146
-8.619968 0.37168185028713197
-8.599968 0.37623076990712434
-8.5799675 0.33628768217749894
-8.559967 0.21934591501485556
-8.539967 0.22928098123520613
-8.519966 0.17881899746134877
-8.499966 0.17446156090591103
-8.479965 0.11386811675038189
-8.459965 0.12069686118047684
-8.439964 0.16690524411387742
-8.419964 0.1325111526530236
-8.399963 0.17781586933415383
-8.379963 0.1780899161240086
-8.359962 0.189472911413759
-8.339962 0.16483857773710042
-8.319962 0.16962605633307248
-8.299961 0.16013869439484552
-8.279961 0.16806148720206693
-8.25996 0.14119836600730196
-8.23996 0.15918053907807916
-8.219959 0.14914710074663162
-8.199959 0.16389913752209395
-8.179958 0.19127856858540326
-8.159958 0.15102296991972253
-8.139957 0.14159764011856169
-8.119957 0.18700617423746735
-8.0999565 0.1554558227362577
-8.079956 0.1467539180885069
-8.059956 0.16093666179222055
-8.039955 0.17313156911404803
-8.019955 0.17715487731038593
-7.9999547 0.3225553279626183
-7.9799547 0.309671760245692
-7.9599547 0.3433909414743539
-7.9399548 0.35297463490860537
-7.919955 0.35004925724933855
-7.899955 0.3438014635758009
-7.879955 0.3420997084103874
-7.859955 0.34186477192088205
-7.839955 0.6163091186281235
-7.819955 0.6105712082062382
-7.799955 0.6166458796942607
-7.779955 0.5996838056016713
-7.759955 0.6063267617137171
-7.739955 0.6193392061977647
-7.719955 0.6056091596838087
-7.699955 0.60322418512078
-7.679955 0.6054376374231651
-7.659955 0.6009028461994603
-7.639955 0.6139278876944445
-7.619955 0.6041285941610113
-7.599955 0.6786074388073757
-7.579955 0.6166609256761149
-7.559955 0.613268100656569
-7.539955 0.6476127873174846
-7.519955 0.6641421417007223
-7.499955 0.5661640976322815
-7.479955 0.5844862691592425
-7.459955 0.5835988488979638
-7.439955 0.6179040337447077
-7.4199553 0.6129944829735905
-7.3999553 0.6094832982635126
-7.3799553 0.506887994823046
-7.3599553 0.49507090728729963
-7.3399553 0.5482384562492371
-7.3199553 0.4190016754437238
-7.2999554 0.5075003739912063
-7.2799554 0.41809328529052436
-7.2599554 0.32861652644351125
-7.2399554 0.23471266217529774
-7.2199554 0.19423264730721712
-7.1999555 0.321712878998369
-7.1799555 0.15792957483790815
-7.1599555 0.1645326518919319
-7.1399555 0.09376125247217715
-7.1199555 0.016756967874243855
-7.0999556 0.09912071214057505
-7.0799556 0.31018202379345894
-7.0599556 0.4635166269727051
-7.0399556 0.3508971317205578
-7.0199556 0.24159434135071933
-6.9999557 0.4063003775663674
-6.9799557 0.3672065162099898
-6.9599557 0.2685444667004049
-6.9399557 0.37222883524373174
-6.9199557 0.3036025066394359
-6.8999557 0.29728665482252836
-6.879956 0.31813703617081046
-6.859956 0.3073081865441054
-6.839956 0.30342709366232157
-6.819956 0.3138778773136437
-6.799956 0.18619896355085075
-6.779956 0.3545941908378154
-6.759956 0.2115592488553375
-6.739956 0.22962479386478662
-6.719956 0.20821754750795662
-6.699956 0.14564063283614814
-6.679956 0.11117435479536653
-6.659956 0.007701414171606302
-6.639956 0.11703786882571876
-6.619956 0.1264302940107882
-6.599956 0.09712117095477879
-6.579956 0.03908244986087084
-6.559956 0.14345880830660462
-6.539956 0.030541265150532126
-6.519956 0.12286913115531206
-6.499956 0.14346105558797717
-6.479956 0.11417587613686919
-6.459956 0.10420392919331789
-6.439956 0.10368942143395543
-6.419956 0.147484416840598
-6.399956 0.06403493462130427
-6.3799562 0.02560039469972253
-6.3599563 0.04140127822756767
-6.3399563 0.03108808398246765
-6.3199563 0.0012710674200206995
-6.2999563 0.047838146798312664
-6.2799563 0.05767870205454528
-6.2599564 0.019384793238714337
-6.2399564 0.03897044085897505
-6.2199564 0.049744015792384744
-6.1999564 0.09449983248487115
-6.1799564 0.0836533373221755
-6.1599565 0.02097722515463829
-6.1399565 0.012019898509606719
-6.1199565 0.03685337025672197
-6.0999565 0.007046505808830261
-6.0799565 0.1363102647010237
-6.0599566 0.07247266941703856
-6.0399566 0.009315856732428074
-6.0199566 0.14329075859859586
-5.9999566 0.10828335350379348
-5.9799566 0.03761639539152384
-5.9599566 0.155397261492908
-5.9399567 0.005946665769442916
-5.9199567 0.20173100288957357
-5.8999567 0.17116743861697614
-5.8799567 0.031302625546231866
-5.8599567 0.21036596992053092
-5.8399568 0.07019843137823045
-5.819957 0.028557880083099008
-5.799957 0.18130209483206272
-5.779957 0.04945052182301879
-5.759957 0.20112597499974072
-5.739957 0.12337749963626266
-5.719957 0.21888566808775067
-5.699957 0.17755162785761058
-5.679957 0.22297126636840403
-5.659957 0.23379589873366058
-5.639957 0.11498094163835049
-5.619957 0.04392406647093594
-5.599957 0.2164943793322891
-5.579957 0.21795421838760376
-5.559957 0.01877519628033042
-5.539957 0.029649839038029313
-5.519957 0.07439720421098173
-5.499957 0.1405033937189728
-5.479957 0.48944509751163423
-5.459957 0.3956249733455479
-5.439957 0.26619423483498394
-5.419957 0.26741708838380873
-5.399957 0.1636976150330156
-5.379957 0.0625241871457547
-5.359957 0.034326654858887196
-5.339957 0.017751642735674977
-5.3199573 0.011835053097456694
-5.2999573 0.0743571079801768
-5.2799573 0.03223241469822824
-5.2599573 0.05670303734950721
-5.2399573 0.03731086407788098
-5.2199574 0.06392148486338556
-5.1999574 0.11998804053291678
-5.1799574 0.1508826370118186
-5.1599574 0.13229298824444413
-5.1399574 0.20118193153757602
-5.1199574 0.22430742962751538
-5.0999575 0.11680065398104489
-5.0799575 0.1607997155515477
-5.0599575 0.13663659198209643
-5.0399575 0.14157477451954037
-5.0199575 0.15859514172188938
-4.9999576 0.18772754340898246
-4.9799576 0.12742556422017515
-4.9599576 0.1559819161775522
-4.9399576 0.17548189428634942
-4.9199576 0.16204231337178499
-4.8999577 0.1723333319532685
-4.8799577 0.16263055294984952
-4.8599577 0.1516447815229185
-4.8399577 0.1646268084878102
-4.8199577 0.16186957570607774
-4.7999578 0.17035507535911165
-4.779958 0.16541832184884697
-4.759958 0.1555507326120278
-4.739958 0.15784024575987132
-4.719958 0.15877206131699495
-4.699958 0.06722326395538403
-4.679958 0.06882833258714527
-4.659958 0.06433004071004689
-4.639958 0.06788962599239312
-4.619958 0.06242385835503228
-4.599958 0.07075538707431406
-4.579958 0.07636275119148195
-4.559958 0.0691180027788505
-4.539958 0.06757177348481491
-4.519958 0.047470620134845376
-4.499958 0.04212899267440662
-4.479958 0.05527817603433505
-4.459958 0.03638956567738205
-4.439958 0.01221964880824089
-4.419958 0.03082407161127776
-4.399958 0.04303818941116333
-4.379958 0.03392150439321995
-4.359958 0.029163417289964855
-4.339958 0.0389477260177955
-4.319958 0.06427333049941808
-4.299958 0.04072861128952354
-4.2799582 0.032216975349001586
-4.2599583 0.04963107651565224
-4.2399583 0.0055267567513510585
-4.2199583 0.10241966368630528
-4.1999583 0.07432590378448367
-4.1799583 0.08217135514132679
-4.1599584 0.08744023693725467
-4.1399584 0.28443679586052895
-4.1199584 0.23103238316252828
-4.0999584 0.4168421057984233
-4.0799584 0.2688287820201367
-4.0599585 0.2818319625221193
-4.0399585 0.39901980198919773
-4.0199585 0.2672616026829928
-3.9999585 0.734837758820504
-3.9799585 1.0391056663356721
-3.9599586 1.2760922880843282
-3.9399586 1.2232740856707096
-3.9199586 0.11672727856785059
-3.8999586 0.16083307657390833
-3.8799586 0.037795586977154016
-3.8599586 0.1669686078093946
-3.8399587 0.2139875632710755
-3.8199587 0.349702934268862
-3.7999587 0.25891161197796464
-3.7799587 0.3988826759159565
-3.7599587 0.007674195803701878
-3.7399588 0.3622377230785787
-3.7199588 0.28630722872912884
-3.6999588 0.1580693433061242
-3.6799588 0.0823881826363504
-3.6599588 0.07414723327383399
-3.6399589 0.21300907246768475
-3.6199589 0.002417344134300947
-3.599959 0.20001106709241867
-3.579959 0.09085500799119473
-3.559959 0.16505195386707783
-3.539959 0.04014107724651694
-3.519959 0.049388432409614325
-3.499959 0.1392569080926478
-3.479959 0.06150261498987675
-3.459959 0.2697530137374997
-3.439959 0.08464346965774894
-3.419959 0.060510846786201
-3.399959 0.12621185602620244
-3.379959 0.29152335645630956
-3.3599591 0.31663313833996654
-3.3399591 0.14761794544756413
-3.3199592 0.1250463044270873
-3.2999592 0.14853955106809735
-3.2799592 0.0905901426449418
-3.2599592 0.08895353227853775
-3.2399592 0.09487102553248405
-3.2199593 0.04828785639256239
-3.1999593 0.011872988659888506
-3.1799593 0.12770666973665357
-3.1599593 0.07859031576663256
-3.1399593 0.0946310143917799
-3.1199594 0.07190852239727974
-3.0999594 0.03147144615650177
-3.0799594 0.15643303468823433
-3.0599594 0.11728577641770244
-3.0399594 0.002517807763069868
-3.0199594 0.11763316253200173
-2.9999595 0.005350799765437841
-2.9799595 0.0067352172918617725
-2.9599595 0.05356447119265795
-2.9399595 0.3346782186999917
-2.9199595 0.048512344248592854
-2.8999596 0.13590399269014597
-2.8799596 0.2005532430484891
-2.8599596 0.14328080927953124
-2.8399596 0.1697513610124588
-2.8199596 0.025807852391153574
-2.7999597 0.24914530850946903
-2.7799597 0.014089406002312899
-2.7599597 0.12722689844667912
-2.7399597 0.02278314158320427
-2.7199597 0.2577485772781074
-2.6999598 0.006756117567420006
-2.6799598 0.30671147909015417
-2.6599598 0.30117862205952406
-2.6399598 0.015477473847568035
-2.6199598 0.054188335314393044
-2.5999599 0.11248259618878365
-2.5799599 0.006230775732547045
-2.55996 0.07610065769404173
-2.53996 0.055061190854758024
-2.51996 0.10014283703640103
-2.49996 0.1747527145780623
-2.47996 0.041986305732280016
-2.45996 0.09955606982111931
-2.43996 0.12659775745123625
-2.41996 0.22715360298752785
-2.39996 0.049428729340434074
-2.37996 0.4241886828094721
-2.35996 0.05940903117880225
-2.33996 0.7978464500047266
-2.31996 0.9138868907466531
-2.2999601 0.7470261799171567
-2.2799602 0.34375720052048564
-2.2599602 0.19765164190903306
-2.2399602 0.23926292918622494
-2.2199602 0.32585436245426536
-2.1999602 0.23095658048987389
-2.1799603 0.13375852070748806
-2.1599603 0.1416638744994998
-2.1399603 0.1372769046574831
-2.1199603 0.022171934135258198
-2.0999603 0.10379735892638564
-2.0799603 0.08933522598817945
-2.0599604 0.1527820434421301
-2.0399604 0.0812194396276027
-2.0199604 0.09495631186291575
-1.9999604 0.042754396330565214
-1.9799604 0.20848258771002293
-1.9599605 0.016929246485233307
-1.9399605 0.196430089417845
-1.9199605 0.18767833663150668
-1.8999605 0.030205014627426863
-1.8799605 0.006542950868606567
-1.8599606 0.08305615931749344
-1.8399606 0.1344541935250163
-1.8199606 0.04314316576346755
-1.7999606 0.04842369491234422
-1.7799606 0.029453899944201112
-1.7599607 0.05963321938179433
-1.7399607 0.0944812847301364
-1.7199607 0.01875067106448114
-1.6999607 0.022952344734221697
-1.6799607 0.038435925147496164
-1.6599607 0.01765852782409638
-1.6399608 0.040591529686935246
-1.6199608 0.010211382817942649
-1.5999608 0.014509016531519592
-1.5799608 0.0014904615673003718
-1.5599608 0.003148163028527051
-1.5399609 0.012136367004131898
-1.5199609 0.013095444068312645
-1.4999609 0.021209225989878178
-1.4799609 0.015849428600631654
-1.4599609 0.04036553273908794
-1.439961 0.08811469771899283
-1.419961 0.027213634457439184
-1.399961 0.047737069660797715
-1.379961 0.05127880955114961
-1.359961 0.0853453460149467
-1.339961 0.06098156445659697
-1.3199611 0.07883976004086435
-1.2999611 0.06748384004458785
-1.2799611 0.20748440409079194
-1.2599611 0.11983773112297058
-1.2399611 0.04212200967594981
-1.2199612 0.1244546347297728
-1.1999612 0.12229836685582995
-1.1799612 0.06954147992655635
-1.1599612 0.2637096270918846
-1.1399612 0.24104771111160517
-1.1199613 0.2518062540329993
-1.0999613 0.014257835689932108
-1.0799613 0.04784368630498648
-1.0599613 0.06571074621751904
-1.0399613 0.4913501441478729
-1.0199614 0.021655557677149773
-0.9999614 0.7572844624519348
-0.9799614 1.4735399540513754
-0.9599614 1.9913451969623566
-0.93996143 0.6051944755017757
-0.91996145 2.149089412763715
-0.8999615 2.040203809738159
-0.8799615 2.321915280073881
-0.8599615 1.7061863876879215
-0.8399615 2.6152784042060375
-0.81996155 3.2227809485048056
-0.79996157 4.493941141292453
-0.7799616 0.7747239004820585
-0.7599616 0.08345296420156956
-0.7399616 0.6434208899736404
-0.71996164 0.5742202512919903
-0.69996166 0.9333705957978964
-0.6799617 0.31292672269046307
-0.6599617 0.2607968430966139
-0.6399617 0.3156487811356783
-0.61996174 0.36673060804605484
-0.59996176 0.14831800013780594
-0.5799618 0.9800979644060135
-0.5599618 0.5366921219974756
-0.5399618 0.17790663801133633
-0.51996183 1.0219195615500212
-0.49996182 0.519992258399725
-0.4799618 0.5044057779014111
-0.4599618 1.5918828137218952
-0.4399618 1.7732901088893414
-0.41996178 1.663599420338869
-0.39996177 0.01438627764582634
-0.37996176 2.29278165102005
-0.35996175 0.4571661502122879
-0.33996174 1.4514051713049412
-0.31996173 0.7563299387693405
-0.29996172 0.8632496856153011
-0.2799617 0.4353375919163227
-0.2599617 0.7862191461026669
-0.2399617 1.0141102746129036
-0.2199617 2.0246368125081062
-0.1999617 2.8244824558496475
-0.17996171 0.5482480153441429
-0.15996172 5.2246995866298676
-0.13996172 1.0524486601352692
-0.11996172 1.6498221904039383
-0.09996173 0.859359472990036
-0.07996173 1.3504539132118225
-0.059961732 7.1073810160160065
-0.039961733 5.14956071972847
-0.019961733 15.861099004745483
3.8266182E-5 201.251953125
0.020038266 5.844099521636963
0.040038265 10.6904236972332
0.060038265 8.992097675800323
0.080038264 6.234171852469444
0.10003826 2.3481540977954865
0.120038256 0.6664881706237793
0.14003825 0.35908477008342743
0.16003825 3.482914872467518
0.18003824 1.0524735748767853
0.20003824 0.8099698424339294
0.22003824 1.1974482908844948
0.24003823 1.85462386906147
0.26003823 0.9689786173403263
0.28003824 0.7541028596460819
0.30003825 0.03259696438908577
0.32003826 0.5632399693131447
0.34003827 0.9434558972716331
0.36003828 1.8169009424746037
0.3800383 0.2310432717204094
0.4000383 2.0120011158287525
0.4200383 0.5346472039818764
0.44003832 0.41403092443943024
0.46003833 0.4670119509100914
0.48003834 0.655304066836834
0.5000383 0.08276643976569176
0.5200383 0.48078542947769165
0.5400383 0.45862690173089504
0.56003827 0.048618877306580544
0.58003825 0.13462684117257595
0.60003823 0.7120311222970486
0.6200382 0.8348152544349432
0.6400382 0.11394309066236019
0.6600382 0.3680600095540285
0.68003815 0.9457057174295187
0.70003814 0.5978224966675043
0.7200381 0.5646380502730608
0.7400381 1.4678373709321022
0.7600381 1.197386547923088
0.78003806 0.08205650560557842
0.80003804 5.1262525618076324
0.820038 3.1628704983741045
0.840038 3.2383568212389946
0.860038 2.3943909779191017
0.88003796 2.4641570523381233
0.90003794 1.0320119317620993
0.9200379 1.3924529906362295
0.9400379 0.5084017775952816
0.9600379 0.968820333480835
0.98003787 0.9456771239638329
1.0000379 0.34560583159327507
1.0200379 0.5315678277984262
1.0400379 1.1720349872484803
1.0600379 0.9863785798661411
1.0800378 0.7646242664195597
1.1000378 1.1407352681271732
1.1200378 0.8661579489707947
1.1400378 1.0836204015649855
1.1600378 1.1011745077557862
1.1800377 0.9164718613028526
1.2000377 1.2412638440728188
1.2200377 1.276116056367755
1.2400377 0.9853272093459964
1.2600377 0.8720425236970186
1.2800376 1.0035515781491995
1.3000376 1.0367604959756136
1.3200376 0.9938282803632319
1.3400376 1.0379570401273668
1.3600376 0.9993257964961231
1.3800375 0.9011574920732528
1.4000375 0.9859087788499892
1.4200375 0.9915721085853875
1.4400375 0.9280796055682003
1.4600375 0.9787981597473845
1.4800375 0.9646051434101537
1.5000374 0.9955341215245426
1.5200374 0.9974798967014067
1.5400374 1.0045772089797538
1.5600374 0.9984923873271327
1.5800374 0.6305547381925862
1.6000373 0.6314044430037029
1.6200373 0.650333731144201
1.6400373 0.6102480924455449
1.6600373 0.617299294564873
1.6800373 0.651741978363134
1.7000372 0.6259406127501279
1.7200372 0.5985786076635122
1.7400372 0.5513089019805193
1.7600372 0.6028353648725897
1.7800372 0.5979143807198852
1.8000371 0.5087660157587379
1.8200371 0.5863842030521482
1.8400371 0.5117354211397469
1.8600371 0.6718353880569339
1.8800371 0.5606933431699872
1.900037 0.5551135307177901
1.920037 0.44034357694908977
1.940037 0.6855594916269183
1.960037 0.71917710499838
1.980037 0.4539798190817237
2.000037 0.4060263056308031
2.020037 0.37475616578012705
2.040037 0.2655121961142868
2.060037 0.25204802118241787
2.0800369 0.436568260891363
2.1000369 0.486637226305902
2.1200368 0.2719614813104272
2.1400368 0.5010415469296277
2.1600368 0.4826880977489054
2.1800368 0.637398034799844
2.2000368 0.5085858907550573
2.2200367 0.773666076362133
2.2400367 0.7549815257079899
2.2600367 0.6805743826553226
2.2800367 0.6947944085113704
2.3000367 1.1187408743426204
2.3200366 1.2105337595567107
2.3400366 1.6754101477563381
2.3600366 0.42564178304746747
2.3800366 0.09026981750503182
2.4000366 0.27465285919606686
2.4200366 0.3198244972154498
2.4400365 0.06165656680241227
2.4600365 0.3398244851268828
2.4800365 0.006571071222424507
2.5000365 0.18526534643024206
2.5200365 0.5287528946064413
2.5400364 0.22749443538486958
2.5600364 0.01748936204239726
2.5800364 0.1879810686223209
2.6000364 0.0889409901574254
2.6200364 0.13832835713401437
2.6400363 0.07912276545539498
2.6600363 0.23612674325704575
2.6800363 0.022535599768161774
2.7000363 0.05372807802632451
2.7200363 0.11608219379559159
2.7400362 0.24739308841526508
2.7600362 0.16792510030791163
2.7800362 0.07306126831099391
2.8000362 0.030968843027949333
2.8200362 0.01252815406769514
2.8400362 0.020672578364610672
2.8600361 0.09532022615894675
2.880036 0.18307518539950252
2.900036 0.1856148699298501
2.920036 0.09973723953589797
2.940036 0.1091976361349225
2.960036 0.081459432374686
2.980036 0.11023258278146386
3.000036 0.20510844234377146
3.020036 0.18177054030820727
3.040036 0.05842689843848348
3.060036 0.03021943010389805
3.080036 0.08407355239614844
3.100036 0.06667820690199733
3.120036 0.0033753435127437115
3.1400359 0.08261951338499784
3.1600358 0.07905830163508654
3.1800358 0.2026524287648499
3.2000358 8.139149285852909E-4
3.2200358 0.15610208408907056
3.2400358 0.19213090371340513
3.2600358 0.08025019662454724
3.2800357 0.12682852474972606
3.3000357 0.2840987150557339
3.3200357 0.0896727405488491
3.3400357 0.16852660570293665
3.3600357 0.014749724883586168
3.3800356 0.09656174946576357
3.4000356 0.15408428199589252
3.4200356 0.15738561982288957
3.4400356 0.207278061658144
3.4600356 0.009378007147461176
3.4800355 0.12792357709258795
3.5000355 0.23984877252951264
3.5200355 0.1391125493682921
3.5400355 0.24128107400611043
3.5600355 0.08836132613942027
3.5800354 0.35388411628082395
3.6000354 0.598234485834837
3.6200354 0.2742273579351604
3.6400354 0.4829262038692832
3.6600354 0.2297024060972035
3.6800354 0.43053288711234927
3.7000353 0.16853348910808563
3.7200353 0.45072548743337393
3.7400353 0.46503253746777773
3.7600353 0.33750524930655956
3.7800353 0.38977050641551614
3.8000352 0.39670254196971655
3.8200352 0.5943127144128084
3.8400352 0.43785481341183186
3.8600352 0.36014266964048147
3.8800352 0.5300767244771123
3.9000351 0.6113761658780277
3.9200351 0.27151312306523323
3.940035 0.809154643677175
3.960035 0.42805621307343245
3.980035 0.35088886925950646
4.0000353 0.39754334022291005
4.0200353 0.46715648798272014
4.0400352 0.3182534072548151
4.060035 0.22078481875360012
4.080035 0.40367350447922945
4.100035 0.17452292633242905
4.120035 0.2892443723976612
4.140035 0.3216047859750688
4.160035 0.1576974531635642
4.180035 0.00966223725117743
4.200035 0.12588628055527806
4.220035 0.041001407662406564
4.240035 0.06432392192073166
4.260035 0.058095728629268706
4.280035 0.09971517382655293
4.300035 0.024268703651614487
4.320035 0.05077942181378603
4.340035 0.07396052416879684
4.360035 0.014833196764811873
4.380035 0.03385594685096294
4.400035 0.08527656923979521
4.420035 0.05164733401034027
4.440035 0.07329229114111513
4.460035 0.0434849732555449
4.480035 0.039503813022747636
4.500035 0.06615146045805886
4.520035 0.08049059117911384
4.540035 0.07904881227295846
4.5600348 0.05999528261600062
4.5800347 0.0477916780509986
4.6000347 0.07094513974152505
4.6200347 0.061615855811396614
4.6400347 0.06770693164435215
4.6600347 0.0665017141145654
4.6800346 0.06735123872931581
4.7000346 0.06591447540267836
4.7200346 0.3411649885438237
4.7400346 0.34028388094884576
4.7600346 0.3457776422146708
4.7800345 0.3457220232230611
4.8000345 0.33467368272249587
4.8200345 0.32747885087155737
4.8400345 0.3486770013696514
4.8600345 0.3398850210942328
4.8800344 0.35625829827040434
4.9000344 0.3410938943270594
4.9200344 0.33795345888938755
4.9400344 0.3590585377532989
4.9600344 0.34746091603301466
4.9800344 0.2954906285740435
5.0000343 0.3632342575583607
5.0200343 0.3407961268676445
5.0400343 0.32934498717077076
5.0600343 0.32844877534080297
5.0800343 0.3547000109683722
5.100034 0.31038438354153186
5.120034 0.3521950588328764
5.140034 0.3224952216260135
5.160034 0.30563134886324406
5.180034 0.3092996869236231
5.200034 0.32096838718280196
5.220034 0.3018577309558168
5.240034 0.3059808521065861
5.260034 0.22424733801744878
5.280034 0.2786320729646832
5.300034 0.07891165046021342
5.320034 0.17947066272608936
5.340034 0.1986801465973258
5.360034 0.18835042836144567
5.380034 0.12826059479266405
5.400034 0.045766769675537944
5.420034 0.11450864048674703
5.440034 0.12090461212210357
5.460034 0.2098639861214906
5.480034 0.34098871424794197
5.500034 0.42299415706656873
5.520034 0.41135775041766465
5.540034 0.3405938148498535
5.560034 0.30972629645839334
5.580034 0.29572188830934465
5.6000338 0.2739994036965072
5.6200337 0.3390397625043988
5.6400337 0.200098350411281
5.6600337 0.1770214638672769
5.6800337 0.07116851536557078
5.7000337 0.28644162928685546
5.7200336 0.20042421761900187
5.7400336 0.03563007921911776
5.7600336 0.019135479349642992
5.7800336 0.18769896076992154
5.8000336 0.14206042024306953
5.8200336 0.035937268286943436
5.8400335 0.13920253817923367
5.8600335 0.04655608721077442
5.8800335 0.07541318167932332
5.9000335 0.008956145728006959
5.9200335 0.10170382424257696
5.9400334 0.06867722375318408
5.9600334 0.037914922926574945
5.9800334 0.018176678800955415
6.0000334 0.15504746115766466
6.0200334 0.02942816959694028
6.0400333 0.11546408454887569
6.0600333 0.08353180857375264
6.0800333 3.2284948974847794E-4
6.1000333 0.0389826106838882
6.1200333 0.004655363038182259
6.1400332 0.16205727821215987
6.160033 0.0704852023627609
6.180033 0.04285272560082376
6.200033 0.033727925503626466
6.220033 0.03335095872171223
6.240033 0.009513885248452425
6.260033 0.03603897872380912
6.280033 0.043996032793074846
6.300033 0.004024088848382235
6.320033 0.07375681563280523
6.340033 0.014699697494506836
6.360033 0.10445049195550382
6.380033 0.08863380691036582
6.400033 0.04740468715317547
6.420033 0.01986657385714352
6.440033 0.1216443118173629
6.460033 0.07759212702512741
6.480033 0.22130199102684855
6.500033 0.02691693464294076
6.520033 0.26880188030190766
6.540033 0.07615695614367723
6.560033 0.26777287223376334
6.580033 0.12319030635990202
6.600033 0.1294271673541516
6.620033 0.041747172363102436
6.640033 0.22709496063180268
6.6600327 0.14190299389883876
6.6800327 0.2090186185669154
6.7000327 0.04935752018354833
6.7200327 0.31930589582771063
6.7400327 0.2554438319057226
6.7600327 0.22692867764271796
6.7800326 0.2841534318868071
6.8000326 0.36264086957089603
6.8200326 0.2263101430144161
6.8400326 0.26367638260126114
6.8600326 0.391038115369156
6.8800325 0.42607571952976286
6.9000325 0.32468157657422125
6.9200325 0.16447746031917632
6.9400325 0.19734602607786655
6.9600325 0.3541990057565272
6.9800324 0.30724238487891853
7.0000324 0.3054192727431655
7.0200324 0.32802712405100465
7.0400324 0.3942646791692823
7.0600324 0.42434260132722557
7.0800323 0.29941129335202277
7.1000323 0.8607727081980556
7.1200323 0.09777537547051907
7.1400323 0.7294394739437848
7.1600323 0.1754806018434465
7.1800323 0.5464764332864434
7.200032 0.2266364481765777
7.220032 0.467624373966828
7.240032 0.4541916213929653
7.260032 0.6232044706121087
7.280032 0.36660494143143296
7.300032 0.3227328157518059
7.320032 0.5052576630841941
7.340032 0.3794489275896922
7.360032 0.5598632032051682
7.380032 0.3050389483105391
7.400032 0.6135389060946181
7.420032 0.3123419409384951
7.440032 0.5797477719606832
7.460032 0.3763349106302485
7.480032 0.5808110809884965
7.500032 0.35369893652386963
7.520032 0.5801863353699446
7.540032 0.3487750645726919
7.560032 0.6431989166885614
7.580032 0.3887243904173374
7.600032 0.638410329236649
7.620032 0.37696203315863386
7.640032 0.6293008864740841
7.660032 0.38768946047639474
7.680032 0.6121901891310699
7.7000318 0.395603870623745
7.7200317 0.6000647703767754
7.7400317 0.3942420498642605
7.7600317 0.6144788261153735
7.7800317 0.38766931084683165
7.8000317 0.6164410368655808
7.8200316 0.38866426289314404
7.8400316 0.6161824815935688
7.8600316 0.4754975861560524
7.8800316 0.525917562401446
7.9000316 0.4672170412959531
7.9200315 0.5306460679566953
7.9400315 0.4765707130136434
7.9600315 0.517668764165137
7.9800315 0.4668884508428164
8.000031 0.25782247929601
8.020032 0.2510410368849989
8.040032 0.2445966852537822
8.060033 0.24501425231574103
8.080033 0.24297870739246719
8.100034 0.2635014280676842
8.120034 0.24419773643603548
8.140035 0.22604939359007403
8.160035 0.2629007473005913
8.180036 0.26843723439378664
8.200036 0.23814494640100747
8.2200365 0.2524999752640724
8.240037 0.26138626161264256
8.260037 0.21224068087758496
8.280038 0.2406741071608849
8.300038 0.2048172073555179
8.320039 0.25088972714729607
8.340039 0.2537420409498736
8.36004 0.2886177492327988
8.38004 0.2278861179947853
8.400041 0.2752431681146845
8.420041 0.31238023308105767
8.440042 0.2768688182113692
8.460042 0.25876060768496245
8.480042 0.2534014789853245
8.500043 0.28920839878264815
8.520043 0.3054080903530121
8.540044 0.27973637671675533
8.560044 0.3560971189290285
8.580045 0.4096796872327104
8.600045 0.4245339180342853
8.620046 0.4336015240987763
8.640046 0.08370295027270913
8.660047 0.2004786746110767
8.680047 0.16578398225829005
8.7000475 0.17003625317011029
8.720048 0.33951382245868444
8.740048 0.3636054985690862
8.760049 0.309509833692573
8.780049 0.3743832722539082
8.80005 0.2624363136710599
8.82005 0.311976853874512
8.840051 0.2473998866043985
8.860051 0.24362276995088905
8.880052 0.3029652825789526
8.900052 0.1944737182930112
8.920053 0.2056882898323238
8.940053 0.2068531340919435
8.960053 0.2150682343635708
8.980054 0.14588260126765817
9.000054 0.2523280712775886
9.020055 0.18889311258681118
9.040055 0.2629360477440059
9.060056 0.18603712634649128
9.080056 0.13778890983667225
9.100057 0.14202444918919355
9.120057 0.19298276607878506
9.140058 0.13141117175109684
9.160058 0.14560398017056286
9.1800585 0.14737720286939293
9.200059 0.08547883399296552
9.220059 0.13393436092883348
9.24006 0.06782716477755457
9.26006 0.014013495296239853
9.280061 0.014271736261434853
9.300061 0.08838570211082697
9.320062 0.04716173023916781
9.340062 0.05537936440669
9.360063 0.06967544741928577
9.380063 0.026361470576375723
9.4000635 0.02917405217885971
9.420064 0.025541555136442184
9.440064 0.011215000646188855
9.460065 0.008501463336870074
9.480065 0.0552993897581473
9.500066 0.021835336228832603
9.520066 0.048315879539586604
9.540067 0.04514653724618256
9.560067 0.06821760931052268
9.580068 0.13175682595465332
9.600068 0.08374866179656237
9.620069 0.10642014851327986
9.640069 0.1542929905699566
9.660069 0.14230176422279328
9.68007 0.13397795229684561
9.70007 0.15469954092986882
9.720071 0.13000587839633226
9.740071 0.13647747039794922
9.760072 0.15268035978078842
9.780072 0.1226747123291716
9.800073 0.144587206072174
9.820073 0.15924679534509778
9.840074 0.13888339302502573
9.860074 0.21338899550028145
9.8800745 0.23414074117317796
9.900075 0.275385377695784
9.920075 0.3231845807749778
9.940076 0.33942054852377623
9.960076 0.32586126774549484
9.980077 0.32578482723329216
10.000077 0.30066212732344866
10.020078 0.381897313054651
