-9.98 0.18703406839631498
-9.959999 0.17686118592973799
-9.939999 0.19917916867416352
-9.919998 0.04782676137983799
-9.899998 0.1001389934681356
-9.879997 0.193571264622733
-9.859997 0.06476438301615417
-9.839996 0.03854992671404034
-9.819996 0.0918953298823908
-9.799995 0.04278811241965741
-9.779995 0.17655870178714395
-9.7599945 0.18464131618384272
-9.739994 0.10327240615151823
-9.719994 0.0021261739311739802
-9.699993 0.04788671701680869
-9.679993 0.005256367032416165
-9.659992 0.05039982113521546
-9.639992 0.04067631368525326
-9.619991 0.04619108699262142
-9.599991 0.1015710097271949
-9.57999 0.018122083391062915
-9.55999 0.021289476077072322
-9.539989 0.04303800570778549
-9.519989 0.03225283941719681
-9.499989 0.06760074885096401
-9.479988 0.01992606441490352
-9.459988 0.028980069211684167
-9.439987 0.026187360752373934
-9.419987 0.09800168650690466
-9.399986 0.024380135582759976
-9.379986 0.02753569628112018
-9.359985 0.015767363598570228
-9.339985 0.010985560482367873
-9.319984 0.07752499787602574
-9.299984 0.05310606199782342
-9.2799835 0.01745658740401268
-9.259983 0.10404874582309276
-9.239983 2.686691004782915E-5
-9.219982 0.039250708650797606
-9.199982 0.09549978270661086
-9.179981 0.08182383410166949
-9.159981 0.012327612843364477
-9.13998 0.12639022199437022
-9.11998 0.13781935558654368
-9.099979 0.04644076409749687
-9.079979 0.13712331233546138
-9.0599785 0.10374001890886575
-9.039978 0.11056549288332462
-9.019978 0.16611021000426263
-8.999977 0.12189209274947643
-8.979977 0.10864588734693825
-8.959976 0.22247085312847048
-8.939976 0.08591730508487672
-8.919975 0.09651257540099323
-8.899975 0.11272698361426592
-8.879974 0.2648804282071069
-8.859974 0.2659902387531474
-8.839973 0.03506094729527831
-8.819973 0.007816664641723037
-8.799973 0.07237676775548607
-8.779972 0.06737562920898199
-8.759972 0.09252713876776397
-8.739971 0.06913479347713292
-8.719971 0.050548150669783354
-8.69997 0.029933538171462715
-8.67997 0.38879032677505165
-8.659969 0.24342222535051405
-8.639969 0.09401680913288146
-8.619968 0.18418185028713197
-8.599968 0.25123076990712434
-8.5799675 0.08628768217749894
-8.559967 0.40684591501485556
-8.539967 0.10428098123520613
-8.519966 0.11631899746134877
-8.499966 0.23696156090591103
-8.479965 0.1763681167503819
-8.459965 0.30819686118047684
-8.439964 0.4169052441138774
-8.419964 0.3825111526530236
-8.399963 0.11531586933415383
-8.379963 0.1780899161240086
-8.359962 0.220722911413759
-8.339962 0.3835885777371004
-8.319962 0.10712605633307248
-8.299961 0.2851386943948455
-8.279961 0.10556148720206693
-8.25996 0.17244836600730196
-8.23996 0.09668053907807916
-8.219959 0.11789710074663162
-8.199959 0.32014913752209395
-8.179958 0.16002856858540326
-8.159958 0.18227296991972253
-8.139957 0.23534764011856169
-8.119957 0.37450617423746735
-8.0999565 0.1867058227362577
-8.079956 0.1780039180885069
-8.059956 0.22343666179222055
-8.039955 0.28250656911404803
-8.019955 0.16152987731038593
-7.9999547 0.5100553279626183
-7.9799547 0.309671760245692
-7.9599547 0.5308909414743539
-7.9399548 0.5092246349086054
-7.919955 0.5531742572493386
-7.899955 0.3828639635758009
-7.879955 0.5374122084103874
-7.859955 0.42096633442088205
-7.839955 0.5127934936281235
-7.819955 0.6886962082062382
-7.799955 0.46039587969426066
-7.779955 0.6778088056016713
-7.759955 0.6219517617137171
-7.739955 0.5724642061977647
-7.719955 0.6056091596838087
-7.699955 0.63447418512078
-7.679955 0.6054376374231651
-7.659955 0.6946528461994603
-7.639955 0.5201778876944445
-7.619955 0.7603785941610113
-7.599955 0.6161074388073757
-7.579955 0.7416609256761149
-7.559955 0.738268100656569
-7.539955 0.6476127873174846
-7.519955 0.5391421417007223
-7.499955 1.0036640976322815
-7.479955 0.7094862691592425
-7.459955 1.0210988488979638
-7.439955 0.8054040337447077
-7.4199553 0.1754944829735905
-7.3999553 0.42198329826351255
-7.3799553 0.819387994823046
-7.3599553 0.24507090728729963
-7.3399553 0.42323845624923706
-7.3199553 0.2940016754437238
-7.2999554 0.6325003739912063
-7.2799554 0.41809328529052436
-7.2599554 0.20361652644351125
-7.2399554 0.48471266217529774
-7.2199554 0.19423264730721712
-7.1999555 0.571712878998369
-7.1799555 0.5329295748379081
-7.1599555 0.2895326518919319
-7.1399555 0.21876125247217715
-7.1199555 0.6082430321257561
-7.0999556 0.525879287859425
-7.0799556 0.43981797620654106
-7.0599556 0.7135166269727051
-7.0399556 0.8508971317205578
-7.0199556 0.24159434135071933
-6.9999557 1.0313003775663674
-6.9799557 0.2422065162099898
-6.9599557 0.5185444667004049
-6.9399557 0.12222883524373174
-6.9199557 0.5536025066394359
-6.8999557 0.42228665482252836
-6.879956 0.44313703617081046
-6.859956 0.6823081865441054
-6.839956 0.17842709366232157
-6.819956 0.0638778773136437
-6.799956 0.43619896355085075
-6.779956 0.2295941908378154
-6.759956 0.2115592488553375
-6.739956 0.3546247938647866
-6.719956 0.3332175475079566
-6.699956 0.27064063283614814
-6.679956 0.11117435479536653
-6.659956 0.007701414171606302
-6.639956 0.24203786882571876
-6.619956 0.0014302940107882023
-6.599956 0.2221211709547788
-6.579956 0.03908244986087084
-6.559956 0.14345880830660462
-6.539956 0.09445873484946787
-6.519956 0.24786913115531206
-6.499956 0.14346105558797717
-6.479956 0.010824123863130808
-6.459956 0.02079607080668211
-6.439956 0.02131057856604457
-6.419956 0.022484416840597987
-6.399956 0.060965065378695726
-6.3799562 0.02560039469972253
-6.3599563 0.04140127822756767
-6.3399563 0.09391191601753235
-6.3199563 0.1262710674200207
-6.2999563 0.07716185320168734
-6.2799563 0.18267870205454528
-6.2599564 0.019384793238714337
-6.2399564 0.03897044085897505
-6.2199564 0.049744015792384744
-6.1999564 0.15550016751512885
-6.1799564 0.0836533373221755
-6.1599565 0.10402277484536171
-6.1399565 0.11298010149039328
-6.1199565 0.08814662974327803
-6.0999565 0.13204650580883026
-6.0799565 0.011310264701023698
-6.0599566 0.19747266941703856
-6.0399566 0.11568414326757193
-6.0199566 0.14329075859859586
-5.9999566 0.10828335350379348
-5.9799566 0.16261639539152384
-5.9599566 0.280397261492908
-5.9399567 0.005946665769442916
-5.9199567 0.20173100288957357
-5.8999567 0.5461674386169761
-5.8799567 0.031302625546231866
-5.8599567 0.08536596992053092
-5.8399568 0.05480156862176955
-5.819957 0.278557880083099
-5.799957 0.05630209483206272
-5.779957 0.07554947817698121
-5.759957 0.17387402500025928
-5.739957 0.12337749963626266
-5.719957 0.031114331912249327
-5.699957 0.17755162785761058
-5.679957 0.09797126636840403
-5.659957 0.10879589873366058
-5.639957 0.3649809416383505
-5.619957 0.16892406647093594
-5.599957 0.0335056206677109
-5.579957 0.03204578161239624
-5.559957 0.6062248037196696
-5.539957 0.2203501609619707
-5.519957 0.05060279578901827
-5.499957 0.015503393718972802
-5.479957 0.01055490248836577
-5.459957 0.14562497334554791
-5.439957 0.608805765165016
-5.419957 0.5174170883838087
-5.399957 0.03869761503301561
-5.379957 0.3124758128542453
-5.359957 0.4093266548588872
-5.339957 0.392751642735675
-5.3199573 0.011835053097456694
-5.2999573 0.4256428920198232
-5.2799573 0.15723241469822824
-5.2599573 0.1817030373495072
-5.2399573 0.08768913592211902
-5.2199574 0.06107851513661444
-5.1999574 0.005011959467083216
-5.1799574 0.2758826370118186
-5.1599574 0.13229298824444413
-5.1399574 0.20118193153757602
-5.1199574 0.09930742962751538
-5.0999575 0.1956993460189551
-5.0799575 0.1607997155515477
-5.0599575 0.050863408017903566
-5.0399575 0.20407477451954037
-5.0199575 0.09609514172188938
-4.9999576 0.12522754340898246
-4.9799576 0.06492556422017515
-4.9599576 0.1559819161775522
-4.9399576 0.10576810571365058
-4.9199576 0.06829231337178499
-4.8999577 0.015166668046731502
-4.8799577 0.06888055294984952
-4.8599577 0.05789478152291849
-4.8399577 0.2271268084878102
-4.8199577 0.01000542429392226
-4.7999578 0.13910507535911165
-4.779958 0.009168321848846972
-4.759958 0.1399257326120278
-4.739958 0.005496495759871323
-4.719958 0.09920174881699495
-4.699958 0.21370763895538403
-4.679958 0.08445333258714527
-4.659958 0.1815175407100469
-4.639958 0.06788962599239312
-4.619958 0.10945114164496772
-4.599958 0.03950538707431406
-4.579958 0.013862751191481948
-4.559958 0.2566180027788505
-4.539958 0.005071773484814912
-4.519958 0.016220620134845376
-4.499958 0.3858789926744066
-4.479958 0.05527817603433505
-4.459958 0.03638956567738205
-4.439958 0.07471964880824089
-4.419958 0.03167592838872224
-4.399958 0.08196181058883667
-4.379958 0.40892150439321995
-4.359958 0.15833658271003515
-4.339958 0.2735522739822045
-4.319958 0.06427333049941808
-4.299958 0.08427138871047646
-4.2799582 0.032216975349001586
-4.2599583 0.6746310765156522
-4.2399583 0.05697324324864894
-4.2199583 0.22741966368630528
-4.1999583 0.32432590378448367
-4.1799583 0.7071713551413268
-4.1599584 0.03755976306274533
-4.1399584 0.034436795860528946
-4.1199584 0.23103238316252828
-4.0999584 0.2918421057984233
-4.0799584 0.3938287820201367
-4.0599585 0.031831962522119284
-4.0399585 0.02401980198919773
-4.0199585 0.5172616026829928
-3.9999585 1.234837758820504
-3.9799585 0.03910566633567214
-3.9599586 0.026092288084328175
-3.9399586 0.02672591432929039
-3.9199586 0.3832727214321494
-3.8999586 0.08916692342609167
-3.8799586 0.787795586977154
-3.8599586 0.3330313921906054
-3.8399587 0.2860124367289245
-3.8199587 0.09970293426886201
-3.7999587 1.0089116119779646
-3.7799587 0.3511173240840435
-3.7599587 0.007674195803701878
-3.7399588 0.3877622769214213
-3.7199588 0.7136927712708712
-3.6999588 0.3419306566938758
-3.6799588 0.4176118173636496
-3.6599588 0.675852766726166
-3.6399589 0.28699092753231525
-3.6199589 0.002417344134300947
-3.599959 0.04998893290758133
-3.579959 0.4091449920088053
-3.559959 0.08494804613292217
-3.539959 0.20985892275348306
-3.519959 0.20061156759038568
-3.499959 0.11074309190735221
-3.479959 0.31150261498987675
-3.459959 0.019753013737499714
-3.439959 0.33464346965774894
-3.419959 0.189489153213799
-3.399959 0.12378814397379756
-3.379959 0.20847664354369044
-3.3599591 0.06663313833996654
-3.3399591 0.10238205455243587
-3.3199592 0.1250463044270873
-3.2999592 0.10146044893190265
-3.2799592 0.3405901426449418
-3.2599592 0.08895353227853775
-3.2399592 0.15512897446751595
-3.2199593 0.4517121436074376
-3.1999593 0.011872988659888506
-3.1799593 0.12229333026334643
-3.1599593 0.07859031576663256
-3.1399593 0.1553689856082201
-3.1199594 0.17809147760272026
-3.0999594 0.28147144615650177
-3.0799594 0.15643303468823433
-3.0599594 0.13271422358229756
-3.0399594 0.002517807763069868
-3.0199594 0.36763316253200173
-2.9999595 0.005350799765437841
-2.9799595 0.2567352172918618
-2.9599595 0.19643552880734205
-2.9399595 0.0846782186999917
-2.9199595 0.20148765575140715
-2.8999596 0.13590399269014597
-2.8799596 0.049446756951510906
-2.8599596 0.14328080927953124
-2.8399596 0.0802486389875412
-2.8199596 0.2758078523911536
-2.7999597 0.25085469149053097
-2.7799597 0.5140894060023129
-2.7599597 0.12722689844667912
-2.7399597 0.5227831415832043
-2.7199597 0.007748577278107405
-2.6999598 0.006756117567420006
-2.6799598 0.44328852090984583
-2.6599598 0.05117862205952406
-2.6399598 0.515477473847568
-2.6199598 0.30418833531439304
-2.5999599 0.13751740381121635
-2.5799599 0.49376922426745296
-2.55996 0.07610065769404173
-2.53996 1.444938809145242
-2.51996 0.35014283703640103
-2.49996 0.8252472854219377
-2.47996 0.54198630573228
-2.45996 0.6504439301788807
-2.43996 0.37340224254876375
-2.41996 0.022846397012472153
-2.39996 0.049428729340434074
-2.37996 0.3258113171905279
-2.35996 0.19059096882119775
-2.33996 0.7978464500047266
-2.31996 0.9138868907466531
-2.2999601 0.5029738200828433
-2.2799602 0.34375720052048564
-2.2599602 1.197651641909033
-2.2399602 0.26073707081377506
-2.2199602 0.17414563754573464
-2.1999602 0.4809565804898739
-2.1799603 0.13375852070748806
-2.1599603 0.6083361255005002
-2.1399603 0.6127230953425169
-2.1199603 0.2721719341352582
-2.0999603 0.8962026410736144
-2.0799603 0.035664774011820555
-2.0599604 1.02778204344213
-2.0399604 1.2062194396276027
-2.0199604 0.9699563118629158
-1.9999604 1.5427543963305652
-1.9799604 0.7084825877100229
-1.9599605 0.4830707535147667
-1.9399605 0.196430089417845
-1.9199605 0.6876783366315067
-1.8999605 0.28020501462742686
-1.8799605 2.2565429508686066
-1.8599606 2.5830561593174934
-1.8399606 0.1344541935250163
-1.8199606 0.20685683423653245
-1.7999606 0.4234236949123442
-1.7799606 0.3455461000557989
-1.7599607 0.30963321938179433
-1.7399607 0.7194812847301364
-1.7199607 0.10624932893551886
-1.6999607 0.6479523447342217
-1.6799607 0.7884359251474962
-1.6599607 1.0448414721759036
-1.6399608 0.5219084703130648
-1.6199608 0.6460386171820574
-1.5999608 0.3738840165315196
-1.5799608 0.8296154615673004
-1.5599608 0.15158566302852705
-1.5399609 0.4566136329958681
-1.5199609 0.013095444068312645
-1.4999609 0.8337092259898782
-1.4799609 0.015849428600631654
-1.4599609 0.39713446726091206
-1.439961 0.16188530228100717
-1.419961 0.027213634457439184
-1.399961 0.4227370696607977
-1.379961 1.1987211904488504
-1.359961 0.1646546539850533
-1.339961 0.06098156445659697
-1.3199611 1.6711602399591357
-1.2999611 0.8174838400445879
-1.2799611 1.292515595909208
-1.2599611 1.6198377311229706
-1.2399611 0.4578779903240502
-1.2199612 0.3744546347297728
-1.1999612 0.62229836685583
-1.1799612 0.31954147992655635
-1.1599612 0.2362903729081154
-1.1399612 1.2589522888883948
-1.1199613 0.0018062540329992771
-1.0999613 0.014257835689932108
-1.0799613 0.4521563136950135
-1.0599613 1.065710746217519
-1.0399613 1.991350144147873
-1.0199614 0.4783444423228502
-0.9999614 2.757284462451935
-0.9799614 1.4735399540513754
-0.9599614 1.9913451969623566
-0.93996143 2.6051944755017757
-0.91996145 2.149089412763715
-0.8999615 0.04020380973815918
-0.8799615 5.321915280073881
-0.8599615 2.7061863876879215
-0.8399615 0.3847215957939625
-0.81996155 1.2227809485048056
-0.79996157 2.493941141292453
-0.7799616 2.2252760995179415
-0.7599616 2.0834529642015696
-0.7399616 0.35657911002635956
-0.71996164 0.5742202512919903
-0.69996166 0.06662940420210361
-0.6799617 1.687073277309537
-0.6599617 2.260796843096614
-0.6399617 3.3156487811356783
-0.61996174 1.6332693919539452
-0.59996176 1.148318000137806
-0.5799618 2.0199020355939865
-0.5599618 0.4633078780025244
-0.5399618 1.8220933619886637
-0.51996183 0.02191956155002117
-0.49996182 1.480007741600275
-0.4799618 0.5044057779014111
-0.4599618 0.4081171862781048
-0.4399618 0.22670989111065865
-0.41996178 1.663599420338869
-0.39996177 0.01438627764582634
-0.37996176 2.29278165102005
-0.35996175 0.4571661502122879
-0.33996174 3.451405171304941
-0.31996173 3.2436700612306595
-0.29996172 0.8632496856153011
-0.2799617 1.5646624080836773
-0.2599617 1.2137808538973331
-0.2399617 2.9858897253870964
-0.2199617 1.9753631874918938
-0.1999617 5.1755175441503525
-0.17996171 3.451751984655857
-0.15996172 2.7753004133701324
-0.13996172 1.0524486601352692
-0.11996172 1.6498221904039383
-0.09996173 8.859359472990036
-0.07996173 1.3504539132118225
-0.059961732 7.1073810160160065
-0.039961733 5.14956071972847
-0.019961733 16.138900995254517
3.8266182E-5 201.251953125
0.020038266 37.84409952163696
0.040038265 10.6904236972332
0.060038265 8.992097675800323
0.080038264 1.7658281475305557
0.10003826 10.348154097795486
0.120038256 8.66648817062378
0.14003825 0.35908477008342743
0.16003825 0.5170851275324821
0.18003824 1.0524735748767853
0.20003824 0.8099698424339294
0.22003824 1.1974482908844948
0.24003823 1.85462386906147
0.26003823 4.968978617340326
0.28003824 3.245897140353918
0.30003825 2.0325969643890858
0.32003826 0.5632399693131447
0.34003827 0.9434558972716331
0.36003828 1.8169009424746037
0.3800383 0.2310432717204094
0.4000383 2.0120011158287525
0.4200383 0.5346472039818764
0.44003832 0.41403092443943024
0.46003833 3.5329880490899086
0.48003834 5.344695933163166
0.5000383 1.0827664397656918
0.5200383 3.5192145705223083
0.5400383 0.541373098269105
0.56003827 0.9513811226934195
0.58003825 5.134626841172576
0.60003823 1.2879688777029514
0.6200382 1.8348152544349432
0.6400382 1.8860569093376398
0.6600382 2.6319399904459715
0.68003815 3.0542942825704813
0.70003814 2.5978224966675043
0.7200381 0.5646380502730608
0.7400381 2.467837370932102
0.7600381 1.197386547923088
0.78003806 1.0820565056055784
0.80003804 0.12625256180763245
0.820038 3.1628704983741045
0.840038 1.7616431787610054
0.860038 0.6056090220808983
0.88003796 3.4641570523381233
0.90003794 0.032011931762099266
0.9200379 1.6075470093637705
0.9400379 1.5084017775952816
0.9600379 2.031179666519165
0.98003787 1.0543228760361671
1.0000379 0.8456058315932751
1.0200379 2.031567827798426
1.0400379 0.17203498724848032
1.0600379 0.23637857986614108
1.0800378 0.5146242664195597
1.1000378 0.8907352681271732
1.1200378 0.3661579489707947
1.1400378 1.5836204015649855
1.1600378 2.101174507755786
1.1800377 2.1664718613028526
1.2000377 0.24126384407281876
1.2200377 1.026116056367755
1.2400377 0.9853272093459964
1.2600377 1.8720425236970186
1.2800376 1.7535515781491995
1.3000376 0.2867604959756136
1.3200376 1.993828280363232
1.3400376 0.7879570401273668
1.3600376 0.4993257964961231
1.3800375 1.2761574920732528
1.4000375 0.9859087788499892
1.4200375 0.7415721085853875
1.4400375 0.17807960556820035
1.4600375 1.4787981597473845
1.4800375 0.8396051434101537
1.5000374 0.9955341215245426
1.5200374 0.8099798967014067
1.5400374 1.1295772089797538
1.5600374 0.6781798873271327
1.5800374 1.1227422381925862
1.6000373 0.6470294430037029
1.6200373 0.962833731144201
1.6400373 0.8602480924455449
1.6600373 1.429799294564873
1.6800373 0.839241978363134
1.7000372 0.6259406127501279
1.7200372 0.5985786076635122
1.7400372 1.3013089019805193
1.7600372 0.3528353648725897
1.7800372 1.2229143807198852
1.8000371 0.6337660157587379
1.8200371 0.9613842030521482
1.8400371 0.2617354211397469
1.8600371 1.6718353880569339
1.8800371 1.5606933431699872
1.900037 1.3051135307177901
1.920037 0.9403435769490898
1.940037 0.9355594916269183
1.960037 0.71917710499838
1.980037 1.7039798190817237
2.000037 0.6560263056308031
2.020037 1.249756165780127
2.040037 0.5155121961142868
2.060037 0.8770480211824179
2.0800369 0.811568260891363
2.1000369 1.236637226305902
2.1200368 0.2280385186895728
2.1400368 1.5010415469296277
2.1600368 0.7326880977489054
2.1800368 1.137398034799844
2.2000368 1.0085858907550573
2.2200367 0.273666076362133
2.2400367 1.25498152570799
2.2600367 0.9305743826553226
2.2800367 0.4447944085113704
2.3000367 0.6187408743426204
2.3200366 0.9605337595567107
2.3400366 1.1754101477563381
2.3600366 0.07435821695253253
2.3800366 0.09026981750503182
2.4000366 0.7746528591960669
2.4200366 0.3198244972154498
2.4400365 0.06165656680241227
2.4600365 0.08982448512688279
2.4800365 0.5065710712224245
2.5000365 0.6852653464302421
2.5200365 0.5287528946064413
2.5400364 0.5225055646151304
2.5600364 0.23251063795760274
2.5800364 0.4379810686223209
2.6000364 0.0889409901574254
2.6200364 0.11167164286598563
2.6400363 0.420877234544605
2.6600363 0.5138732567429543
2.6800363 0.022535599768161774
2.7000363 0.1962719219736755
2.7200363 0.11608219379559159
2.7400362 0.0026069115847349167
2.7600362 0.08207489969208837
2.7800362 0.07306126831099391
2.8000362 0.21903115697205067
2.8200362 0.01252815406769514
2.8400362 0.27067257836461067
2.8600361 0.15467977384105325
2.880036 0.3169248146004975
2.900036 0.0643851300701499
2.920036 0.09973723953589797
2.940036 0.1091976361349225
2.960036 0.168540567625314
2.980036 0.13976741721853614
3.000036 0.04489155765622854
3.020036 0.18177054030820727
3.040036 0.05842689843848348
3.060036 0.03021943010389805
3.080036 0.16592644760385156
3.100036 0.18332179309800267
3.120036 0.2533753435127437
3.1400359 0.33261951338499784
3.1600358 0.17094169836491346
3.1800358 0.2026524287648499
3.2000358 0.2491860850714147
3.2200358 0.09389791591092944
3.2400358 0.05786909628659487
3.2600358 0.33025019662454724
3.2800357 0.12682852474972606
3.3000357 0.2840987150557339
3.3200357 0.1603272594511509
3.3400357 0.16852660570293665
3.3600357 0.48525027511641383
3.3800356 0.09656174946576357
3.4000356 0.15408428199589252
3.4200356 0.15738561982288957
3.4400356 0.207278061658144
3.4600356 0.5093780071474612
3.4800355 0.12207642290741205
3.5000355 0.23984877252951264
3.5200355 0.1391125493682921
3.5400355 0.00871892599388957
3.5600355 0.33836132613942027
3.5800354 0.603884116280824
3.6000354 0.09823448583483696
3.6200354 0.5242273579351604
3.6400354 0.9829262038692832
3.6600354 1.2297024060972035
3.6800354 0.6805328871123493
3.7000353 0.6685334891080856
3.7200353 0.7007254874333739
3.7400353 0.9650325374677777
3.7600353 0.33750524930655956
3.7800353 0.8897705064155161
3.8000352 0.39670254196971655
3.8200352 0.09431271441280842
3.8400352 0.6878548134118319
3.8600352 1.1101426696404815
3.8800352 0.7800767244771123
3.9000351 0.6113761658780277
3.9200351 1.0215131230652332
3.940035 0.19084535632282495
3.960035 1.3219437869265676
3.980035 0.6491111307404935
4.0000353 0.64754334022291
4.0200353 0.5921564879827201
4.0400352 0.1817465927451849
4.060035 0.09578481875360012
4.080035 0.34632649552077055
4.100035 0.799522926332429
4.120035 0.7892443723976612
4.140035 0.1783952140249312
4.160035 0.3423025468364358
4.180035 0.24033776274882257
4.200035 0.37588628055527806
4.220035 0.22850140766240656
4.240035 0.24817607807926834
4.260035 0.3080957286292687
4.280035 0.2872151738265529
4.300035 0.2117687036516145
4.320035 0.17577942181378603
4.340035 0.6760394758312032
4.360035 0.11016680323518813
4.380035 0.03385594685096294
4.400035 0.10222343076020479
4.420035 0.07335266598965973
4.440035 0.13579229114111513
4.460035 0.0190150267444551
4.480035 0.13325381302274764
4.500035 0.12865146045805886
4.520035 0.049240591179113835
4.540035 0.014701187727041543
4.5600348 0.2787452826160006
4.5800347 0.1102916780509986
4.6000347 0.13344513974152505
4.6200347 0.030365855811396614
4.6400347 0.11458193164435215
4.6600347 0.027439214114565402
4.6800346 0.1376637387293158
4.7000346 0.06396135040267836
4.7200346 0.1624540510438237
4.7400346 0.26997138094884576
4.7600346 0.19734014221467078
4.7800345 0.2519720232230611
4.8000345 0.16279868272249587
4.8200345 0.24935385087155737
4.8400345 0.2236770013696514
4.8600345 0.2773850210942328
4.8800344 0.23125829827040434
4.9000344 0.09109389432705939
4.9200344 0.005796541110612452
4.9400344 0.17155853775329888
4.9600344 0.22246091603301466
4.9800344 0.2954906285740435
5.0000343 0.1367657424416393
5.0200343 0.02829612686764449
5.0400343 0.20434498717077076
5.0600343 0.26594877534080297
5.0800343 0.22970001096837223
5.100034 0.18538438354153186
5.120034 0.16469505883287638
5.140034 0.3849952216260135
5.160034 0.24313134886324406
5.180034 0.4967996869236231
5.200034 0.008468387182801962
5.220034 0.1768577309558168
5.240034 0.1940191478934139
5.260034 0.3492473380174488
5.280034 0.09636792703531682
5.300034 0.04608834953978658
5.320034 0.17947066272608936
5.340034 0.1986801465973258
5.360034 0.18664957163855433
5.380034 0.37826059479266405
5.400034 0.07923323032446206
5.420034 0.11450864048674703
5.440034 0.6290953878778964
5.460034 0.2098639861214906
5.480034 0.28401128575205803
5.500034 0.29799415706656873
5.520034 0.03635775041766465
5.540034 0.034406185150146484
5.560034 0.8097262964583933
5.580034 0.6707218883093446
5.6000338 0.3989994036965072
5.6200337 0.16096023749560118
5.6400337 0.450098350411281
5.6600337 0.4270214638672769
5.6800337 0.3211685153655708
5.7000337 0.41144162928685546
5.7200336 0.049575782380998135
5.7400336 0.16063007921911776
5.7600336 0.230864520650357
5.7800336 0.31269896076992154
5.8000336 0.14206042024306953
5.8200336 0.035937268286943436
5.8400335 0.5142025381792337
5.8600335 0.07844391278922558
5.8800335 0.049586818320676684
5.9000335 0.24104385427199304
5.9200335 0.14829617575742304
5.9400334 0.19367722375318408
5.9600334 0.037914922926574945
5.9800334 0.018176678800955415
6.0000334 0.030047461157664657
6.0200334 0.09557183040305972
6.0400333 0.00953591545112431
6.0600333 0.08353180857375264
6.0800333 3.2284948974847794E-4
6.1000333 0.0860173893161118
6.1200333 0.12965536303818226
6.1400332 0.08794272178784013
6.160033 0.0545147976372391
6.180033 0.16785272560082376
6.200033 0.033727925503626466
6.220033 0.03335095872171223
6.240033 0.009513885248452425
6.260033 0.08896102127619088
6.280033 0.16899603279307485
6.300033 0.12097591115161777
6.320033 0.05124318436719477
6.340033 0.014699697494506836
6.360033 0.2705495080444962
6.380033 0.16136619308963418
6.400033 0.04740468715317547
6.420033 0.14486657385714352
6.440033 0.2466443118173629
6.460033 0.1724078729748726
6.480033 0.22130199102684855
6.500033 0.09808306535705924
6.520033 0.14380188030190766
6.540033 0.07615695614367723
6.560033 0.26777287223376334
6.580033 0.0018096936400979757
6.600033 0.2544271673541516
6.620033 0.041747172363102436
6.640033 0.22709496063180268
6.6600327 0.26690299389883876
6.6800327 0.2090186185669154
6.7000327 0.07564247981645167
6.7200327 0.31930589582771063
6.7400327 0.2554438319057226
6.7600327 0.10192867764271796
6.7800326 0.15915343188680708
6.8000326 0.23764086957089603
6.8200326 0.3513101430144161
6.8400326 0.13867638260126114
6.8600326 0.233961884630844
6.8800325 0.6760757195297629
6.9000325 0.05031842342577875
6.9200325 0.5394774603191763
6.9400325 0.5723460260778666
6.9600325 0.4791990057565272
6.9800324 0.06775761512108147
7.0000324 0.8054192727431655
7.0200324 0.45302712405100465
7.0400324 0.6442646791692823
7.0600324 0.07565739867277443
7.0800323 0.20058870664797723
7.1000323 0.014227291801944375
7.1200323 0.6522246245294809
7.1400323 0.35443947394378483
7.1600323 0.4254806018434465
7.1800323 0.04647643328644335
7.200032 0.10163644817657769
7.220032 0.717624373966828
7.240032 0.3291916213929653
7.260032 0.7482044706121087
7.280032 0.36660494143143296
7.300032 0.4477328157518059
7.320032 0.6302576630841941
7.340032 0.5669489275896922
7.360032 0.37236320320516825
7.380032 0.18003894831053913
7.400032 0.42603890609461814
7.420032 0.7498419409384951
7.440032 0.8922477719606832
7.460032 0.001334910630248487
7.480032 1.0183110809884965
7.500032 0.35369893652386963
7.520032 0.5176863353699446
7.540032 0.2862750645726919
7.560032 0.45569891668856144
7.580032 0.3887243904173374
7.600032 0.575910329236649
7.620032 0.34571203315863386
7.640032 0.3793008864740841
7.660032 0.35643946047639474
7.680032 0.7684401891310699
7.7000318 0.614353870623745
7.7200317 0.6313147703767754
7.7400317 0.4254920498642605
7.7600317 0.7863538261153735
7.7800317 0.41891931084683165
7.8000317 0.4289410368655808
7.8200316 0.44335176289314404
7.8400316 0.4716512315935688
7.8600316 0.2684663361560524
7.8800316 0.686073812401446
7.9000316 0.3031545412959531
7.9200315 0.6712710679566953
7.9400315 0.3984457130136434
7.9600315 0.767668764165137
7.9800315 0.4668884508428164
8.000031 0.33594747929601
8.020032 0.3916660368849989
8.040032 0.3070966852537822
8.060033 0.33876425231574103
8.080033 0.3523537073924672
8.100034 0.2635014280676842
8.120034 0.2754477364360355
8.140035 0.25729939359007403
8.160035 0.4191507473005913
8.180036 0.29968723439378664
8.200036 0.3006449464010075
8.2200365 0.2524999752640724
8.240037 0.13638626161264256
8.260037 0.21224068087758496
8.280038 0.11567410716088489
8.300038 0.2985672073555179
8.320039 0.12588972714729607
8.340039 0.2849920409498736
8.36004 0.2886177492327988
8.38004 0.3528861179947853
8.400041 0.2752431681146845
8.420041 0.24988023308105767
8.440042 0.2768688182113692
8.460042 0.44626060768496245
8.480042 0.3159014789853245
8.500043 0.41420839878264815
8.520043 0.3054080903530121
8.540044 0.27973637671675533
8.560044 0.3560971189290285
8.580045 0.4096796872327104
8.600045 0.1120339180342853
8.620046 0.4961015240987763
8.640046 0.20870295027270913
8.660047 0.3254786746110767
8.680047 0.47828398225829005
8.7000475 0.045036253170110285
8.720048 0.40201382245868444
8.740048 0.3011054985690862
8.760049 0.372009833692573
8.780049 0.3118832722539082
8.80005 0.3249363136710599
8.82005 0.18697685387451202
8.840051 0.2473998866043985
8.860051 0.36862276995088905
8.880052 0.3654652825789526
8.900052 0.1944737182930112
8.920053 0.08068828983232379
8.940053 0.2068531340919435
8.960053 0.2150682343635708
8.980054 0.20838260126765817
9.000054 0.1273280712775886
9.020055 0.2513931125868112
9.040055 0.2629360477440059
9.060056 0.18603712634649128
9.080056 0.26278890983667225
9.100057 0.20452444918919355
9.120057 0.13048276607878506
9.140058 0.13141117175109684
9.160058 0.08310398017056286
9.1800585 0.14737720286939293
9.200059 0.08547883399296552
9.220059 0.07143436092883348
9.24006 0.06782716477755457
9.26006 0.07651349529623985
9.280061 0.07677173626143485
9.300061 0.08838570211082697
9.320062 0.04716173023916781
9.340062 0.0071206355933099985
9.360063 0.06967544741928577
9.380063 0.026361470576375723
9.4000635 0.02917405217885971
9.420064 0.036958444863557816
9.440064 0.011215000646188855
9.460065 0.053998536663129926
9.480065 0.1177993897581473
9.500066 0.0843353362288326
9.520066 0.048315879539586604
9.540067 0.10764653724618256
9.560067 0.13071760931052268
9.580068 0.06925682595465332
9.600068 0.20874866179656237
9.620069 0.10642014851327986
9.640069 0.0917929905699566
9.660069 0.14230176422279328
9.68007 0.13397795229684561
9.70007 0.21719954092986882
9.720071 0.13000587839633226
9.740071 0.13647747039794922
9.760072 0.15268035978078842
9.780072 0.2476747123291716
9.800073 0.269587206072174
9.820073 0.22174679534509778
9.840074 0.20138339302502573
9.860074 0.33838899550028145
9.8800745 0.29664074117317796
9.900075 0.400385377695784
9.920075 0.4481845807749778
9.940076 0.27692054852377623
9.960076 0.32586126774549484
9.980077 0.38828482723329216
10.000077 0.5506621273234487
10.020078 0.506897313054651
