-9.98 0.007987204007804394
-9.959999 0.03161877708043903
-9.939999 0.043024103390052915
-9.919998 0.03413332439959049
-9.899998 0.07045867189299315
-9.879997 0.044030799239408225
-9.859997 0.051367005973588675
-9.839996 0.05272016843082383
-9.819996 0.06260717613622546
-9.799995 0.05911566293798387
-9.779995 0.049487810756545514
-9.7599945 0.07322999084135517
-9.739994 0.04899700061650947
-9.719994 0.09024964098352939
-9.699993 0.07093437132425606
-9.679993 0.09743377106497064
-9.659992 0.05866152644739486
-9.639992 0.06680065544787794
-9.619991 0.0699336750258226
-9.599991 0.05843840888701379
-9.57999 0.06827312713721767
-9.55999 0.0592747040791437
-9.539989 0.06690597455599345
-9.519989 0.07276346518483479
-9.499989 0.07040667215187568
-9.479988 0.06478880393115105
-9.459988 0.06388140407943865
-9.439987 0.0663977667772997
-9.419987 0.020711461997962033
-9.399986 0.019128785581415286
-9.379986 0.024877073796233162
-9.359985 0.026827071342268027
-9.339985 0.023803479416528717
-9.319984 0.021587811323115602
-9.299984 0.020639558977563865
-9.2799835 0.0077179256186354905
-9.259983 0.013902788719860837
-9.239983 0.008544809214072302
-9.219982 0.02758085768437013
-9.199982 0.01277593060513027
-9.179981 0.018140235275495797
-9.159981 0.025707626657094806
-9.13998 0.01129908428993076
-9.11998 0.005355075700208545
-9.099979 0.011364447651430964
-9.079979 0.008823267882689834
-9.0599785 0.011091284453868866
-9.039978 0.013922723941504955
-9.019978 0.0159600944025442
-8.999977 0.013543951732572168
-8.979977 0.01104069803841412
-8.959976 0.009766173432581127
-8.939976 0.012585761491209269
-8.919975 0.032688347331713885
-8.899975 0.019595802761614323
-8.879974 0.0229883884312585
-8.859974 0.005509096663445234
-8.839973 0.10998460475821048
-8.819973 0.10823553090449423
-8.799973 0.11470113520044833
-8.779972 0.15171857899986207
-8.759972 0.15226402354892343
-8.739971 0.15015447360929102
-8.719971 0.2202092835213989
-8.69997 0.2933702621376142
-8.67997 0.2842793281888589
-8.659969 0.34381268499419093
-8.639969 0.36157050100155175
-8.619968 0.09332110011018813
-8.599968 0.03839868400245905
-8.5799675 0.004553628154098988
-8.559967 0.014745590277016163
-8.539967 0.036940248566679657
-8.519966 0.031223559053614736
-8.499966 0.030458668479695916
-8.479965 0.014745416236110032
-8.459965 0.033195042167790234
-8.439964 0.016658233711495996
-8.419964 0.10184219176881015
-8.399963 0.03223100071772933
-8.379963 0.0679224245250225
-8.359962 0.049898890079930425
-8.339962 0.026741115259937942
-8.319962 0.06878369755577296
-8.299961 0.04278800019528717
-8.279961 0.06440030469093472
-8.25996 0.0386136433808133
-8.23996 0.019794497755356133
-8.219959 0.0623144987039268
-8.199959 0.009853890747763216
-8.179958 2.594275865703821E-4
-8.159958 0.044303457834757864
-8.139957 0.019400629098527133
-8.119957 0.005409232922829688
-8.0999565 0.029551557381637394
-8.079956 0.051968110958114266
-8.059956 0.028625674080103636
-8.039955 0.02297480497509241
-8.019955 0.027744229300878942
-7.9999547 0.054002904100343585
-7.9799547 0.037351406179368496
-7.9599547 0.05553192691877484
-7.9399548 0.023897337960079312
-7.919955 0.024649173254147172
-7.899955 0.06678306171670556
-7.879955 0.03897054959088564
-7.859955 0.03715597535483539
-7.839955 0.05455661867745221
-7.819955 0.05432319897226989
-7.799955 0.057474277913570404
-7.779955 0.026580351870507002
-7.759955 0.029595208121463656
-7.739955 0.09148273919709027
-7.719955 0.04630633280612528
-7.699955 0.007419551955536008
-7.679955 0.03555404604412615
-7.659955 0.09746064618229866
-7.639955 0.07172950613312423
-7.619955 0.011867384426295757
-7.599955 0.00531524233520031
-7.579955 0.03802615706808865
-7.559955 0.009956232039257884
-7.539955 0.02462245710194111
-7.519955 0.005474616773426533
-7.499955 0.06659717834554613
-7.479955 0.06707137171179056
-7.459955 0.10493650892749429
-7.439955 0.09055593935772777
-7.4199553 0.005897007416933775
-7.3999553 0.09292300161905587
-7.3799553 0.09377246256917715
-7.3599553 0.12993643363006413
-7.3399553 0.13322532689198852
-7.3199553 0.04414770659059286
-7.2999554 0.007807546528056264
-7.2799554 0.0504252640530467
-7.2599554 0.09906136989593506
-7.2399554 0.13835532451048493
-7.2199554 0.0716056206729263
-7.1999555 0.07634350331500173
-7.1799555 0.024587902706116438
-7.1599555 0.10793741000816226
-7.1399555 0.07519282819703221
-7.1199555 0.013641242403537035
-7.0999556 0.07917910348623991
-7.0799556 0.15948366932570934
-7.0599556 0.626806877553463
-7.0399556 0.5344187458977103
-7.0199556 0.26991312042810023
-6.9999557 0.2702119145542383
-6.9799557 0.19767317548394203
-6.9599557 0.18507631728425622
-6.9399557 0.08051918935962021
-6.9199557 0.06722901947796345
-6.8999557 0.15828930959105492
-6.879956 0.06628479086793959
-6.859956 0.07286658114753664
-6.839956 0.02323971875011921
-6.819956 0.07057527755387127
-6.799956 0.04534929804503918
-6.779956 0.012110798619687557
-6.759956 0.013681160984560847
-6.739956 0.0027872079517692327
-6.719956 0.038869678508490324
-6.699956 0.018393973936326802
-6.679956 0.053807932417839766
-6.659956 0.03553949575871229
-6.639956 0.01470557157881558
-6.619956 0.01826639217324555
-6.599956 0.018501561251468956
-6.579956 0.06432092026807368
-6.559956 0.02488023997284472
-6.539956 0.034675837494432926
-6.519956 0.0024143625632859766
-6.499956 0.03323730640113354
-6.479956 0.013567667338065803
-6.459956 0.019600715138949454
-6.439956 0.004264975083060563
-6.419956 0.017737099318765104
-6.399956 0.004690936912083998
-6.3799562 0.017223686329089105
-6.3599563 0.013155782042304054
-6.3399563 0.002574855025159195
-6.3199563 0.00213601540599484
-6.2999563 8.06143885711208E-4
-6.2799563 0.2749291789768904
-6.2599564 0.2748426708421903
-6.2399564 0.271842416288564
-6.2199564 0.2654184087878093
-6.1999564 0.2620453347626608
-6.1799564 0.2743411574338097
-6.1599565 0.2714060554862954
-6.1399565 0.28151626826729625
-6.1199565 0.2760817705420777
-6.0999565 0.2411204426898621
-6.0799565 0.2643763973028399
-6.0599566 0.2787101144785993
-6.0399566 0.24301302974345163
-6.0199566 0.2293992085615173
-5.9999566 0.2916767308488488
-5.9799566 0.2713513965718448
-5.9599566 0.35366535116918385
-5.9399567 0.24867321539204568
-5.9199567 0.24735828768461943
-5.8999567 0.2777913750614971
-5.8799567 0.2738347864942625
-5.8599567 0.2938940078020096
-5.8399568 0.2647195585304871
-5.819957 0.2877615076722577
-5.799957 0.2580791086656973
-5.779957 0.23330798815004528
-5.759957 0.1776873025810346
-5.739957 0.2686492500361055
-5.719957 0.14097330416552722
-5.699957 0.1310075055807829
-5.679957 0.041540876030921936
-5.659957 0.09174302546307445
-5.639957 0.05001235939562321
-5.619957 0.14259216492064297
-5.599957 0.046964914072304964
-5.579957 0.14718108135275543
-5.559957 0.28910533944144845
-5.539957 0.28557803109288216
-5.519957 0.2964898550417274
-5.499957 0.5837677323725075
-5.479957 0.23373013525269926
-5.459957 0.1754119787365198
-5.439957 0.26924486458301544
-5.419957 0.17214366933330894
-5.399957 0.16545847384259105
-5.379957 0.02556217834353447
-5.359957 0.14454010501503944
-5.339957 0.1509833124000579
-5.3199573 0.030887302942574024
-5.2999573 0.12365776672959328
-5.2799573 0.006775045767426491
-5.2599573 0.04926823964342475
-5.2399573 0.04355237656272948
-5.2199574 0.1913769170641899
-5.1999574 0.043140214402228594
-5.1799574 0.23101937933824956
-5.1599574 0.215767523040995
-5.1399574 0.0913704358972609
-5.1199574 0.08162216562777758
-5.0999575 0.0484686722047627
-5.0799575 0.04432113352231681
-5.0599575 0.09071891731582582
-5.0399575 0.05933653865940869
-5.0199575 0.006390742026269436
-4.9999576 0.04541809274815023
-4.9799576 0.029820364201441407
-4.9599576 0.002693461487069726
-4.9399576 0.041395962703973055
-4.9199576 0.034432520624250174
-4.8999577 0.021921698236837983
-4.8799577 0.084710200317204
-4.8599577 0.059387698071077466
-4.8399577 0.04287158534862101
-4.8199577 0.04136699065566063
-4.7999578 0.02270516660064459
-4.779958 0.0038640147540718317
-4.759958 0.011674259323626757
-4.739958 0.09042024309746921
-4.719958 0.05502889049239457
-4.699958 0.03757377387955785
-4.679958 0.021602146327495575
-4.659958 0.020775876473635435
-4.639958 0.05152962706051767
-4.619958 0.008001444861292839
-4.599958 0.06804395955987275
-4.579958 0.03818435315042734
-4.559958 0.005393227096647024
-4.539958 0.06908742641098797
-4.519958 0.134072843240574
-4.499958 0.06051357788965106
-4.479958 0.0376669333782047
-4.459958 0.013651005690917373
-4.439958 0.06291120173409581
-4.419958 0.0053804488852620125
-4.399958 0.043113408610224724
-4.379958 0.05359867471270263
-4.359958 0.029130605282261968
-4.339958 0.03680717898532748
-4.319958 0.07160473149269819
-4.299958 0.11490234220400453
-4.2799582 0.08636322128586471
-4.2599583 0.029253840446472168
-4.2399583 0.031195482471957803
-4.2199583 0.01714887097477913
-4.1999583 0.023885594913735986
-4.1799583 0.05722271162085235
-4.1599584 0.1049886173568666
-4.1399584 0.08414821536280215
-4.1199584 0.048825106816366315
-4.0999584 0.10389137547463179
-4.0799584 0.005255131283774972
-4.0599585 0.06393907312303782
-4.0399585 0.0522677858825773
-4.0199585 0.016699296655133367
-3.9999585 0.0034414096735417843
-3.9799585 0.16286005172878504
-3.9599586 0.09914257191121578
-3.9399586 0.3551439051516354
-3.9199586 1.069041763432324
-3.8999586 0.8282111324369907
-3.8799586 0.7983103026635945
-3.8599586 0.5667847404256463
-3.8399587 0.6727446429431438
-3.8199587 0.5969496509060264
-3.7999587 0.2516168998554349
-3.7799587 0.47005650168284774
-3.7599587 0.2461385908536613
-3.7399588 0.22359615238383412
-3.7199588 0.18516791192814708
-3.6999588 0.04158562980592251
-3.6799588 0.3204101985320449
-3.6599588 0.15472102048806846
-3.6399589 0.02166317729279399
-3.6199589 0.019143018405884504
-3.599959 0.08732545841485262
-3.579959 0.13138802954927087
-3.559959 0.0018056042026728392
-3.539959 0.03412131569348276
-3.519959 0.03281920845620334
-3.499959 0.07675578841008246
-3.479959 0.007237035781145096
-3.459959 0.052997329737991095
-3.439959 0.0024959451984614134
-3.419959 0.01871799724176526
-3.399959 0.0379287195391953
-3.379959 0.03678031207527965
-3.3599591 0.024122923845425248
-3.3399591 0.025733368936926126
-3.3199592 0.01613224414177239
-3.2999592 0.036159914918243885
-3.2799592 0.007599091506563127
-3.2599592 0.0035943512339144945
-3.2399592 0.007231776311527938
-3.2199593 0.0032638513948768377
-3.1999593 0.003699208697071299
-3.1799593 0.01522569268126972
-3.1599593 0.0034236154024256393
-3.1399593 0.18368849755097472
-3.1199594 0.18615146675438154
-3.0999594 0.16812276633572765
-3.0799594 0.1718222895578947
-3.0599594 0.18175519141368568
-3.0399594 0.16453184018610045
-3.0199594 0.172669145045802
-2.9999595 0.17497627006378025
-2.9799595 0.21509258088190109
-2.9599595 0.17943315766751766
-2.9399595 0.19017219659872353
-2.9199595 0.18576960626523942
-2.8999596 0.1577960877912119
-2.8799596 0.2003119692672044
-2.8599596 0.18430504202842712
-2.8399596 0.18219262291677296
-2.8199596 0.2048930439632386
-2.7999597 0.18897173693403602
-2.7799597 0.23386705853044987
-2.7599597 0.21420096140354872
-2.7399597 0.26717958971858025
-2.7199597 0.1550888365600258
-2.6999598 0.2528898688033223
-2.6799598 0.16091957339085639
-2.6599598 0.1927008545026183
-2.6399598 0.1128676482476294
-2.6199598 2.0949146710336208E-4
-2.5999599 0.014159577433019876
-2.5799599 0.008503051940351725
-2.55996 0.28203024435788393
-2.53996 0.3663261984474957
-2.51996 0.16163865942507982
-2.49996 0.4480175799690187
-2.47996 0.3963027144782245
-2.45996 0.5789549020119011
-2.43996 0.7307267040014267
-2.41996 0.7591681350022554
-2.39996 0.7549632769078016
-2.37996 1.0020936480723321
-2.35996 1.237824257928878
-2.33996 0.087491643615067
-2.31996 0.19920695293694735
-2.2999601 0.003119260538369417
-2.2799602 0.029179710894823074
-2.2599602 6.981021724641323E-4
-2.2399602 0.0051863123662769794
-2.2199602 0.13150019524618983
-2.1999602 0.14016906078904867
-2.1799603 0.08518005767837167
-2.1599603 0.3240314442664385
-2.1399603 0.08463139971718192
-2.1199603 0.32464205427095294
-2.0999603 0.0029153558425605297
-2.0799603 0.026375717017799616
-2.0599604 0.1605327744036913
-2.0399604 0.28906387090682983
-2.0199604 0.14662047009915113
-1.9999604 0.323825066909194
-1.9799604 0.1027155565097928
-1.9599605 0.11547030601650476
-1.9399605 0.3980144876986742
-1.9199605 0.0937206819653511
-1.8999605 0.053292728029191494
-1.8799605 0.4868172938004136
-1.8599606 0.26989266742020845
-1.8399606 0.426676819100976
-1.8199606 0.6118641868233681
-1.7999606 0.41159858368337154
-1.7799606 0.040341888554394245
-1.7599607 0.13599992729723454
-1.7399607 0.340624219737947
-1.7199607 0.11487057898193598
-1.6999607 0.1769958771765232
-1.6799607 0.15646964590996504
-1.6599607 0.13761490397155285
-1.6399608 0.12288156617432833
-1.6199608 0.194537453353405
-1.5999608 0.28257535211741924
-1.5799608 0.23129567969590425
-1.5599608 0.06111541297286749
-1.5399609 0.23705005459487438
-1.5199609 0.2651307284832001
-1.4999609 0.2836119197309017
-1.4799609 0.21263001672923565
-1.4599609 0.3663956318050623
-1.439961 0.29140464682132006
-1.419961 0.09705279767513275
-1.399961 0.36904147919267416
-1.379961 0.14668697211891413
-1.359961 0.07525718864053488
-1.339961 0.029969507828354836
-1.3199611 0.18823994230479002
-1.2999611 0.08491981867700815
-1.2799611 0.4657015763223171
-1.2599611 0.07062254380434752
-1.2399611 0.3604612313210964
-1.2199612 0.5787653205916286
-1.1999612 0.5432829726487398
-1.1799612 0.4185223560780287
-1.1599612 0.010276283137500286
-1.1399612 0.4405358284711838
-1.1199613 0.18501225672662258
-1.0999613 0.1433538720011711
-1.0799613 0.29691713489592075
-1.0599613 0.45664463471621275
-1.0399613 0.6828732751309872
-1.0199614 0.4898550696671009
-0.9999614 0.6565695814788342
-0.9799614 0.0105698611587286
-0.9599614 0.3973647076636553
-0.93996143 1.0565267149358988
-0.91996145 0.42337147891521454
-0.8999615 0.05700491741299629
-0.8799615 1.0093133356422186
-0.8599615 0.04425003379583359
-0.8399615 0.34978625178337097
-0.81996155 0.3892137221992016
-0.79996157 1.159437781199813
-0.7799616 5.546017399057746
-0.7599616 3.9727679323405027
-0.7399616 2.4756474439054728
-0.71996164 2.258593939244747
-0.69996166 2.335369624197483
-0.6799617 1.4895567931234837
-0.6599617 1.2338458467274904
-0.6399617 0.23136833496391773
-0.61996174 0.06006506457924843
-0.59996176 0.19666524976491928
-0.5799618 0.4527569282799959
-0.5599618 0.48440208472311497
-0.5399618 1.0965603478252888
-0.51996183 0.21066565066576004
-0.49996182 0.4391735754907131
-0.4799618 0.3736108988523483
-0.4599618 0.06742868572473526
-0.4399618 0.1577713768929243
-0.41996178 0.5972968675196171
-0.39996177 0.26004340685904026
-0.37996176 1.033912068232894
-0.35996175 0.44515750370919704
-0.33996174 0.4359342008829117
-0.31996173 0.7861564289778471
-0.29996172 0.5534765645861626
-0.2799617 0.10703461244702339
-0.2599617 0.7702927365899086
-0.2399617 0.5293642468750477
-0.2199617 0.04915046505630016
-0.1999617 0.4835694096982479
-0.17996171 0.7198400422930717
-0.15996172 0.571261053904891
-0.13996172 0.07065005786716938
-0.11996172 0.049041494727134705
-0.09996173 0.21360625885426998
-0.07996173 0.16229082643985748
-0.059961732 0.46418510004878044
-0.039961733 0.12636471167206764
-0.019961733 0.28728874400258064
3.8266182E-5 0.0025670472532510757
0.020038266 0.06995300203561783
0.040038265 0.6933516804128885
0.060038265 0.432296022772789
0.080038264 0.01516471616923809
0.10003826 0.10360438749194145
0.120038256 0.1793589573353529
0.14003825 0.17998438328504562
0.16003825 0.17191975563764572
0.18003824 0.6986142881214619
0.20003824 0.13840052299201488
0.22003824 0.16018281318247318
0.24003823 0.321244802325964
0.26003823 0.45978195033967495
0.28003824 0.11664932779967785
0.30003825 0.24935951828956604
0.32003826 0.14959761127829552
0.34003827 0.441956777125597
0.36003828 0.06212782487273216
0.3800383 0.1553281992673874
0.4000383 0.024552851915359497
0.4200383 0.7849474009126425
0.44003832 0.2444366179406643
0.46003833 0.8698356971144676
0.48003834 0.17647873982787132
0.5000383 0.09675885271281004
0.5200383 0.12262806855142117
0.5400383 0.5367644559592009
0.56003827 1.5438831448554993
0.58003825 0.7288134321570396
0.60003823 0.10226323828101158
0.6200382 1.1460132412612438
0.6400382 0.8575225751847029
0.6600382 1.7939283102750778
0.68003815 2.1154210660606623
0.70003814 1.6279794201254845
0.7200381 2.8254460506141186
0.7400381 2.930928723886609
0.7600381 3.9375096261501312
0.78003806 5.648246716707945
0.80003804 1.2845488749444485
0.820038 1.3207751363515854
0.840038 0.005243457853794098
0.860038 0.8782316297292709
0.88003796 0.5441255792975426
0.90003794 0.4688777066767216
0.9200379 0.6909498572349548
0.9400379 0.7549047749489546
0.9600379 0.570855651050806
0.98003787 0.35025004111230373
1.0000379 0.04598869103938341
1.0200379 0.48870837315917015
1.0400379 0.1892490852624178
1.0600379 0.3994641797617078
1.0800378 0.38997255451977253
1.1000378 0.5656151957809925
1.1200378 0.10658451076596975
1.1400378 0.5364938080310822
1.1600378 0.36600183974951506
1.1800377 0.47257372457534075
1.2000377 0.17728941328823566
1.2200377 0.0421458687633276
1.2400377 0.3800319144502282
1.2600377 0.26420274563133717
1.2800376 0.03725030831992626
1.3000376 0.180434032343328
1.3200376 0.017292071133852005
1.3400376 0.3297592271119356
1.3600376 0.2564063295722008
1.3800375 0.3968194415792823
1.4000375 0.48841479141265154
1.4200375 0.15181991551071405
1.4400375 0.05888892896473408
1.4600375 0.1472976403310895
1.4800375 9.257998317480087E-4
1.5000374 0.36979407630860806
1.5200374 0.16736414469778538
1.5400374 0.031626622192561626
1.5600374 0.007205008529126644
1.5800374 0.17679441533982754
1.6000373 0.02807196695357561
1.6200373 0.2300573457032442
1.6400373 0.2301974967122078
1.6600373 0.05459158681333065
1.6800373 0.31238318979740143
1.7000372 0.10549149755388498
1.7200372 0.3182159969583154
1.7400372 0.23013558238744736
1.7600372 0.1086480999365449
1.7800372 0.12914685159921646
1.8000371 0.274642750620842
1.8200371 0.27463027462363243
1.8400371 0.178585821762681
1.8600371 0.13945608027279377
1.8800371 0.3467951212078333
1.900037 0.002129563130438328
1.920037 0.24694835487753153
1.940037 0.21837636269629002
1.960037 0.00819360837340355
1.980037 0.540191350504756
2.000037 0.07916078297421336
2.020037 0.21004514442756772
2.040037 0.10909778159111738
2.060037 0.00546447467058897
2.0800369 0.007741618435829878
2.1000369 0.052294406574219465
2.1200368 0.26040823059156537
2.1400368 0.0908659533597529
2.1600368 0.055003784131258726
2.1800368 0.23433313891291618
2.2000368 0.04863783344626427
2.2200367 0.17938982229679823
2.2400367 0.10912404581904411
2.2600367 0.11846410017460585
2.2800367 0.07351620681583881
2.3000367 0.12110114470124245
2.3200366 0.08064931118860841
2.3400366 0.11294218059629202
2.3600366 1.3947878587059677
2.3800366 1.1826053895056248
2.4000366 0.5519476793706417
2.4200366 0.5173030686564744
2.4400365 0.5464055170305073
2.4600365 0.3002478671260178
2.4800365 0.6229178006760776
2.5000365 0.5312605709768832
2.5200365 0.20437263324856758
2.5400364 0.4729303834028542
2.5600364 0.3083582674153149
2.5800364 0.06184060173109174
2.6000364 0.2968185115605593
2.6200364 0.06548270466737449
2.6400363 0.07111379969865084
2.6600363 0.1813406131695956
2.6800363 0.19116149377077818
2.7000363 0.20977590512484312
2.7200363 0.29754032543860376
2.7400362 0.2280436789151281
2.7600362 0.12529747048392892
2.7800362 0.3510357479099184
2.8000362 0.14211997156962752
2.8200362 0.24804382771253586
2.8400362 0.19353298842906952
2.8600361 0.29123477381654084
2.880036 0.15449264203198254
2.900036 0.1477004000917077
2.920036 0.21173098986037076
2.940036 0.18943468120414764
2.960036 0.15120147133711725
2.980036 0.22058246680535376
3.000036 0.2124649981269613
3.020036 0.1775461992365308
3.040036 0.16559976123971865
3.060036 0.1762805535690859
3.080036 0.17246179244830273
3.100036 0.1717244204482995
3.120036 0.18943085233331658
3.1400359 0.18376835786966694
3.1600358 0.003102654649410397
3.1800358 0.012902305810712278
3.2000358 0.0032431749859824777
3.2200358 0.017123620433267206
3.2400358 0.002317762468010187
3.2600358 0.006059342878870666
3.2800357 0.04778486012946814
3.3000357 0.007475324789993465
3.3200357 0.01396629773080349
3.3400357 0.010529111488722265
3.3600357 0.02468959626276046
3.3800356 0.020097353728488088
3.4000356 0.13036554516293108
3.4200356 0.0336420068051666
3.4400356 0.058544480009004474
3.4600356 0.06272344896569848
3.4800355 0.07311658980324864
3.5000355 0.09885051054880023
3.5200355 0.051253534853458405
3.5400355 0.018758384976536036
3.5600355 0.058201593114063144
3.5800354 0.024445486720651388
3.6000354 0.022529132198542356
3.6200354 0.05763117806054652
3.6400354 0.02914832066744566
3.6600354 0.10381048312410712
3.6800354 0.1578749162144959
3.7000353 0.032194501254707575
3.7200353 0.2200285317376256
3.7400353 0.44519836409017444
3.7600353 0.29839749308303
3.7800353 0.24835487734526396
3.8000352 0.4028470632620156
3.8200352 0.26955468906089664
3.8400352 0.516759037040174
3.8600352 0.7338743493892252
3.8800352 0.9418116975575686
3.9000351 1.353170258924365
3.9200351 1.3822519229725003
3.940035 0.09510477492585778
3.960035 0.01812467072159052
3.980035 0.04961159219965339
4.0000353 0.1397201200015843
4.0200353 0.01252189907245338
4.0400352 0.1030637810472399
4.060035 0.052392146084457636
4.080035 0.04349084780551493
4.100035 0.025967636611312628
4.120035 0.09507417306303978
4.140035 0.0043822096195071936
4.160035 0.12423656252212822
4.180035 0.20927571784704924
4.200035 0.08133950084447861
4.220035 0.0025378200225532055
4.240035 0.023314573103561997
4.260035 0.028183090267702937
4.280035 0.12025206675752997
4.300035 0.14406840759329498
4.320035 0.013014951255172491
4.340035 0.04222149890847504
4.360035 0.09734695521183312
4.380035 0.018421155866235495
4.400035 0.06301194848492742
4.420035 0.026900994358584285
4.440035 0.1277864722069353
4.460035 0.05850724736228585
4.480035 0.008002311224117875
4.500035 0.12182703497819602
4.520035 0.02539449092000723
4.540035 0.06202219892293215
4.5600348 0.05425134696997702
4.5800347 0.035184071166440845
4.6000347 0.010899721877649426
4.6200347 0.028935855021700263
4.6400347 0.07157515222206712
4.6600347 0.03559173038229346
4.6800346 0.05728488648310304
4.7000346 0.04239251418039203
4.7200346 0.0447238942142576
4.7400346 0.021223297342658043
4.7600346 0.048537749564275146
4.7800345 0.002398617332801223
4.8000345 0.015577961457893252
4.8200345 0.04229915118776262
4.8400345 0.031906139804050326
4.8600345 0.012072375975549221
4.8800344 0.10113598546013236
4.9000344 0.005943754920735955
4.9200344 0.030421511037275195
4.9400344 0.004451144253835082
4.9600344 0.038677870063111186
4.9800344 0.08249881560914218
5.0000343 0.0894041929859668
5.0200343 0.00377444364130497
5.0400343 0.009380425093695521
5.0600343 0.060179505264386535
5.0800343 0.09497773787006736
5.100034 0.027266876539215446
5.120034 0.009067547041922808
5.140034 0.07558752526529133
5.160034 0.14807335380464792
5.180034 0.051976190181449056
5.200034 0.09872064529918134
5.220034 0.07640979927964509
5.240034 0.10173480003140867
5.260034 0.0018219256307929754
5.280034 0.04933381755836308
5.300034 0.0023444348480552435
5.320034 0.07145155989564955
5.340034 0.06666022795252502
5.360034 0.02251474093645811
5.380034 0.048015285981819034
5.400034 0.024540254846215248
5.420034 0.07485111616551876
5.440034 0.09779887925833464
5.460034 0.1369826493319124
5.480034 0.15953437611460686
5.500034 0.48844866710714996
5.520034 0.45229248446412385
5.540034 0.36403839429840446
5.560034 0.21264038095250726
5.580034 0.08906968613155186
5.6000338 0.05632859538309276
5.6200337 0.01937541738152504
5.6400337 0.0949626809451729
5.6600337 0.018609379651024938
5.6800337 0.07817804184742272
5.7000337 0.14434729213826358
5.7200336 0.15053660166449845
5.7400336 0.21998415235430002
5.7600336 0.20316521846689284
5.7800336 0.21464569226372987
5.8000336 0.26386105397250503
5.8200336 0.2609623911557719
5.8400335 0.2727271302137524
5.8600335 0.2785321148112416
5.8800335 0.23888664285186678
5.9000335 0.2890230475459248
5.9200335 0.24504238832741976
5.9400334 0.23511279211379588
5.9600334 0.268217965378426
5.9800334 0.24045337899588048
6.0000334 0.3163676067488268
6.0200334 0.24784628057386726
6.0400333 0.2555361103732139
6.0600333 0.2540563972434029
6.0800333 0.2959954568068497
6.1000333 0.2659393541398458
6.1200333 0.2932803378207609
6.1400332 0.2900523512507789
6.160033 0.2700409859244246
6.180033 0.2772902337019332
6.200033 0.2677533845999278
6.220033 0.2722104105632752
6.240033 0.2701366681721993
6.260033 0.27842649746889947
6.280033 0.2750862281627633
6.300033 1.1389987776055932E-4
6.320033 0.001820646837586537
6.340033 6.592399440705776E-4
6.360033 0.007215340330731124
6.380033 0.002261943038320169
6.400033 0.016938922984991223
6.420033 0.02208939305273816
6.440033 0.01088855933630839
6.460033 0.02960319898556918
6.480033 0.0034071843256242573
6.500033 0.021189683466218412
6.520033 0.009144653973635286
6.540033 0.06461336347274482
6.560033 0.04151093342807144
6.580033 0.04161200160160661
6.600033 0.03077446378301829
6.620033 0.0642140501877293
6.640033 0.03010746417567134
6.6600327 0.018237335607409477
6.6800327 0.0011815300676971674
6.7000327 0.04695066099520773
6.7200327 0.030767054297029972
6.7400327 0.05708458460867405
6.7600327 0.006121391896158457
6.7800326 0.048493253416381776
6.8000326 0.018804202554747462
6.8200326 0.05011522304266691
6.8400326 0.0785248395986855
6.8600326 0.024226689711213112
6.8800325 0.10974124539643526
6.9000325 0.1155766046140343
6.9200325 0.010816091438755393
6.9400325 0.08363042818382382
6.9600325 0.19671227573417127
6.9800324 0.29263096838258207
7.0000324 0.27410529903136194
7.0200324 0.38419225020334125
7.0400324 0.46138959005475044
7.0600324 0.5696502977516502
7.0800323 0.12169319181703031
7.1000323 0.08309689164161682
7.1200323 0.1700672460719943
7.1400323 0.006480906391516328
7.1600323 0.04023145907558501
7.1800323 0.04340299987234175
7.200032 0.10330887930467725
7.220032 0.05806080624461174
7.240032 0.0205280645750463
7.260032 0.08097171527333558
7.280032 0.0289682790171355
7.300032 0.05847198888659477
7.320032 0.02503841184079647
7.340032 0.03948548645712435
7.360032 0.09160924656316638
7.380032 0.04467566474340856
7.400032 0.0749603493604809
7.420032 0.06838399590924382
7.440032 0.019998159958049655
7.460032 0.1586424414999783
7.480032 0.1353167248889804
7.500032 8.554833475500345E-4
7.520032 0.033422956708818674
7.540032 0.07590548251755536
7.560032 0.038174261106178164
7.580032 0.14922133181244135
7.600032 0.0841679060831666
7.620032 0.09114425233565271
7.640032 0.0069596185348927975
7.660032 0.0641268347389996
7.680032 0.0315449230838567
7.7000318 0.048334178514778614
7.7200317 0.03868202120065689
7.7400317 0.028882346348837018
7.7600317 0.08025499293580651
7.7800317 3.2328395172953606E-4
7.8000317 0.005429321434348822
7.8200316 0.025398291181772947
7.8400316 0.05249838647432625
7.8600316 0.0050153948832303286
7.8800316 0.023419391829520464
7.9000316 0.03653749590739608
7.9200315 0.02950997627340257
7.9400315 0.02031774027273059
7.9600315 0.03356954548507929
7.9800315 0.05315339216031134
8.000031 0.010796494665555656
8.020032 0.03800863097421825
8.040032 0.06571989227086306
8.060033 0.021892073564231396
8.080033 0.01606244861613959
8.100034 0.00624590425286442
8.120034 0.04931281309109181
8.140035 0.02069451694842428
8.160035 0.008949018083512783
8.180036 0.06667556695174426
8.200036 0.02399363520089537
8.2200365 0.01041411969345063
8.240037 0.03930468671023846
8.260037 0.029841839103028178
8.280038 0.037460861378349364
8.300038 0.015708473045378923
8.320039 0.04781397606711835
8.340039 0.003363767988048494
8.36004 0.023251543869264424
8.38004 0.08570335956756026
8.400041 0.09471139474771917
8.420041 0.10084726207423955
8.440042 0.03206359420437366
8.460042 0.08291975373867899
8.480042 0.025253986124880612
8.500043 0.01879966107662767
8.520043 0.046746355132199824
8.540044 0.10124655114486814
8.560044 0.006131248432211578
8.580045 0.10349782509729266
8.600045 8.165739709511399E-4
8.620046 0.06293734686914831
8.640046 0.3624806853476912
8.660047 0.3364417281700298
8.680047 0.29200546932406723
8.7000475 0.2150157071882859
8.720048 0.1425306760938838
8.740048 0.16033319220878184
8.760049 0.15039630886167288
8.780049 0.10080549539998174
8.80005 0.16563837020657957
8.82005 0.09980303631164134
8.840051 0.06883608538191766
8.860051 0.08366134797688574
8.880052 0.06031048996374011
8.900052 0.004606564878486097
8.920053 0.04056164901703596
8.940053 0.03248970065033063
8.960053 0.01958579831989482
8.980054 0.025472925859503448
9.000054 0.007282513775862753
9.020055 0.029814737325068563
9.040055 0.0018953560502268374
9.060056 0.0035956521169282496
9.080056 0.007503530359826982
9.100057 0.004551170626655221
9.120057 0.008443637751042843
9.140058 0.023219494440127164
9.160058 0.03559535223757848
9.1800585 0.026016710267867893
9.200059 0.018825895444024354
9.220059 0.016514785354956985
9.24006 0.027711270813597366
9.26006 0.01702576386742294
9.280061 0.026759062806377187
9.300061 0.01734789057809394
9.320062 0.02029942897206638
9.340062 0.0176786743249977
9.360063 0.024712445097975433
9.380063 0.023948874477355275
9.4000635 0.02050497465461376
9.420064 0.020649704449169803
9.440064 0.06702466226852266
9.460065 0.06341390176385175
9.480065 0.06338061865244526
9.500066 0.07306501964922063
9.520066 0.07273455907125026
9.540067 0.07300585263874382
9.560067 0.0646263268426992
9.580068 0.07373100332915783
9.600068 0.08038825358380564
9.620069 0.07777960519888438
9.640069 0.07670242816675454
9.660069 0.05539682481321506
9.68007 0.06563554290914908
9.70007 0.05757822596933693
9.720071 0.09526630881009623
9.740071 0.07213486061664298
9.760072 0.08279267098987475
9.780072 0.044821866729762405
9.800073 0.07059833907987922
9.820073 0.057884254259988666
9.840074 0.061693909869063646
9.860074 0.04118418996222317
9.8800745 0.07532086444552988
9.900075 0.0785719642881304
9.920075 0.047879457066301256
9.940076 0.028410432569216937
9.960076 0.04808899911586195
9.980077 0.0521600772626698
10.000077 0.05653626611456275
10.020078 0.042571057681925595
