-9.98 0.007987204007804394
-9.959999 0.03088122291956097
-9.939999 0.08197589660994709
-9.919998 0.1846166756004095
-9.899998 0.11704132810700685
-9.879997 0.16903079923940822
-9.859997 0.07363299402641132
-9.839996 0.009779831569176167
-9.819996 0.12510717613622546
-9.799995 0.09036566293798387
-9.779995 0.013012189243454486
-9.7599945 0.07322999084135517
-9.739994 0.013502999383490533
-9.719994 0.09725035901647061
-9.699993 0.11656562867574394
-9.679993 0.03493377106497064
-9.659992 0.0038384735526051372
-9.639992 0.026949344552122056
-9.619991 0.023816324974177405
-9.599991 0.019686591112986207
-9.57999 0.08389812713721767
-9.55999 0.0344752959208563
-9.539989 0.011219025444006547
-9.519989 0.06495096518483479
-9.499989 0.08603167215187568
-9.479988 0.006195053931151051
-9.459988 0.028725154079438653
-9.439987 0.045889954277299694
-9.419987 0.07100443074796203
-9.399986 0.08358191058141529
-9.379986 0.028783323796233162
-9.359985 0.04245207134226803
-9.339985 0.06286597941652872
-9.319984 0.013775311323115602
-9.299984 0.036264558977563865
-9.2799835 0.1327179256186355
-9.259983 0.0017222112801391631
-9.239983 0.008544809214072302
-9.219982 0.07445585768437013
-9.199982 0.00284906939486973
-9.179981 0.013109764724504203
-9.159981 0.056957626657094806
-9.13998 0.01129908428993076
-9.11998 0.025894924299791455
-9.099979 0.019885552348569036
-9.079979 0.040073267882689834
-9.0599785 0.11390871554613113
-9.039978 0.10767272394150496
-9.019978 0.3902899055974558
-8.999977 0.017706048267427832
-8.979977 0.01104069803841412
-8.959976 0.04101617343258113
-8.939976 0.012585761491209269
-8.919975 0.15768834733171389
-8.899975 0.10540419723838568
-8.879974 0.2270116115687415
-8.859974 0.18199090333655477
-8.839973 0.2974846047582105
-8.819973 0.23323553090449423
-8.799973 0.010298864799551666
-8.779972 0.08921857899986207
-8.759972 0.15226402354892343
-8.739971 0.15015447360929102
-8.719971 0.1577092835213989
-8.69997 0.2933702621376142
-8.67997 0.2782206718111411
-8.659969 0.03118731500580907
-8.639969 0.013429498998448253
-8.619968 0.03167889988981187
-8.599968 0.03839868400245905
-8.5799675 0.129553628154099
-8.559967 0.20224559027701616
-8.539967 0.036940248566679657
-8.519966 0.09372355905361474
-8.499966 0.09295866847969592
-8.479965 0.014745416236110032
-8.459965 0.029304957832209766
-8.439964 0.045841766288504004
-8.419964 0.03934219176881015
-8.399963 0.03223100071772933
-8.379963 0.005422424525022507
-8.359962 0.012601109920069575
-8.339962 0.16075888474006206
-8.319962 0.00628369755577296
-8.299961 0.04278800019528717
-8.279961 0.0019003046909347177
-8.25996 0.1011136433808133
-8.23996 0.019794497755356133
-8.219959 0.0623144987039268
-8.199959 0.052646109252236784
-8.179958 0.06224057241342962
-8.159958 0.10680345783475786
-8.139957 0.019400629098527133
-8.119957 0.005409232922829688
-8.0999565 0.032948442618362606
-8.079956 0.051968110958114266
-8.059956 0.033874325919896364
-8.039955 0.02297480497509241
-8.019955 0.03475577069912106
-7.9999547 0.054002904100343585
-7.9799547 0.1623514061793685
-7.9599547 0.18053192691877484
-7.9399548 0.10110266203992069
-7.919955 0.22535082674585283
-7.899955 0.06678306171670556
-7.879955 0.08602945040911436
-7.859955 0.08784402464516461
-7.839955 0.05455661867745221
-7.819955 0.05432319897226989
-7.799955 0.057474277913570404
-7.779955 0.026580351870507002
-7.759955 0.029595208121463656
-7.739955 0.09148273919709027
-7.719955 0.07869366719387472
-7.699955 0.007419551955536008
-7.679955 0.03555404604412615
-7.659955 0.15253935381770134
-7.639955 0.05327049386687577
-7.619955 0.011867384426295757
-7.599955 0.1303152423352003
-7.579955 0.03802615706808865
-7.559955 0.13495623203925788
-7.539955 0.02462245710194111
-7.519955 0.005474616773426533
-7.499955 0.058402821654453874
-7.479955 0.19207137171179056
-7.459955 0.2299365089274943
-7.439955 0.09055593935772777
-7.4199553 0.2558970074169338
-7.3999553 0.03207699838094413
-7.3799553 0.21877246256917715
-7.3599553 0.00493643363006413
-7.3399553 0.11677467310801148
-7.3199553 0.20585229340940714
-7.2999554 0.007807546528056264
-7.2799554 0.1995747359469533
-7.2599554 0.15093863010406494
-7.2399554 0.013355324510484934
-7.2199554 0.1783943793270737
-7.1999555 0.07634350331500173
-7.1799555 0.024587902706116438
-7.1599555 0.10793741000816226
-7.1399555 0.1748071718029678
-7.1199555 0.013641242403537035
-7.0999556 0.4541791034862399
-7.0799556 0.28448366932570934
-7.0599556 0.0018068775534629822
-7.0399556 0.5344187458977103
-7.0199556 0.01991312042810023
-6.9999557 0.14521191455423832
-6.9799557 0.19767317548394203
-6.9599557 0.4350763172842562
-6.9399557 0.2944808106403798
-6.9199557 0.5672290194779634
-6.8999557 0.4082893095910549
-6.879956 0.05871520913206041
-6.859956 0.8228665811475366
-6.839956 0.2267602812498808
-6.819956 0.17942472244612873
-6.799956 0.23284929804503918
-6.779956 0.13711079861968756
-6.759956 0.07618116098456085
-6.739956 0.19028720795176923
-6.719956 0.3986303214915097
-6.699956 0.2683939739363268
-6.679956 0.11630793241783977
-6.659956 0.1605394957587123
-6.639956 0.04779442842118442
-6.619956 0.08076639217324555
-6.599956 0.10649843874853104
-6.579956 0.3731790797319263
-6.559956 0.14988023997284472
-6.539956 0.09032416250556707
-6.519956 0.028835637436714023
-6.499956 0.12301269359886646
-6.479956 0.017682332661934197
-6.459956 0.13664928486105055
-6.439956 0.06676497508306056
-6.419956 0.1072629006812349
-6.399956 0.254690936912084
-6.3799562 0.0797236863290891
-6.3599563 0.13815578204230405
-6.3399563 0.041637355025159195
-6.3199563 0.18536398459400516
-6.2999563 0.09294385611428879
-6.2799563 0.2178002727268904
-6.2599564 0.11468642084219027
-6.2399564 0.23277991628856398
-6.2199564 0.07791840878780931
-6.1999564 0.2151703347626608
-6.1799564 0.3212161574338097
-6.1599565 0.13078105548629537
-6.1399565 0.28151626826729625
-6.1199565 0.24483177054207772
-6.0999565 0.4598704426898621
-6.0799565 0.3268763973028399
-6.0599566 0.3099601144785993
-6.0399566 0.3680130297434516
-6.0199566 0.1668992085615173
-5.9999566 0.3541767308488488
-5.9799566 0.3338513965718448
-5.9599566 0.47866535116918385
-5.9399567 0.18617321539204568
-5.9199567 0.8098582876846194
-5.8999567 0.9027913750614971
-5.8799567 0.14883478649426252
-5.8599567 0.4188940078020096
-5.8399568 0.4227804414695129
-5.819957 0.3502615076722577
-5.799957 0.3205791086656973
-5.779957 0.016692011849954724
-5.759957 0.0526873025810346
-5.739957 0.1436492500361055
-5.719957 0.015973304165527225
-5.699957 0.00600750558078289
-5.679957 0.16654087603092194
-5.659957 0.28325697453692555
-5.639957 0.1999876406043768
-5.619957 0.23240783507935703
-5.599957 0.046964914072304964
-5.579957 0.14718108135275543
-5.559957 0.41410533944144845
-5.539957 0.46442196890711784
-5.519957 0.4535101449582726
-5.499957 0.04123226762749255
-5.479957 0.10873013525269926
-5.459957 0.4254119787365198
-5.439957 0.35575513541698456
-5.419957 0.5471436693333089
-5.399957 0.16545847384259105
-5.379957 0.09943782165646553
-5.359957 0.39454010501503944
-5.339957 0.09901668759994209
-5.3199573 0.030887302942574024
-5.2999573 0.4986577667295933
-5.2799573 0.2432249542325735
-5.2599573 0.07573176035657525
-5.2399573 0.2935523765627295
-5.2199574 0.06637691706418991
-5.1999574 0.1681402144022286
-5.1799574 0.14398062066175044
-5.1599574 0.340767523040995
-5.1399574 0.3413704358972609
-5.1199574 0.08162216562777758
-5.0999575 0.0765313277952373
-5.0799575 0.2056788664776832
-5.0599575 0.03428108268417418
-5.0399575 0.06566346134059131
-5.0199575 0.11860925797373056
-4.9999576 0.04541809274815023
-4.9799576 0.2201796357985586
-4.9599576 0.12769346148706973
-4.9399576 0.041395962703973055
-4.9199576 0.15943252062425017
-4.8999577 0.10307830176316202
-4.8799577 0.165289799682796
-4.8599577 0.06561230192892253
-4.8399577 0.04287158534862101
-4.8199577 0.08363300934433937
-4.7999578 0.02270516660064459
-4.779958 0.0038640147540718317
-4.759958 0.11332574067637324
-4.739958 0.09042024309746921
-4.719958 0.06997110950760543
-4.699958 0.16257377387955785
-4.679958 0.021602146327495575
-4.659958 0.14577587647363544
-4.639958 0.07347037293948233
-4.619958 0.008001444861292839
-4.599958 0.06804395955987275
-4.579958 0.03818435315042734
-4.559958 0.11960677290335298
-4.539958 0.06908742641098797
-4.519958 0.134072843240574
-4.499958 0.18551357788965106
-4.479958 0.2123330666217953
-4.459958 0.013651005690917373
-4.439958 0.06208879826590419
-4.419958 0.0053804488852620125
-4.399958 0.08188659138977528
-4.379958 0.17859867471270263
-4.359958 0.09586939471773803
-4.339958 0.08819282101467252
-4.319958 0.05339526850730181
-4.299958 0.11490234220400453
-4.2799582 0.08636322128586471
-4.2599583 0.40425384044647217
-4.2399583 0.031195482471957803
-4.2199583 0.01714887097477913
-4.1999583 0.10111440508626401
-4.1799583 0.30722271162085235
-4.1599584 0.020011382643133402
-4.1399584 0.04085178463719785
-4.1199584 0.07617489318363369
-4.0999584 0.1461086245253682
-4.0799584 0.13025513128377497
-4.0599585 0.4360609268769622
-4.0399585 0.3227322141174227
-4.0199585 0.26669929665513337
-3.9999585 1.2534414096735418
-3.9799585 0.41286005172878504
-3.9599586 0.6508574280887842
-3.9399586 0.3948560948483646
-3.9199586 0.5690417634323239
-3.8999586 0.32821113243699074
-3.8799586 0.4516896973364055
-3.8599586 0.5667847404256463
-3.8399587 0.9227446429431438
-3.8199587 0.34694965090602636
-3.7999587 0.7483831001445651
-3.7799587 0.22005650168284774
-3.7599587 0.9961385908536613
-3.7399588 0.4735961523838341
-3.7199588 1.435167911928147
-3.6999588 0.7915856298059225
-3.6799588 0.1795898014679551
-3.6599588 0.6547210204880685
-3.6399589 0.146663177292794
-3.6199589 0.1058569815941155
-3.599959 0.21232545841485262
-3.579959 0.11861197045072913
-3.559959 0.7518056042026728
-3.539959 0.09087868430651724
-3.519959 0.46718079154379666
-3.499959 0.20175578841008246
-3.479959 0.2427629642188549
-3.459959 0.8220026702620089
-3.439959 0.1274959451984614
-3.419959 0.26871799724176526
-3.399959 0.4129287195391953
-3.379959 0.22428031207527965
-3.3599591 0.08662292384542525
-3.3399591 0.09926663106307387
-3.3199592 0.04636775585822761
-3.2999592 0.036159914918243885
-3.2799592 0.05490090849343687
-3.2599592 0.0660943512339145
-3.2399592 0.007231776311527938
-3.2199593 0.15951385139487684
-3.1999593 0.4099492086970713
-3.1799593 0.17147569268126972
-3.1599593 0.39501388459757436
-3.1399593 0.21835646630097472
-3.1199594 0.053338966754381545
-3.0999594 0.24624776633572765
-3.0799594 0.1250527104421053
-3.0599594 0.24425519141368568
-3.0399594 0.16453184018610045
-3.0199594 0.203919145045802
-2.9999595 0.11247627006378025
-2.9799595 0.15259258088190109
-2.9599595 0.30443315766751766
-2.9399595 0.44017219659872353
-2.9199595 0.06423039373476058
-2.8999596 0.4702960877912119
-2.8799596 0.2003119692672044
-2.8599596 0.3093050420284271
-2.8399596 0.682192622916773
-2.8199596 0.9548930439632386
-2.7999597 0.06397173693403602
-2.7799597 0.8588670585304499
-2.7599597 0.3392009614035487
-2.7399597 0.8921795897185802
-2.7199597 0.1550888365600258
-2.6999598 0.2528898688033223
-2.6799598 1.0890804266091436
-2.6599598 0.1927008545026183
-2.6399598 0.3871323517523706
-2.6199598 0.7497905085328966
-2.5999599 0.014159577433019876
-2.5799599 0.7414969480596483
-2.55996 0.5320302443578839
-2.53996 1.8663261984474957
-2.51996 0.5883613405749202
-2.49996 0.8019824200309813
-2.47996 1.1036972855217755
-2.45996 1.0789549020119011
-2.43996 0.2307267040014267
-2.41996 0.00916813500225544
-2.39996 0.49503672309219837
-2.37996 0.24790635192766786
-2.35996 0.26217574207112193
-2.33996 0.837491643615067
-2.31996 0.8007930470630527
-2.2999601 0.5031192605383694
-2.2799602 0.5291797108948231
-2.2599602 1.0006981021724641
-2.2399602 0.255186312366277
-2.2199602 0.36849980475381017
-2.1999602 0.39016906078904867
-2.1799603 0.08518005767837167
-2.1599603 0.17596855573356152
-2.1399603 0.08463139971718192
-2.1199603 0.07464205427095294
-2.0999603 0.49708464415743947
-2.0799603 0.22362428298220038
-2.0599604 0.6605327744036913
-2.0399604 0.46093612909317017
-2.0199604 0.14662047009915113
-1.9999604 0.676174933090806
-1.9799604 0.6027155565097928
-1.9599605 0.11547030601650476
-1.9399605 0.1019855123013258
-1.9199605 0.4062793180346489
-1.8999605 0.4467072719708085
-1.8799605 0.013182706199586391
-1.8599606 1.2698926674202085
-1.8399606 0.573323180899024
-1.8199606 0.3881358131766319
-1.7999606 0.41159858368337154
-1.7799606 0.9596581114456058
-1.7599607 0.36400007270276546
-1.7399607 0.659375780262053
-1.7199607 0.385129421018064
-1.6999607 0.1769958771765232
-1.6799607 0.34353035409003496
-1.6599607 0.13761490397155285
-1.6399608 0.3771184338256717
-1.6199608 0.694537453353405
-1.5999608 0.7825753521174192
-1.5799608 0.26870432030409575
-1.5599608 0.06111541297286749
-1.5399609 0.2629499454051256
-1.5199609 0.2651307284832001
-1.4999609 0.2836119197309017
-1.4799609 0.28736998327076435
-1.4599609 0.8663956318050623
-1.439961 0.20859535317867994
-1.419961 0.09705279767513275
-1.399961 0.13095852080732584
-1.379961 0.6466869721189141
-1.359961 0.5752571886405349
-1.339961 0.029969507828354836
-1.3199611 0.31176005769521
-1.2999611 0.08491981867700815
-1.2799611 0.5342984236776829
-1.2599611 0.4293774561956525
-1.2399611 0.13953876867890358
-1.2199612 0.07876532059162855
-1.1999612 0.043282972648739815
-1.1799612 0.08147764392197132
-1.1599612 0.4897237168624997
-1.1399612 0.05946417152881622
-1.1199613 0.3149877432733774
-1.0999613 0.1433538720011711
-1.0799613 1.2030828651040792
-1.0599613 0.04335536528378725
-1.0399613 1.1828732751309872
-1.0199614 0.5101449303328991
-0.9999614 0.34343041852116585
-0.9799614 0.9894301388412714
-0.9599614 0.3973647076636553
-0.93996143 1.0565267149358988
-0.91996145 0.5766285210847855
-0.8999615 2.0570049174129963
-0.8799615 4.009313335642219
-0.8599615 1.0442500337958336
-0.8399615 0.34978625178337097
-0.81996155 1.3892137221992016
-0.79996157 2.159437781199813
-0.7799616 1.546017399057746
-0.7599616 2.0272320676594973
-0.7399616 2.4756474439054728
-0.71996164 2.741406060755253
-0.69996166 0.6646303758025169
-0.6799617 2.4895567931234837
-0.6599617 0.7661541532725096
-0.6399617 0.23136833496391773
-0.61996174 0.9399349354207516
-0.59996176 1.1966652497649193
-0.5799618 1.547243071720004
-0.5599618 2.515597915276885
-0.5399618 0.09656034782528877
-0.51996183 0.71066565066576
-0.49996182 4.439173575490713
-0.4799618 4.373610898852348
-0.4599618 2.9325713142752647
-0.4399618 0.1577713768929243
-0.41996178 2.597296867519617
-0.39996177 3.2600434068590403
-0.37996176 3.033912068232894
-0.35996175 0.554842496290803
-0.33996174 0.4359342008829117
-0.31996173 5.213843571022153
-0.29996172 2.4465234354138374
-0.2799617 3.1070346124470234
-0.2599617 3.7702927365899086
-0.2399617 0.5293642468750477
-0.2199617 1.9508495349436998
-0.1999617 1.516430590301752
-0.17996171 3.2801599577069283
-0.15996172 1.428738946095109
-0.13996172 2.9293499421328306
-0.11996172 14.049041494727135
-0.09996173 9.21360625885427
-0.07996173 11.837709173560143
-0.059961732 0.5358148999512196
-0.039961733 3.1263647116720676
-0.019961733 38.28728874400258
3.8266182E-5 18189.997432952747
0.020038266 14.069953002035618
0.040038265 23.69335168041289
0.060038265 19.56770397722721
0.080038264 10.984835283830762
0.10003826 2.8963956125080585
0.120038256 14.179358957335353
0.14003825 1.1799843832850456
0.16003825 5.828080244362354
0.18003824 6.301385711878538
0.20003824 1.1384005229920149
0.22003824 5.160182813182473
0.24003823 4.321244802325964
0.26003823 5.459781950339675
0.28003824 0.11664932779967785
0.30003825 3.750640481710434
0.32003826 3.8504023887217045
0.34003827 0.558043222874403
0.36003828 0.9378721751272678
0.3800383 0.1553281992673874
0.4000383 0.024552851915359497
0.4200383 0.7849474009126425
0.44003832 1.2444366179406643
0.46003833 1.8698356971144676
0.48003834 3.1764787398278713
0.5000383 3.09675885271281
0.5200383 5.622628068551421
0.5400383 1.4632355440407991
0.56003827 0.45611685514450073
0.58003825 5.72881343215704
0.60003823 1.1022632382810116
0.6200382 2.146013241261244
0.6400382 2.857522575184703
0.6600382 3.206071689724922
0.68003815 5.115421066060662
0.70003814 3.6279794201254845
0.7200381 0.8254460506141186
0.7400381 2.930928723886609
0.7600381 1.0624903738498688
0.78003806 0.35175328329205513
0.80003804 0.28454887494444847
0.820038 2.3207751363515854
0.840038 1.005243457853794
0.860038 1.121768370270729
0.88003796 1.5441255792975426
0.90003794 0.5311222933232784
0.9200379 2.690949857234955
0.9400379 0.24509522505104542
0.9600379 2.429144348949194
0.98003787 1.6497499588876963
1.0000379 0.04598869103938341
1.0200379 0.01129162684082985
1.0400379 0.3107509147375822
1.0600379 1.1005358202382922
1.0800378 0.6100274454802275
1.1000378 0.06561519578099251
1.1200378 0.10658451076596975
1.1400378 0.03649380803108215
1.1600378 1.366001839749515
1.1800377 0.027426275424659252
1.2000377 0.32271058671176434
1.2200377 0.4578541312366724
1.2400377 0.11996808554977179
1.2600377 0.26420274563133717
1.2800376 0.5372503083199263
1.3000376 0.680434032343328
1.3200376 0.017292071133852005
1.3400376 0.3297592271119356
1.3600376 0.24359367042779922
1.3800375 0.8968194415792823
1.4000375 0.011585208587348461
1.4200375 0.15181991551071405
1.4400375 0.05888892896473408
1.4600375 0.1472976403310895
1.4800375 0.499074200168252
1.5000374 0.13020592369139194
1.5200374 0.16736414469778538
1.5400374 0.031626622192561626
1.5600374 0.007205008529126644
1.5800374 0.17679441533982754
1.6000373 0.4719280330464244
1.6200373 0.2699426542967558
1.6400373 0.2698025032877922
1.6600373 0.5545915868133307
1.6800373 0.31238318979740143
1.7000372 0.605491497553885
1.7200372 0.18178400304168463
1.7400372 0.23013558238744736
1.7600372 0.1086480999365449
1.7800372 0.37085314840078354
1.8000371 0.274642750620842
1.8200371 0.7746302746236324
1.8400371 0.321414178237319
1.8600371 0.8605439197272062
1.8800371 0.3467951212078333
1.900037 0.49787043686956167
1.920037 0.25305164512246847
1.940037 0.21837636269629002
1.960037 0.5081936083734035
1.980037 0.040191350504755974
2.000037 0.42083921702578664
2.020037 0.5399548555724323
2.040037 0.10909778159111738
2.060037 0.755464474670589
2.0800369 0.007741618435829878
2.1000369 0.5522944065742195
2.1200368 0.26040823059156537
2.1400368 0.5908659533597529
2.1600368 0.3050037841312587
2.1800368 0.5156668610870838
2.2000368 0.29863783344626427
2.2200367 0.17938982229679823
2.2400367 0.3908759541809559
2.2600367 0.6315358998253942
2.2800367 0.07351620681583881
2.3000367 0.12110114470124245
2.3200366 0.6693506888113916
2.3400366 0.612942180596292
2.3600366 0.10521214129403234
2.3800366 0.06739461049437523
2.4000366 0.1980523206293583
2.4200366 0.48269693134352565
2.4400365 0.7964055170305073
2.4600365 0.3002478671260178
2.4800365 0.6270821993239224
2.5000365 0.4687394290231168
2.5200365 0.2956273667514324
2.5400364 1.4729303834028542
2.5600364 0.5583582674153149
2.5800364 0.6881593982689083
2.6000364 0.4531814884394407
2.6200364 0.4345172953326255
2.6400363 0.05388620030134916
2.6600363 0.3186593868304044
2.6800363 0.5588385062292218
2.7000363 0.2902240948751569
2.7200363 0.6725403254386038
2.7400362 0.2280436789151281
2.7600362 0.2502974704839289
2.7800362 0.9760357479099184
2.8000362 0.017119971569627523
2.8200362 0.24804382771253586
2.8400362 0.4435329884290695
2.8600361 0.29123477381654084
2.880036 0.6544926420319825
2.900036 0.7102004000917077
2.920036 0.14923098986037076
2.940036 0.12693468120414764
2.960036 0.5262014713371173
2.980036 0.28308246680535376
3.000036 0.2749649981269613
3.020036 0.3337961992365308
3.040036 0.19684976123971865
3.060036 0.042469446430914104
3.080036 0.06308679244830273
3.100036 0.0314005795517005
3.120036 0.18161835233331658
3.1400359 0.06476679838033306
3.1600358 0.1140848453505896
3.1800358 0.3097773058107123
3.2000358 0.08136817498598248
3.2200358 0.2671236204332672
3.2400358 0.1273177624680102
3.2600358 0.38105934287887067
3.2800357 0.29778486012946814
3.3000357 0.19497532478999346
3.3200357 0.2639662977308035
3.3400357 0.23947088851127774
3.3600357 0.16281040373723954
3.3800356 0.2700973537284881
3.4000356 0.3803655451629311
3.4200356 0.4086420068051666
3.4400356 0.8164555199909955
3.4600356 1.1872765510343015
3.4800355 0.19811658980324864
3.5000355 0.09885051054880023
3.5200355 0.051253534853458405
3.5400355 0.018758384976536036
3.5600355 0.31679840688593686
3.5800354 0.3994454867206514
3.6000354 0.35247086780145764
3.6200354 0.19236882193945348
3.6400354 0.9708516793325543
3.6600354 0.4788104831241071
3.6800354 0.6578749162144959
3.7000353 0.7821945012547076
3.7200353 0.7200285317376256
3.7400353 0.6951983640901744
3.7600353 0.29839749308303
3.7800353 0.49835487734526396
3.8000352 0.15284706326201558
3.8200352 0.019554689060896635
3.8400352 0.766759037040174
3.8600352 0.7338743493892252
3.8800352 0.44181169755756855
3.9000351 0.35317025892436504
3.9200351 0.6322519229725003
3.940035 0.09510477492585778
3.960035 0.2681246707215905
3.980035 0.04961159219965339
4.0000353 0.2647201200015843
4.0200353 0.4874781009275466
4.0400352 0.3530637810472399
4.060035 0.17739214608445764
4.080035 0.41849084780551493
4.100035 0.22403236338868737
4.120035 0.4049258269369602
4.140035 0.3706177903804928
4.160035 0.12576343747787178
4.180035 0.20927571784704924
4.200035 0.1686604991555214
4.220035 0.3724621799774468
4.240035 0.226685426896438
4.260035 0.09681690973229706
4.280035 0.12025206675752997
4.300035 0.14406840759329498
4.320035 0.013014951255172491
4.340035 0.29222149890847504
4.360035 0.09734695521183312
4.380035 0.1065788441337645
4.400035 0.06301194848492742
4.420035 0.026900994358584285
4.440035 0.0027864722069352865
4.460035 0.06649275263771415
4.480035 0.008002311224117875
4.500035 0.003172965021803975
4.520035 0.09960550907999277
4.540035 0.06297780107706785
4.5600348 0.07074865303002298
4.5800347 0.08981592883355916
4.6000347 0.010899721877649426
4.6200347 0.09606414497829974
4.6400347 0.17842484777793288
4.6600347 0.08940826961770654
4.6800346 0.06771511351689696
4.7000346 0.16739251418039203
4.7200346 0.0447238942142576
4.7400346 0.14622329734265804
4.7600346 0.17353774956427515
4.7800345 0.12739861733280122
4.8000345 0.015577961457893252
4.8200345 0.16729915118776262
4.8400345 0.15690613980405033
4.8600345 0.11292762402445078
4.8800344 0.22613598546013236
4.9000344 0.005943754920735955
4.9200344 0.2195784889627248
4.9400344 0.12945114425383508
4.9600344 0.08632212993688881
4.9800344 0.08249881560914218
5.0000343 0.0894041929859668
5.0200343 0.00377444364130497
5.0400343 0.009380425093695521
5.0600343 0.06482049473561347
5.0800343 0.21997773787006736
5.100034 0.027266876539215446
5.120034 0.11593245295807719
5.140034 0.04941247473470867
5.160034 0.023073353804647923
5.180034 0.17697619018144906
5.200034 0.22372064529918134
5.220034 0.07640979927964509
5.240034 0.35173480003140867
5.260034 0.12317807436920702
5.280034 0.2993338175583631
5.300034 0.25234443484805524
5.320034 0.05354844010435045
5.340034 0.06666022795252502
5.360034 0.2725147409364581
5.380034 0.32698471401818097
5.400034 0.22545974515378475
5.420034 0.32485111616551876
5.440034 0.09779887925833464
5.460034 0.3869826493319124
5.480034 0.15953437611460686
5.500034 0.13655133289285004
5.520034 0.5477075155358762
5.540034 0.26096160570159554
5.560034 0.21264038095250726
5.580034 0.21406968613155186
5.6000338 0.05632859538309276
5.6200337 0.48062458261847496
5.6400337 0.030037319054827094
5.6600337 0.23139062034897506
5.6800337 0.17182195815257728
5.7000337 0.10565270786173642
5.7200336 0.40053660166449845
5.7400336 0.09498415235430002
5.7600336 0.20316521846689284
5.7800336 0.03535430773627013
5.8000336 0.07636105397250503
5.8200336 0.010962391155771911
5.8400335 0.2272728697862476
5.8600335 0.2785321148112416
5.8800335 0.4263866428518668
5.9000335 0.8515230475459248
5.9200335 0.6200423883274198
5.9400334 0.2976127921137959
5.9600334 0.393217965378426
5.9800334 0.4279533789958805
6.0000334 0.2538676067488268
6.0200334 0.31034628057386726
6.0400333 0.2242861103732139
6.0600333 0.2853063972434029
6.0800333 0.2647454568068497
6.1000333 0.3596893541398458
6.1200333 0.3557803378207609
6.1400332 0.22755235125077888
6.160033 0.2700409859244246
6.180033 0.24604023370193318
6.200033 0.1896283845999278
6.220033 0.20971041056327522
6.240033 0.17638666817219928
6.260033 0.27061399746889947
6.280033 0.1535041969127633
6.300033 0.03504235012223944
6.320033 0.12317935316241346
6.340033 0.008471739944070578
6.360033 0.054090340330731124
6.380033 0.10711305696167983
6.400033 0.11068892298499122
6.420033 0.13416060694726184
6.440033 0.3016114406636916
6.460033 0.001646801014430821
6.480033 0.06590718432562426
6.500033 0.10381031653378159
6.520033 0.13414465397363529
6.540033 0.18538663652725518
6.560033 0.27098906657192856
6.580033 0.2083879983983934
6.600033 0.2192255362169817
6.620033 0.1267140501877293
6.640033 0.15739253582432866
6.6600327 0.20573733560740948
6.6800327 0.0011815300676971674
6.7000327 0.10945066099520773
6.7200327 0.34423294570297003
6.7400327 0.06791541539132595
6.7600327 0.11887860810384154
6.7800326 0.048493253416381776
6.8000326 0.26880420255474746
6.8200326 0.07488477695733309
6.8400326 0.0464751604013145
6.8600326 0.5242266897112131
6.8800325 0.48474124539643526
6.9000325 0.2405766046140343
6.9200325 0.3858160914387554
6.9400325 0.16636957181617618
6.9600325 0.5717122757341713
6.9800324 0.29263096838258207
7.0000324 0.6491052990313619
7.0200324 0.11580774979665875
7.0400324 0.33638959005475044
7.0600324 0.5696502977516502
7.0800323 0.3783068081829697
7.1000323 0.2919031083583832
7.1200323 0.2049327539280057
7.1400323 0.13148090639151633
7.1600323 0.08476854092441499
7.1800323 0.33159700012765825
7.200032 0.021691120695322752
7.220032 0.30806080624461174
7.240032 0.0205280645750463
7.260032 0.2940282847266644
7.280032 0.0289682790171355
7.300032 0.19152801111340523
7.320032 0.02503841184079647
7.340032 0.03948548645712435
7.360032 0.03339075343683362
7.380032 0.04467566474340856
7.400032 0.050039650639519095
7.420032 0.06838399590924382
7.440032 0.10500184004195035
7.460032 0.1586424414999783
7.480032 0.1353167248889804
7.500032 0.25085548334755003
7.520032 0.09157704329118133
7.540032 0.07590548251755536
7.560032 0.038174261106178164
7.580032 0.14922133181244135
7.600032 0.0408320939168334
7.620032 0.03385574766434729
7.640032 0.1180403814651072
7.660032 0.060873165261000395
7.680032 0.1565449230838567
7.7000318 0.048334178514778614
7.7200317 0.03868202120065689
7.7400317 0.09611765365116298
7.7600317 0.04474500706419349
7.7800317 3.2328395172953606E-4
7.8000317 0.2554293214343488
7.8200316 0.09960170881822705
7.8400316 0.05249838647432625
7.8600316 0.11998460511676967
7.8800316 0.023419391829520464
7.9000316 0.08846250409260392
7.9200315 0.15450997627340257
7.9400315 0.10468225972726941
7.9600315 0.03356954548507929
7.9800315 0.17815339216031134
8.000031 0.010796494665555656
8.020032 0.02449136902578175
8.040032 0.003219892270863056
8.060033 0.1031079264357686
8.080033 0.01606244861613959
8.100034 0.05625409574713558
8.120034 0.04931281309109181
8.140035 0.08319451694842428
8.160035 0.07144901808351278
8.180036 0.06667556695174426
8.200036 0.08649363520089537
8.2200365 0.07291411969345063
8.240037 0.023195313289761543
8.260037 0.03265816089697182
8.280038 0.08753913862165064
8.300038 0.015708473045378923
8.320039 0.11031397606711835
8.340039 0.003363767988048494
8.36004 0.023251543869264424
8.38004 0.08570335956756026
8.400041 0.15721139474771917
8.420041 0.10084726207423955
8.440042 0.030436405795626342
8.460042 0.10458024626132101
8.480042 0.03724601387511939
8.500043 0.10620033892337233
8.520043 0.07825364486780018
8.540044 0.10124655114486814
8.560044 0.06863124843221158
8.580045 0.04099782509729266
8.600045 0.06168342602904886
8.620046 0.24956265313085169
8.640046 0.11248068534769118
8.660047 0.08644172817002982
8.680047 0.20799453067593277
8.7000475 0.2775157071882859
8.720048 0.1425306760938838
8.740048 0.03533319220878184
8.760049 0.03710369113832712
8.780049 0.03830549539998174
8.80005 0.021861629793420434
8.82005 0.16230303631164134
8.840051 0.19383608538191766
8.860051 0.041338652023114264
8.880052 0.0021895100362598896
8.900052 0.0671065648784861
8.920053 0.07181164901703596
8.940053 0.001239700650330633
8.960053 0.04291420168010518
8.980054 0.025472925859503448
9.000054 0.08646748622413725
9.020055 0.31393526267493144
9.040055 0.18560464394977316
9.060056 0.25359565211692825
9.080056 0.03875353035982698
9.100057 0.02669882937334478
9.120057 0.022806362248957157
9.140058 0.08571949444012716
9.160058 0.06684535223757848
9.1800585 0.005233289732132107
9.200059 0.028049104555975646
9.220059 0.09463978535495698
9.24006 0.003538729186402634
9.26006 0.01702576386742294
9.280061 0.07363406280637719
9.300061 0.009535390578093939
9.320062 0.06717442897206638
9.340062 0.0254911743249977
9.360063 0.10283744509797543
9.380063 0.06691762447735528
9.4000635 0.04003622465461376
9.420064 0.020649704449169803
9.440064 6.184122685226612E-4
9.460065 0.030336098236148246
9.480065 0.047755618652445264
9.500066 0.06525251964922063
9.520066 0.01023455907125026
9.540067 0.04175585263874382
9.560067 0.0333763268426992
9.580068 0.004393996670842171
9.600068 0.060236746416194364
9.620069 0.015279605198884383
9.640069 0.0014225718332454562
9.660069 0.07102182481321506
9.68007 0.02811445709085092
9.70007 0.026328225969336927
9.720071 0.21723369118990377
9.740071 0.08411513938335702
9.760072 0.17654267098987475
9.780072 0.1114281332702376
9.800073 0.054401660920120776
9.820073 0.026634254259988666
9.840074 0.061693909869063646
9.860074 0.021315810037776828
9.8800745 0.018429135554470122
9.900075 0.1089280357118696
9.920075 0.07712054293369874
9.940076 0.028410432569216937
9.960076 0.04808899911586195
9.980077 0.1146600772626698
10.000077 0.31846373388543725
10.020078 0.2925710576819256
