-10.0 0.10537193
-9.98 0.6170128
-9.96 1.1410369
-9.94 0.7334097
-9.92 2.194344
-9.9 1.6454248
-9.88 2.9942112
-9.86 2.5439646
-9.84 3.4198897
-9.82 4.0352907
-9.8 4.5305195
-9.77999 4.862347
-9.75999 4.0136795
-9.73999 3.883167
-9.71999 3.6672096
-9.69999 2.8642857
-9.67999 2.7190123
-9.65999 1.5817158
-9.63999 1.6456625
-9.61999 1.160315
-9.59999 1.2306279
-9.57999 0.021398127
-9.55999 0.3626003
-9.53999 0.78583944
-9.51999 1.2742698
-9.49999 2.3145642
-9.47999 2.3032575
-9.45999 2.3176913
-9.43999 3.2467318
-9.41999 3.2751524
-9.39999 4.256986
-9.37999 4.23283
-9.35999 5.2126822
-9.33998 4.6620884
-9.31998 4.7910323
-9.29998 3.255157
-9.27998 3.9814842
-9.25998 2.9732583
-9.23998 2.3012156
-9.21998 1.1732855
-9.19998 1.6968296
-9.17998 1.0977018
-9.15998 0.4596031
-9.13998 0.7699509
-9.11998 0.4428551
-9.09998 1.0613507
-9.07998 1.4187168
-9.05998 1.88855
-9.03998 2.1489205
-9.01998 3.4915848
-8.99998 3.4385703
-8.97998 4.0905786
-8.95998 3.9916613
-8.93998 4.1827364
-8.91998 4.656167
-8.89997 3.932511
-8.87997 4.4241276
-8.85997 2.634279
-8.83997 2.6952605
-8.81997 2.0760722
-8.79997 1.8604295
-8.77997 1.9376503
-8.75997 1.2888354
-8.73997 1.1746955
-8.71997 0.7944454
-8.69997 0.51912975
-8.67997 0.21572067
-8.65997 0.81520253
-8.63997 0.59595305
-8.61997 1.7931772
-8.59997 1.5064957
-8.57997 1.6745687
-8.55997 2.3361008
-8.53997 3.0593076
-8.51997 2.5651166
-8.49997 3.2278907
-8.47997 2.6942282
-8.45996 2.3810372
-8.43996 2.8442402
-8.41996 2.4968162
-8.39996 1.9842539
-8.37996 1.1991044
-8.35996 0.94139194
-8.33996 0.39839032
-8.31996 0.5923789
-8.29996 0.013553311
-8.27996 0.03631175
-8.25996 0.39888635
-8.23996 0.3552055
-8.21996 0.01732271
-8.19996 0.8292627
-8.17996 0.2027108
-8.15996 0.27175373
-8.13996 1.0143847
-8.11996 1.2314646
-8.09996 0.56606686
-8.07996 0.6357
-8.05996 0.74398917
-8.03996 1.1975032
-8.01995 0.92330444
-7.99995 1.1505257
-7.97995 1.0437294
-7.95995 1.252193
-7.93995 0.04024856
-7.91995 0.31612167
-7.89995 1.4013289
-7.87995 0.3263507
-7.85995 0.39755183
-7.83995 0.94484365
-7.81995 0.03590259
-7.79995 0.7225027
-7.77995 0.14119545
-7.75995 1.4685011
-7.73995 1.1713384
-7.71995 1.6325877
-7.69995 0.90178746
-7.67996 0.76702607
-7.65996 1.580631
-7.63996 1.3022105
-7.61996 3.4558063
-7.59996 3.2683253
-7.57996 2.91805
-7.55996 2.2830162
-7.53996 4.189262
-7.51996 3.1589482
-7.49996 4.4083486
-7.47996 3.2207136
-7.45996 3.3190084
-7.43996 4.988522
-7.41996 3.949354
-7.39996 5.353777
-7.37996 5.783475
-7.35996 4.3716617
-7.33996 4.6750765
-7.31996 4.420863
-7.29996 5.503327
-7.27996 6.355579
-7.25996 5.446062
-7.23996 5.524965
-7.21996 5.8705187
-7.19996 5.660191
-7.17996 5.8426275
-7.15996 5.739657
-7.13996 6.719114
-7.11996 7.015124
-7.09996 7.4903765
-7.07996 6.631682
-7.05996 7.9204245
-7.03996 8.327921
-7.01996 7.435682
-6.99996 7.1805816
-6.97996 7.22493
-6.95996 8.076459
-6.93996 7.7082214
-6.91996 7.0534
-6.89996 8.750034
-6.87996 7.6356673
-6.85996 6.9919095
-6.83996 8.163925
-6.81996 8.429847
-6.79996 7.7451134
-6.77996 7.7992377
-6.75996 8.635007
-6.73996 8.267612
-6.71996 9.116224
-6.69996 9.560495
-6.67996 7.137196
-6.65996 8.653316
-6.63996 7.7315254
-6.61996 7.407342
-6.59996 8.833464
-6.57996 9.023461
-6.55996 7.157919
-6.53996 8.890541
-6.51996 7.247965
-6.49996 8.123286
-6.47996 8.925803
-6.45996 7.19948
-6.43996 8.960125
-6.41996 7.6888022
-6.39996 7.372084
-6.37996 8.323543
-6.35996 8.333341
-6.33996 8.380311
-6.31996 8.437768
-6.29996 8.2676
-6.27996 8.375961
-6.25996 8.296123
-6.23996 8.2721815
-6.21996 8.4369335
-6.19996 8.312479
-6.17996 7.7370787
-6.15996 6.499576
-6.13996 7.70984
-6.11996 7.0267878
-6.09996 6.342696
-6.07996 7.464069
-6.05996 8.042527
-6.03996 7.693224
-6.01996 7.9882865
-5.99996 6.3877873
-5.97996 6.3894963
-5.95996 7.303673
-5.93996 6.2153883
-5.91996 6.4156446
-5.89996 6.8950315
-5.87996 6.399932
-5.85996 5.801273
-5.83996 5.775827
-5.81996 6.8625684
-5.79996 7.3940806
-5.77996 5.490525
-5.75996 5.4911666
-5.73996 7.260966
-5.71996 6.43473
-5.69996 6.8488374
-5.67996 4.8995147
-5.65996 5.6552525
-5.63996 5.2509747
-5.61996 4.710466
-5.59996 4.6062727
-5.57996 3.5543754
-5.55996 3.958939
-5.53996 3.6321554
-5.51996 4.7891655
-5.49996 4.793075
-5.47996 5.27506
-5.45996 3.3795626
-5.43996 4.1345844
-5.41996 4.322076
-5.39996 4.473424
-5.37996 4.8650374
-5.35996 3.3890393
-5.33996 4.049059
-5.31996 4.20613
-5.29996 3.0746975
-5.27996 3.8437314
-5.25996 3.1729515
-5.23996 3.4391627
-5.21996 2.982706
-5.19996 3.6040218
-5.17996 2.4846098
-5.15996 2.0046465
-5.13996 2.731932
-5.11996 1.275274
-5.09996 2.438166
-5.07996 2.0910637
-5.05996 2.4187882
-5.03996 0.66805124
-5.01996 2.6451075
-4.99996 0.71353126
-4.97996 2.1671221
-4.95996 0.9779364
-4.93996 1.5444493
-4.91996 1.3148451
-4.89996 1.9104381
-4.87996 0.49922365
-4.85996 1.7945621
-4.83996 0.30399254
-4.81996 0.45318004
-4.79996 0.1650044
-4.77996 0.08372887
-4.75996 0.6244346
-4.73996 0.1724124
-4.71996 0.7671791
-4.69996 0.47542566
-4.67996 0.48309577
-4.65996 0.18615139
-4.63996 0.34099686
-4.61996 0.98619276
-4.59996 1.0057296
-4.57996 0.114988916
-4.55996 0.36275503
-4.53996 0.2446052
-4.51996 1.2559056
-4.49996 1.40783
-4.47996 1.5840383
-4.45996 1.3603796
-4.43996 0.38920137
-4.41996 1.0227388
-4.39996 1.6863738
-4.37996 1.0017647
-4.35996 2.284848
-4.33996 0.5437119
-4.31996 1.8513433
-4.29996 1.9682486
-4.27996 1.2149494
-4.25996 2.0943546
-4.23996 1.4140095
-4.21996 2.5332222
-4.19996 2.735071
-4.17996 0.9656625
-4.15996 2.719283
-4.13996 1.2908803
-4.11996 1.5013102
-4.09996 2.2034636
-4.07996 2.1535742
-4.05996 2.8824177
-4.03996 1.9413983
-4.01996 1.1485285
-3.99996 5.4186053
-3.97996 5.6749296
-3.95996 4.2513447
-3.93996 2.832121
-3.91996 7.5914097
-3.89996 4.933973
-3.87996 5.7357235
-3.85996 5.834075
-3.83996 5.0181046
-3.81996 3.2685416
-3.79996 4.95658
-3.77996 4.235407
-3.75996 6.5702705
-3.73996 5.10488
-3.71996 6.371951
-3.69996 5.032193
-3.67996 4.1131463
-3.65996 2.7478688
-3.63996 4.788485
-3.61996 6.1695967
-3.59996 2.7715561
-3.57996 3.5336185
-3.55996 4.403209
-3.53996 4.0959044
-3.51996 2.999896
-3.49996 3.044128
-3.47996 6.0304294
-3.45996 5.620994
-3.43996 4.5757675
-3.41996 5.11474
-3.39996 6.155163
-3.37996 2.1111798
-3.35996 4.630887
-3.33996 4.3958254
-3.31996 4.920407
-3.29996 4.6137986
-3.27996 4.9012284
-3.25996 4.5138526
-3.23996 3.5407658
-3.21996 3.4940565
-3.19996 3.3735907
-3.17996 3.544268
-3.15996 3.5429454
-3.13996 3.345794
-3.11996 3.3729496
-3.09996 3.1967733
-3.07996 3.2130013
-3.05996 2.3938448
-3.03996 0.52921146
-3.01996 4.0641427
-2.99996 1.4049499
-2.97996 0.6890242
-2.95996 1.5840333
-2.93996 3.462154
-2.91996 1.6368492
-2.89996 3.6621933
-2.87996 0.2572498
-2.85996 3.105511
-2.83996 2.341898
-2.81996 0.85233414
-2.79996 0.2561806
-2.77996 0.6691874
-2.75996 3.2672586
-2.73996 1.5626035
-2.71996 1.3175107
-2.69996 0.21805514
-2.67996 2.306246
-2.65996 1.3289406
-2.63996 1.4896662
-2.61996 3.1172163
-2.59996 1.8427086
-2.57996 1.3378837
-2.55996 0.21796976
-2.53996 1.1163262
-2.51996 0.9116387
-2.49996 0.9480176
-2.47996 0.6036973
-2.45996 1.1710451
-2.43996 2.2307267
-2.41996 1.0091681
-2.39996 1.4950367
-2.37996 0.49790636
-2.35996 0.48782426
-2.33996 1.8374916
-2.31996 1.550793
-2.29996 0.33063453
-2.27996 0.87798035
-2.25996 0.6351939
-2.23996 0.884856
-2.21996 1.2639793
-2.19996 0.3017002
-2.17996 0.76299816
-2.15996 1.3703026
-2.13996 0.0457035
-2.11996 1.3466163
-2.09996 2.2577271
-2.07996 1.7110716
-2.05996 0.77924305
-2.03996 0.8066549
-2.01996 2.4718044
-1.99996 0.9882676
-1.97996 1.0113461
-1.95996 2.36687
-1.93996 3.8413577
-1.91996 1.2747285
-1.89996 0.15369935
-1.87996 3.0344942
-1.85996 2.344138
-1.83996 5.2563047
-1.81996 0.15516666
-1.79996 2.2757814
-1.77996 1.0021309
-1.75996 1.4238106
-1.73996 0.64922583
-1.71996 2.4934607
-1.69996 0.40416482
-1.67996 4.810154
-1.65996 4.6718907
-1.63996 1.0375353
-1.61996 2.3505278
-1.59996 2.078456
-1.57996 0.29544333
-1.55996 2.4852655
-1.53996 3.452867
-1.51996 0.8791715
-1.49996 1.1501746
-1.47996 1.5616819
-1.45996 0.51847696
-1.43996 1.1648922
-1.41996 1.799169
-1.39996 0.4910069
-1.37996 0.3538037
-1.35996 2.0412471
-1.33996 5.089091
-1.31996 1.4543169
-1.29996 4.3229117
-1.27996 5.115075
-1.25996 1.1766876
-1.23996 0.11212529
-1.21996 3.515593
-1.19996 3.5806618
-1.17996 1.8910902
-1.15996 7.0040326
-1.13996 1.7357668
-1.11996 8.607884
-1.09996 6.6332974
-1.07996 8.888077
-1.05996 8.834615
-1.03996 8.251669
-1.01996 7.2472486
-0.999961 0.8985793
-0.979961 5.909953
-0.959961 3.5877728
-0.939961 1.9277914
-0.919961 0.42343664
-0.899961 6.0301275
-0.879961 0.8932386
-0.859962 13.263982
-0.839962 12.990144
-0.819962 1.152793
-0.799962 9.717701
-0.779962 6.5226
-0.759962 15.046804
-0.739962 13.906613
-0.719962 1.7695794
-0.699962 10.92457
-0.679962 7.3775406
-0.659962 2.816076
-0.639962 0.2207757
-0.619962 3.1955373
-0.599962 1.4980938
-0.579962 2.8931773
-0.559962 0.057423986
-0.539962 6.669745
-0.519962 2.81418
-0.499962 6.7047787
-0.479962 15.695686
-0.459962 2.3399146
-0.439962 3.1756039
-0.419962 8.205565
-0.399962 12.108563
-0.379962 5.463342
-0.359962 22.042124
-0.339962 9.048972
-0.319962 16.75707
-0.299962 2.999999
-0.279962 4.5036254
-0.259962 5.5657096
-0.239962 47.956306
-0.219962 36.468964
-0.199962 6.1179137
-0.179962 11.97332
-0.159962 46.186172
-0.139962 32.884853
-0.119962 64.78313
-0.0999617 1.2335743
-0.0799617 2.85049
-0.0599617 6.4480104
-0.0399617 9.86645
-0.0199617 13.7091255
3.82662E-5 0.002567051
0.0200383 31.06634
0.0400383 0.68613887
0.0600383 9.551488
0.0800383 9.968828
0.100038 36.928616
0.120038 8.575979
0.140038 17.013565
0.160038 18.95468
0.180038 2.440004
0.200038 28.542543
0.220038 19.454042
0.240038 31.220018
0.260038 8.728741
0.280038 5.1949916
0.300038 15.891961
0.320038 12.692609
0.340038 2.9266343
0.360038 6.4850783
0.380038 8.4418335
0.400038 22.18591
0.420038 5.0843186
0.440038 5.707653
0.460038 5.273773
0.480038 4.467249
0.500038 1.2910625
0.520038 2.283627
0.540038 6.751681
0.560038 10.692291
0.580038 4.6169534
0.600038 3.1989932
0.620038 0.8905879
0.640038 1.5486964
0.660038 2.5759783
0.680038 7.217225
0.700038 3.901656
0.720038 4.3218846
0.740038 0.5459571
0.760038 0.21269983
0.780038 6.93736
0.800038 7.9812284
0.820038 4.320775
0.840038 8.005243
0.860038 6.1217685
0.880038 2.0929964
0.900038 9.090458
0.920038 5.7032604
0.940038 8.93442
0.960038 6.5761223
0.980038 8.763732
1.00004 13.77084
1.02004 7.931281
1.04004 12.422111
1.06004 8.69855
1.08004 5.3732653
1.10004 4.2297215
1.12004 7.6707163
1.14004 9.970118
1.16004 8.952776
1.18004 10.709462
1.20004 4.561399
1.22004 9.070723
1.24004 8.050464
1.26004 4.8798013
1.28004 2.7708104
1.30004 7.6687946
1.32004 8.480049
1.34004 5.9040604
1.36004 7.9404216
1.38004 1.084838
1.40004 4.5569224
1.42004 6.50211
1.44004 4.6792026
1.46004 1.8261404
1.48004 3.902369
1.50004 1.3144258
1.52004 1.4488237
1.54004 0.70818764
1.56004 1.2294586
1.58004 2.119877
1.60004 4.6713114
1.62004 1.9020593
1.64004 3.361104
1.66004 4.6044416
1.68004 1.3199617
1.70004 2.8588126
1.72004 1.2380599
1.74004 4.6438804
1.76004 1.6234025
1.78004 5.8561034
1.80004 3.7283947
1.82004 6.145442
1.84004 5.2054386
1.86004 9.205967
1.88004 8.455217
1.90004 7.0810213
1.92004 10.307698
1.94004 11.804343
1.96004 5.4789906
1.98004 7.988045
2.00004 5.3312035
2.02004 4.935634
2.04004 5.987834
2.06004 6.1149063
2.08004 6.345445
2.10004 7.6157246
2.12004 5.7761235
2.14004 8.847785
2.16004 7.279507
2.18004 7.954865
2.20004 9.288089
2.22004 7.39355
2.24004 8.07636
2.26004 7.53487
2.28004 9.941139
2.30004 10.199366
2.32004 11.704526
2.34004 8.351214
2.36004 10.7926855
2.38004 7.9500947
2.40004 9.521926
2.42004 11.493615
2.44004 11.161194
2.46004 10.598668
2.48004 9.962656
2.50004 12.236238
2.52004 12.240242
2.54004 11.643924
2.56004 12.475788
2.58004 12.384585
2.60004 12.150445
2.62004 12.571169
2.64004 14.223658
2.66004 12.975481
2.68004 12.87158
2.70004 14.175191
2.72004 14.271804
2.74004 12.955317
2.76004 17.349688
2.78004 17.191605
2.80004 14.842881
2.82004 16.677967
2.84004 15.971548
2.86004 14.411229
2.88004 17.73532
2.90004 14.370676
2.92004 13.883142
2.94004 18.095297
2.96004 17.496792
2.98004 17.749216
3.00004 15.292429
3.02004 18.802109
3.04004 16.046762
3.06004 17.244778
3.08004 17.546516
3.10004 17.453924
3.12004 17.42767
3.14004 17.355135
3.16004 17.204943
3.18004 17.437841
3.20004 18.363134
3.22004 18.43052
3.24004 18.290165
3.26004 19.379944
3.28004 18.938057
3.30004 17.594503
3.32004 20.040642
3.34004 18.261208
3.36004 17.11005
3.38004 17.260813
3.40004 19.657558
3.42004 16.840353
3.44004 19.476557
3.46004 18.607021
3.48004 16.724052
3.50004 19.818575
3.52004 17.479311
3.54004 15.905401
3.56004 17.793917
3.58004 17.477291
3.60004 17.935621
3.62004 18.308895
3.64004 18.034065
3.66004 16.857035
3.68004 14.969511
3.70004 17.493795
3.72004 15.216305
3.74004 18.46945
3.76004 16.094017
3.78004 18.308823
3.80004 14.721741
3.82004 16.590546
3.84004 14.08362
3.86004 14.790479
3.88004 14.482137
3.90004 17.3713
3.92004 15.372379
3.94004 14.809144
3.96004 15.868629
3.98004 12.3406315
4.00004 7.771431
4.02004 5.646011
4.04004 5.956337
4.06004 6.372958
4.08004 7.078922
4.10004 6.3988996
4.12004 5.178208
4.14004 6.2867203
4.16004 4.8726683
4.18004 4.4913325
4.20004 4.858621
4.22004 3.854532
4.24004 4.026501
4.26004 3.8426347
4.28004 4.0698195
4.30003 4.1136246
4.32003 2.685653
4.34003 2.5958922
4.36003 3.6037571
4.38003 3.4061353
4.40003 3.5100074
4.42003 2.730194
4.44003 2.0622318
4.46003 1.8053726
4.48003 2.310716
4.50003 1.1044681
4.52003 2.1363308
4.54003 2.2780228
4.56003 0.44693
4.58003 1.3548894
4.60003 1.3821037
4.62003 0.20119014
4.64003 1.6513605
4.66003 0.86273617
4.68003 1.1307957
4.70003 0.79095685
4.72003 0.3432923
4.74003 0.047620248
4.76003 0.802714
4.78003 0.42831466
4.80003 0.07164091
4.82003 0.6342197
4.84003 1.8637671
4.86003 1.71104
4.88003 2.3528686
4.90003 2.047953
4.92003 1.885811
4.94003 0.9105911
4.96003 2.744756
4.98003 2.9626327
5.00003 1.5888332
5.02003 3.2215455
5.04003 2.4056926
5.06003 2.1309667
5.08003 3.8297312
5.10003 2.8748002
5.12003 3.3270874
5.14003 3.4331331
5.16003 3.622505
5.18003 4.6300764
5.20003 3.4931839
5.22003 3.6736596
5.24003 4.80475
5.26003 4.812909
5.28003 3.6644814
5.30003 3.5578642
5.32003 4.2460213
5.34003 4.0062494
5.36003 4.4289527
5.38003 4.75111
5.40003 4.9772816
5.42003 4.875505
5.44003 4.9730926
5.46003 5.8023157
5.48003 5.895995
5.50003 6.407987
5.52003 6.4835725
5.54003 5.504747
5.56003 5.460422
5.58003 5.941525
5.60003 7.1360164
5.62003 5.3238144
5.64003 7.1216307
5.66003 7.1027274
5.68003 6.1665854
5.70003 5.533495
5.72003 6.3640695
5.74003 6.12868
5.76003 6.476818
5.78003 7.1063843
5.80003 5.0598793
5.82003 6.314074
5.84003 6.1761007
5.86003 6.979058
5.88003 5.199912
5.90003 5.703409
5.92003 7.1734266
5.94003 6.2942753
5.96003 6.369453
5.98003 6.3778453
6.00003 5.5923862
6.02003 7.3236747
6.04003 6.9447985
6.06003 5.8848743
6.08003 5.8413005
6.10003 6.42948
6.12003 7.301259
6.14003 6.169595
6.16003 6.9894423
6.18003 7.52925
6.20003 6.61431
6.22003 6.713835
6.24003 6.7155337
6.26003 6.594697
6.28003 6.6233163
6.30003 5.604731
6.32003 5.724311
6.34003 5.708399
6.36003 5.537577
6.38003 5.5835214
6.40003 6.0046487
6.42003 6.0597463
6.44003 5.2184877
6.46003 5.3735237
6.48003 6.3182225
6.50003 5.599425
6.52003 5.0421023
6.54003 6.2427893
6.56003 4.5630445
6.58003 5.591695
6.60003 4.5446115
6.62003 4.8520246
6.64003 5.527127
6.66003 5.6597166
6.68003 6.159889
6.70003 5.8142724
6.72003 5.4048104
6.74003 5.4526052
6.76003 4.2743034
6.78003 4.351049
6.80003 4.9531054
6.82003 3.6215146
6.84003 3.4161062
6.86003 4.041708
6.88003 2.9008205
6.90003 3.4629583
6.92003 2.7590604
6.94003 3.75098
6.96003 3.2010481
6.98003 3.7917204
7.00003 3.6203034
7.02003 3.1937659
7.04003 2.1736372
7.06003 2.6209908
7.08003 3.8665226
7.10003 3.0057168
7.12003 3.5191085
7.14003 4.017642
7.16003 2.9881268
7.18003 3.0387914
7.20003 2.0199423
7.22003 2.0197225
7.24003 2.6099775
7.26003 3.0922253
7.28003 2.3687377
7.30003 1.037676
7.32003 2.635713
7.34003 2.6769993
7.36003 1.4298222
7.38003 2.6202953
7.40003 1.4291172
7.42003 1.2384498
7.44003 1.0039157
7.46003 1.0017151
7.48003 1.8258668
7.50003 1.2605695
7.52003 1.152689
7.54003 0.65936893
7.56003 1.2457685
7.58003 1.4329264
7.60003 1.6707518
7.62003 0.21114555
7.64003 0.98124856
7.66003 1.5818216
7.68003 1.0357546
7.70003 0.41170788
7.72003 0.32288456
7.74003 1.0509354
7.76003 0.41999593
7.78003 0.42085737
7.80003 0.031344235
7.82003 0.57643425
7.84003 0.7193492
7.86003 0.6118677
7.88003 0.5702805
7.90003 0.07536367
7.92003 1.2275136
7.94003 0.27814683
7.96003 0.22612102
7.98003 0.80530024
8.00003 0.07314305
8.02003 0.667566
8.04003 0.98921365
8.06003 1.0731766
8.08003 0.59382755
8.10003 0.5305543
8.12003 1.3773797
8.14003 1.4526334
8.16004 1.4529498
8.18004 1.9807239
8.20004 1.0057559
8.22004 1.7338309
8.24004 1.5439197
8.26004 1.2773125
8.28004 1.1140282
8.30004 0.5346161
8.32004 0.46405393
8.34004 0.0887804
8.36004 0.10174846
8.38004 0.10179664
8.40004 0.30153435
8.42004 0.38715717
8.44004 1.4507275
8.46004 0.659686
8.48004 1.7206222
8.50004 2.0749347
8.52004 2.6433175
8.54004 2.0727217
8.56004 2.026734
8.58004 3.360643
8.60005 4.0195913
8.62005 3.403592
8.64005 2.342836
8.66005 2.6748369
8.68005 2.2263083
8.70005 2.5935216
8.72005 1.3185436
8.74005 2.0138483
8.76005 0.88668793
8.78005 1.2609577
8.80005 0.20936163
8.82005 0.09980304
8.84005 0.84019846
8.86005 0.9283959
8.88005 1.7708478
8.90005 1.4855282
8.92005 2.7602315
8.94005 2.686897
8.96005 3.0953627
8.98005 3.3863873
9.00005 4.5172257
9.02005 3.8446174
9.04006 4.507622
9.06006 3.92799
9.08006 3.944677
9.10006 4.139262
9.12006 2.97835
9.14006 2.7622523
9.16006 1.9572368
9.18006 1.7581444
9.20006 1.534156
9.22006 1.3844786
9.24006 0.5816637
9.26006 0.20172423
9.28006 0.54755574
9.30006 0.6502058
9.32006 1.9937187
9.34006 1.7058185
9.36006 2.6746821
9.38006 2.6889188
9.40006 3.716549
9.42006 3.7281249
9.44006 4.7119484
9.46006 4.6774893
9.48007 5.225854
9.50007 4.2359157
9.52007 4.260681
9.54007 3.539891
9.56007 2.8610852
9.58007 2.2772021
9.60007 1.7952133
9.62007 2.6029527
9.64007 0.72833675
9.66007 1.4639245
9.68007 0.09688554
9.70007 0.37992176
9.72007 0.8957334
9.74007 0.58534044
9.76007 1.2526706
9.78007 1.6074109
9.80007 2.0180488
9.82007 2.1390347
9.84007 3.1904354
9.86007 3.7306683
9.88007 3.7847295
9.90007 3.8681116
9.92008 4.7887516
9.94008 3.5771697
9.96008 4.142373
9.98008 2.8095665
