-10.0 3.410605E-13
-9.98 3.410605E-13
-9.96 3.410605E-13
-9.94 3.410605E-13
-9.92 3.410605E-13
-9.9 3.410605E-13
-9.88 3.410605E-13
-9.86 3.410605E-13
-9.84 3.410605E-13
-9.82 3.410605E-13
-9.8 3.410605E-13
-9.77999 3.410605E-13
-9.75999 3.410605E-13
-9.73999 3.410605E-13
-9.71999 3.410605E-13
-9.69999 3.410605E-13
-9.67999 3.410605E-13
-9.65999 3.410605E-13
-9.63999 3.410605E-13
-9.61999 3.410605E-13
-9.59999 3.410605E-13
-9.57999 3.410605E-13
-9.55999 3.410605E-13
-9.53999 3.410605E-13
-9.51999 3.410605E-13
-9.49999 3.410605E-13
-9.47999 3.410605E-13
-9.45999 3.410605E-13
-9.43999 3.410605E-13
-9.41999 3.410605E-13
-9.39999 3.410605E-13
-9.37999 3.410605E-13
-9.35999 3.410605E-13
-9.33998 3.410605E-13
-9.31998 3.410605E-13
-9.29998 3.410605E-13
-9.27998 3.410605E-13
-9.25998 3.410605E-13
-9.23998 3.410605E-13
-9.21998 3.410605E-13
-9.19998 3.410605E-13
-9.17998 3.410605E-13
-9.15998 3.410605E-13
-9.13998 3.410605E-13
-9.11998 3.410605E-13
-9.09998 3.410605E-13
-9.07998 3.410605E-13
-9.05998 3.410605E-13
-9.03998 3.410605E-13
-9.01998 3.410605E-13
-8.99998 3.410605E-13
-8.97998 3.410605E-13
-8.95998 3.410605E-13
-8.93998 3.410605E-13
-8.91998 3.410605E-13
-8.89997 3.410605E-13
-8.87997 3.410605E-13
-8.85997 3.410605E-13
-8.83997 3.410605E-13
-8.81997 3.410605E-13
-8.79997 3.410605E-13
-8.77997 3.410605E-13
-8.75997 3.410605E-13
-8.73997 3.410605E-13
-8.71997 3.410605E-13
-8.69997 3.410605E-13
-8.67997 3.410605E-13
-8.65997 3.410605E-13
-8.63997 3.410605E-13
-8.61997 3.410605E-13
-8.59997 3.410605E-13
-8.57997 3.410605E-13
-8.55997 3.410605E-13
-8.53997 3.410605E-13
-8.51997 3.410605E-13
-8.49997 3.410605E-13
-8.47997 3.410605E-13
-8.45996 3.410605E-13
-8.43996 3.410605E-13
-8.41996 3.410605E-13
-8.39996 3.410605E-13
-8.37996 3.410605E-13
-8.35996 3.410605E-13
-8.33996 3.410605E-13
-8.31996 3.410605E-13
-8.29996 3.410605E-13
-8.27996 3.410605E-13
-8.25996 3.410605E-13
-8.23996 3.410605E-13
-8.21996 3.410605E-13
-8.19996 3.410605E-13
-8.17996 3.410605E-13
-8.15996 3.410605E-13
-8.13996 3.410605E-13
-8.11996 3.410605E-13
-8.09996 3.410605E-13
-8.07996 3.410605E-13
-8.05996 3.410605E-13
-8.03996 3.410605E-13
-8.01995 3.410605E-13
-7.99995 1.7053026E-13
-7.97995 1.7053026E-13
-7.95995 1.7053026E-13
-7.93995 1.7053026E-13
-7.91995 1.7053026E-13
-7.89995 1.7053026E-13
-7.87995 1.7053026E-13
-7.85995 1.7053026E-13
-7.83995 1.7053026E-13
-7.81995 1.7053026E-13
-7.79995 1.7053026E-13
-7.77995 1.7053026E-13
-7.75995 1.7053026E-13
-7.73995 1.7053026E-13
-7.71995 1.7053026E-13
-7.69995 1.7053026E-13
-7.67996 1.7053026E-13
-7.65996 1.7053026E-13
-7.63996 1.7053026E-13
-7.61996 1.7053026E-13
-7.59996 1.7053026E-13
-7.57996 1.7053026E-13
-7.55996 1.7053026E-13
-7.53996 1.7053026E-13
-7.51996 1.7053026E-13
-7.49996 1.7053026E-13
-7.47996 1.7053026E-13
-7.45996 1.7053026E-13
-7.43996 1.7053026E-13
-7.41996 1.7053026E-13
-7.39996 1.7053026E-13
-7.37996 1.7053026E-13
-7.35996 1.7053026E-13
-7.33996 1.7053026E-13
-7.31996 1.7053026E-13
-7.29996 1.7053026E-13
-7.27996 1.7053026E-13
-7.25996 1.7053026E-13
-7.23996 1.7053026E-13
-7.21996 1.7053026E-13
-7.19996 1.7053026E-13
-7.17996 1.7053026E-13
-7.15996 1.7053026E-13
-7.13996 1.7053026E-13
-7.11996 1.7053026E-13
-7.09996 1.7053026E-13
-7.07996 1.7053026E-13
-7.05996 1.7053026E-13
-7.03996 1.7053026E-13
-7.01996 1.7053026E-13
-6.99996 1.7053026E-13
-6.97996 1.7053026E-13
-6.95996 1.7053026E-13
-6.93996 1.7053026E-13
-6.91996 1.7053026E-13
-6.89996 1.7053026E-13
-6.87996 1.7053026E-13
-6.85996 1.7053026E-13
-6.83996 1.7053026E-13
-6.81996 1.7053026E-13
-6.79996 1.7053026E-13
-6.77996 1.7053026E-13
-6.75996 1.7053026E-13
-6.73996 1.7053026E-13
-6.71996 1.7053026E-13
-6.69996 1.7053026E-13
-6.67996 1.7053026E-13
-6.65996 1.7053026E-13
-6.63996 1.7053026E-13
-6.61996 1.7053026E-13
-6.59996 1.7053026E-13
-6.57996 1.7053026E-13
-6.55996 1.7053026E-13
-6.53996 1.7053026E-13
-6.51996 1.7053026E-13
-6.49996 1.7053026E-13
-6.47996 1.7053026E-13
-6.45996 1.7053026E-13
-6.43996 1.7053026E-13
-6.41996 1.7053026E-13
-6.39996 1.7053026E-13
-6.37996 1.7053026E-13
-6.35996 1.7053026E-13
-6.33996 1.7053026E-13
-6.31996 1.7053026E-13
-6.29996 1.7053026E-13
-6.27996 1.7053026E-13
-6.25996 1.7053026E-13
-6.23996 1.7053026E-13
-6.21996 1.7053026E-13
-6.19996 1.7053026E-13
-6.17996 1.7053026E-13
-6.15996 1.7053026E-13
-6.13996 1.7053026E-13
-6.11996 1.7053026E-13
-6.09996 1.7053026E-13
-6.07996 1.7053026E-13
-6.05996 1.7053026E-13
-6.03996 1.7053026E-13
-6.01996 1.7053026E-13
-5.99996 1.7053026E-13
-5.97996 1.7053026E-13
-5.95996 1.7053026E-13
-5.93996 1.7053026E-13
-5.91996 1.7053026E-13
-5.89996 1.7053026E-13
-5.87996 1.7053026E-13
-5.85996 1.7053026E-13
-5.83996 1.7053026E-13
-5.81996 1.7053026E-13
-5.79996 1.7053026E-13
-5.77996 1.7053026E-13
-5.75996 1.7053026E-13
-5.73996 1.7053026E-13
-5.71996 1.7053026E-13
-5.69996 1.7053026E-13
-5.67996 1.7053026E-13
-5.65996 1.7053026E-13
-5.63996 1.7053026E-13
-5.61996 1.7053026E-13
-5.59996 1.7053026E-13
-5.57996 1.7053026E-13
-5.55996 1.7053026E-13
-5.53996 1.7053026E-13
-5.51996 1.7053026E-13
-5.49996 1.7053026E-13
-5.47996 1.7053026E-13
-5.45996 1.7053026E-13
-5.43996 1.7053026E-13
-5.41996 1.7053026E-13
-5.39996 1.7053026E-13
-5.37996 1.7053026E-13
-5.35996 1.7053026E-13
-5.33996 1.7053026E-13
-5.31996 1.7053026E-13
-5.29996 1.7053026E-13
-5.27996 1.7053026E-13
-5.25996 1.7053026E-13
-5.23996 1.7053026E-13
-5.21996 1.7053026E-13
-5.19996 1.7053026E-13
-5.17996 1.7053026E-13
-5.15996 1.7053026E-13
-5.13996 1.7053026E-13
-5.11996 1.7053026E-13
-5.09996 1.7053026E-13
-5.07996 1.7053026E-13
-5.05996 1.7053026E-13
-5.03996 1.7053026E-13
-5.01996 1.7053026E-13
-4.99996 1.7053026E-13
-4.97996 1.7053026E-13
-4.95996 1.7053026E-13
-4.93996 1.7053026E-13
-4.91996 1.7053026E-13
-4.89996 1.7053026E-13
-4.87996 1.7053026E-13
-4.85996 1.7053026E-13
-4.83996 1.7053026E-13
-4.81996 1.7053026E-13
-4.79996 1.7053026E-13
-4.77996 1.7053026E-13
-4.75996 1.7053026E-13
-4.73996 1.7053026E-13
-4.71996 1.7053026E-13
-4.69996 1.7053026E-13
-4.67996 1.7053026E-13
-4.65996 1.7053026E-13
-4.63996 1.7053026E-13
-4.61996 1.7053026E-13
-4.59996 1.7053026E-13
-4.57996 1.7053026E-13
-4.55996 1.7053026E-13
-4.53996 1.7053026E-13
-4.51996 1.7053026E-13
-4.49996 1.7053026E-13
-4.47996 1.7053026E-13
-4.45996 1.7053026E-13
-4.43996 1.7053026E-13
-4.41996 1.7053026E-13
-4.39996 1.7053026E-13
-4.37996 1.7053026E-13
-4.35996 1.7053026E-13
-4.33996 1.7053026E-13
-4.31996 1.7053026E-13
-4.29996 1.7053026E-13
-4.27996 1.7053026E-13
-4.25996 1.7053026E-13
-4.23996 1.7053026E-13
-4.21996 1.7053026E-13
-4.19996 1.7053026E-13
-4.17996 1.7053026E-13
-4.15996 1.7053026E-13
-4.13996 1.7053026E-13
-4.11996 1.7053026E-13
-4.09996 1.7053026E-13
-4.07996 1.7053026E-13
-4.05996 1.7053026E-13
-4.03996 1.7053026E-13
-4.01996 1.7053026E-13
-3.99996 4.2632564E-13
-3.97996 4.2632564E-13
-3.95996 4.2632564E-13
-3.93996 4.2632564E-13
-3.91996 4.2632564E-13
-3.89996 4.2632564E-13
-3.87996 4.2632564E-13
-3.85996 4.2632564E-13
-3.83996 4.2632564E-13
-3.81996 4.2632564E-13
-3.79996 4.2632564E-13
-3.77996 4.2632564E-13
-3.75996 4.2632564E-13
-3.73996 4.2632564E-13
-3.71996 4.2632564E-13
-3.69996 4.2632564E-13
-3.67996 4.2632564E-13
-3.65996 4.2632564E-13
-3.63996 4.2632564E-13
-3.61996 4.2632564E-13
-3.59996 4.2632564E-13
-3.57996 4.2632564E-13
-3.55996 4.2632564E-13
-3.53996 4.2632564E-13
-3.51996 4.2632564E-13
-3.49996 4.2632564E-13
-3.47996 4.2632564E-13
-3.45996 4.2632564E-13
-3.43996 4.2632564E-13
-3.41996 4.2632564E-13
-3.39996 4.2632564E-13
-3.37996 4.2632564E-13
-3.35996 4.2632564E-13
-3.33996 4.2632564E-13
-3.31996 4.2632564E-13
-3.29996 4.2632564E-13
-3.27996 4.2632564E-13
-3.25996 4.2632564E-13
-3.23996 4.2632564E-13
-3.21996 4.2632564E-13
-3.19996 4.2632564E-13
-3.17996 4.2632564E-13
-3.15996 4.2632564E-13
-3.13996 4.2632564E-13
-3.11996 4.2632564E-13
-3.09996 4.2632564E-13
-3.07996 4.2632564E-13
-3.05996 4.2632564E-13
-3.03996 4.2632564E-13
-3.01996 4.2632564E-13
-2.99996 4.2632564E-13
-2.97996 4.2632564E-13
-2.95996 4.2632564E-13
-2.93996 4.2632564E-13
-2.91996 4.2632564E-13
-2.89996 4.2632564E-13
-2.87996 4.2632564E-13
-2.85996 4.2632564E-13
-2.83996 4.2632564E-13
-2.81996 4.2632564E-13
-2.79996 4.2632564E-13
-2.77996 4.2632564E-13
-2.75996 4.2632564E-13
-2.73996 4.2632564E-13
-2.71996 4.2632564E-13
-2.69996 4.2632564E-13
-2.67996 4.2632564E-13
-2.65996 4.2632564E-13
-2.63996 4.2632564E-13
-2.61996 4.2632564E-13
-2.59996 4.2632564E-13
-2.57996 4.2632564E-13
-2.55996 4.2632564E-13
-2.53996 4.2632564E-13
-2.51996 4.2632564E-13
-2.49996 4.2632564E-13
-2.47996 4.2632564E-13
-2.45996 4.2632564E-13
-2.43996 4.2632564E-13
-2.41996 4.2632564E-13
-2.39996 4.2632564E-13
-2.37996 4.2632564E-13
-2.35996 4.2632564E-13
-2.33996 4.2632564E-13
-2.31996 4.2632564E-13
-2.29996 4.2632564E-13
-2.27996 4.2632564E-13
-2.25996 4.2632564E-13
-2.23996 4.2632564E-13
-2.21996 4.2632564E-13
-2.19996 4.2632564E-13
-2.17996 4.2632564E-13
-2.15996 4.2632564E-13
-2.13996 4.2632564E-13
-2.11996 4.2632564E-13
-2.09996 4.2632564E-13
-2.07996 4.2632564E-13
-2.05996 4.2632564E-13
-2.03996 4.2632564E-13
-2.01996 4.2632564E-13
-1.99996 2.9132252E-13
-1.97996 2.9132252E-13
-1.95996 2.9132252E-13
-1.93996 2.9132252E-13
-1.91996 2.9132252E-13
-1.89996 2.9132252E-13
-1.87996 2.9132252E-13
-1.85996 2.9132252E-13
-1.83996 2.9132252E-13
-1.81996 2.9132252E-13
-1.79996 2.9132252E-13
-1.77996 2.9132252E-13
-1.75996 2.9132252E-13
-1.73996 2.9132252E-13
-1.71996 2.9132252E-13
-1.69996 2.9132252E-13
-1.67996 2.9132252E-13
-1.65996 2.9132252E-13
-1.63996 2.9132252E-13
-1.61996 2.9132252E-13
-1.59996 2.9132252E-13
-1.57996 2.9132252E-13
-1.55996 2.9132252E-13
-1.53996 2.9132252E-13
-1.51996 2.9132252E-13
-1.49996 2.9132252E-13
-1.47996 2.9132252E-13
-1.45996 2.9132252E-13
-1.43996 2.9132252E-13
-1.41996 2.9132252E-13
-1.39996 2.9132252E-13
-1.37996 2.9132252E-13
-1.35996 2.9132252E-13
-1.33996 2.9132252E-13
-1.31996 2.9132252E-13
-1.29996 2.9132252E-13
-1.27996 2.9132252E-13
-1.25996 2.9132252E-13
-1.23996 2.9132252E-13
-1.21996 2.9132252E-13
-1.19996 2.9132252E-13
-1.17996 2.9132252E-13
-1.15996 2.9132252E-13
-1.13996 2.9132252E-13
-1.11996 2.9132252E-13
-1.09996 2.9132252E-13
-1.07996 2.9132252E-13
-1.05996 2.9132252E-13
-1.03996 2.9132252E-13
-1.01996 2.9132252E-13
-0.999961 4.6185278E-14
-0.979961 4.6185278E-14
-0.959961 4.6185278E-14
-0.939961 4.6185278E-14
-0.919961 4.6185278E-14
-0.899961 4.6185278E-14
-0.879961 4.6185278E-14
-0.859962 4.6185278E-14
-0.839962 4.6185278E-14
-0.819962 4.6185278E-14
-0.799962 4.6185278E-14
-0.779962 4.6185278E-14
-0.759962 4.6185278E-14
-0.739962 4.6185278E-14
-0.719962 4.6185278E-14
-0.699962 4.6185278E-14
-0.679962 4.6185278E-14
-0.659962 4.6185278E-14
-0.639962 4.6185278E-14
-0.619962 4.6185278E-14
-0.599962 4.6185278E-14
-0.579962 4.6185278E-14
-0.559962 4.6185278E-14
-0.539962 4.6185278E-14
-0.519962 4.6185278E-14
-0.499962 2.3092639E-14
-0.479962 2.3092639E-14
-0.459962 2.3092639E-14
-0.439962 2.3092639E-14
-0.419962 2.3092639E-14
-0.399962 2.3092639E-14
-0.379962 2.3092639E-14
-0.359962 2.3092639E-14
-0.339962 2.3092639E-14
-0.319962 2.3092639E-14
-0.299962 2.3092639E-14
-0.279962 2.3092639E-14
-0.259962 2.3092639E-14
-0.239962 3.907985E-14
-0.219962 3.907985E-14
-0.199962 3.907985E-14
-0.179962 3.907985E-14
-0.159962 3.907985E-14
-0.139962 3.907985E-14
-0.119962 4.440892E-16
-0.0999617 4.440892E-16
-0.0799617 4.440892E-16
-0.0599617 2.220446E-16
-0.0399617 2.220446E-16
-0.0199617 4.8849813E-15
3.82662E-5 1.3010426E-18
0.0200383 4.8849813E-15
0.0400383 2.220446E-16
0.0600383 2.220446E-16
0.0800383 4.440892E-16
0.100038 4.440892E-16
0.120038 4.440892E-16
0.140038 3.907985E-14
0.160038 3.907985E-14
0.180038 3.907985E-14
0.200038 3.907985E-14
0.220038 3.907985E-14
0.240038 3.907985E-14
0.260038 2.3092639E-14
0.280038 2.3092639E-14
0.300038 2.3092639E-14
0.320038 2.3092639E-14
0.340038 2.3092639E-14
0.360038 2.3092639E-14
0.380038 2.3092639E-14
0.400038 2.3092639E-14
0.420038 2.3092639E-14
0.440038 2.3092639E-14
0.460038 2.3092639E-14
0.480038 2.3092639E-14
0.500038 4.6185278E-14
0.520038 4.6185278E-14
0.540038 4.6185278E-14
0.560038 4.6185278E-14
0.580038 4.6185278E-14
0.600038 4.6185278E-14
0.620038 4.6185278E-14
0.640038 4.6185278E-14
0.660038 4.6185278E-14
0.680038 4.6185278E-14
0.700038 4.6185278E-14
0.720038 4.6185278E-14
0.740038 4.6185278E-14
0.760038 4.6185278E-14
0.780038 4.6185278E-14
0.800038 4.6185278E-14
0.820038 4.6185278E-14
0.840038 4.6185278E-14
0.860038 4.6185278E-14
0.880038 4.6185278E-14
0.900038 4.6185278E-14
0.920038 4.6185278E-14
0.940038 4.6185278E-14
0.960038 4.6185278E-14
0.980038 4.6185278E-14
1.00004 2.9132252E-13
1.02004 2.9132252E-13
1.04004 2.9132252E-13
1.06004 2.9132252E-13
1.08004 2.9132252E-13
1.10004 2.9132252E-13
1.12004 2.9132252E-13
1.14004 2.9132252E-13
1.16004 2.9132252E-13
1.18004 2.9132252E-13
1.20004 2.9132252E-13
1.22004 2.9132252E-13
1.24004 2.9132252E-13
1.26004 2.9132252E-13
1.28004 2.9132252E-13
1.30004 2.9132252E-13
1.32004 2.9132252E-13
1.34004 2.9132252E-13
1.36004 2.9132252E-13
1.38004 2.9132252E-13
1.40004 2.9132252E-13
1.42004 2.9132252E-13
1.44004 2.9132252E-13
1.46004 2.9132252E-13
1.48004 2.9132252E-13
1.50004 2.9132252E-13
1.52004 2.9132252E-13
1.54004 2.9132252E-13
1.56004 2.9132252E-13
1.58004 2.9132252E-13
1.60004 2.9132252E-13
1.62004 2.9132252E-13
1.64004 2.9132252E-13
1.66004 2.9132252E-13
1.68004 2.9132252E-13
1.70004 2.9132252E-13
1.72004 2.9132252E-13
1.74004 2.9132252E-13
1.76004 2.9132252E-13
1.78004 2.9132252E-13
1.80004 2.9132252E-13
1.82004 2.9132252E-13
1.84004 2.9132252E-13
1.86004 2.9132252E-13
1.88004 2.9132252E-13
1.90004 2.9132252E-13
1.92004 2.9132252E-13
1.94004 2.9132252E-13
1.96004 2.9132252E-13
1.98004 2.9132252E-13
2.00004 4.2632564E-13
2.02004 4.2632564E-13
2.04004 4.2632564E-13
2.06004 4.2632564E-13
2.08004 4.2632564E-13
2.10004 4.2632564E-13
2.12004 4.2632564E-13
2.14004 4.2632564E-13
2.16004 4.2632564E-13
2.18004 4.2632564E-13
2.20004 4.2632564E-13
2.22004 4.2632564E-13
2.24004 4.2632564E-13
2.26004 4.2632564E-13
2.28004 4.2632564E-13
2.30004 4.2632564E-13
2.32004 4.2632564E-13
2.34004 4.2632564E-13
2.36004 4.2632564E-13
2.38004 4.2632564E-13
2.40004 4.2632564E-13
2.42004 4.2632564E-13
2.44004 4.2632564E-13
2.46004 4.2632564E-13
2.48004 4.2632564E-13
2.50004 4.2632564E-13
2.52004 4.2632564E-13
2.54004 4.2632564E-13
2.56004 4.2632564E-13
2.58004 4.2632564E-13
2.60004 4.2632564E-13
2.62004 4.2632564E-13
2.64004 4.2632564E-13
2.66004 4.2632564E-13
2.68004 4.2632564E-13
2.70004 4.2632564E-13
2.72004 4.2632564E-13
2.74004 4.2632564E-13
2.76004 4.2632564E-13
2.78004 4.2632564E-13
2.80004 4.2632564E-13
2.82004 4.2632564E-13
2.84004 4.2632564E-13
2.86004 4.2632564E-13
2.88004 4.2632564E-13
2.90004 4.2632564E-13
2.92004 4.2632564E-13
2.94004 4.2632564E-13
2.96004 4.2632564E-13
2.98004 4.2632564E-13
3.00004 4.2632564E-13
3.02004 4.2632564E-13
3.04004 4.2632564E-13
3.06004 4.2632564E-13
3.08004 4.2632564E-13
3.10004 4.2632564E-13
3.12004 4.2632564E-13
3.14004 4.2632564E-13
3.16004 4.2632564E-13
3.18004 4.2632564E-13
3.20004 4.2632564E-13
3.22004 4.2632564E-13
3.24004 4.2632564E-13
3.26004 4.2632564E-13
3.28004 4.2632564E-13
3.30004 4.2632564E-13
3.32004 4.2632564E-13
3.34004 4.2632564E-13
3.36004 4.2632564E-13
3.38004 4.2632564E-13
3.40004 4.2632564E-13
3.42004 4.2632564E-13
3.44004 4.2632564E-13
3.46004 4.2632564E-13
3.48004 4.2632564E-13
3.50004 4.2632564E-13
3.52004 4.2632564E-13
3.54004 4.2632564E-13
3.56004 4.2632564E-13
3.58004 4.2632564E-13
3.60004 4.2632564E-13
3.62004 4.2632564E-13
3.64004 4.2632564E-13
3.66004 4.2632564E-13
3.68004 4.2632564E-13
3.70004 4.2632564E-13
3.72004 4.2632564E-13
3.74004 4.2632564E-13
3.76004 4.2632564E-13
3.78004 4.2632564E-13
3.80004 4.2632564E-13
3.82004 4.2632564E-13
3.84004 4.2632564E-13
3.86004 4.2632564E-13
3.88004 4.2632564E-13
3.90004 4.2632564E-13
3.92004 4.2632564E-13
3.94004 4.2632564E-13
3.96004 4.2632564E-13
3.98004 4.2632564E-13
4.00004 1.7053026E-13
4.02004 1.7053026E-13
4.04004 1.7053026E-13
4.06004 1.7053026E-13
4.08004 1.7053026E-13
4.10004 1.7053026E-13
4.12004 1.7053026E-13
4.14004 1.7053026E-13
4.16004 1.7053026E-13
4.18004 1.7053026E-13
4.20004 1.7053026E-13
4.22004 1.7053026E-13
4.24004 1.7053026E-13
4.26004 1.7053026E-13
4.28004 1.7053026E-13
4.30003 1.7053026E-13
4.32003 1.7053026E-13
4.34003 1.7053026E-13
4.36003 1.7053026E-13
4.38003 1.7053026E-13
4.40003 1.7053026E-13
4.42003 1.7053026E-13
4.44003 1.7053026E-13
4.46003 1.7053026E-13
4.48003 1.7053026E-13
4.50003 1.7053026E-13
4.52003 1.7053026E-13
4.54003 1.7053026E-13
4.56003 1.7053026E-13
4.58003 1.7053026E-13
4.60003 1.7053026E-13
4.62003 1.7053026E-13
4.64003 1.7053026E-13
4.66003 1.7053026E-13
4.68003 1.7053026E-13
4.70003 1.7053026E-13
4.72003 1.7053026E-13
4.74003 1.7053026E-13
4.76003 1.7053026E-13
4.78003 1.7053026E-13
4.80003 1.7053026E-13
4.82003 1.7053026E-13
4.84003 1.7053026E-13
4.86003 1.7053026E-13
4.88003 1.7053026E-13
4.90003 1.7053026E-13
4.92003 1.7053026E-13
4.94003 1.7053026E-13
4.96003 1.7053026E-13
4.98003 1.7053026E-13
5.00003 1.7053026E-13
5.02003 1.7053026E-13
5.04003 1.7053026E-13
5.06003 1.7053026E-13
5.08003 1.7053026E-13
5.10003 1.7053026E-13
5.12003 1.7053026E-13
5.14003 1.7053026E-13
5.16003 1.7053026E-13
5.18003 1.7053026E-13
5.20003 1.7053026E-13
5.22003 1.7053026E-13
5.24003 1.7053026E-13
5.26003 1.7053026E-13
5.28003 1.7053026E-13
5.30003 1.7053026E-13
5.32003 1.7053026E-13
5.34003 1.7053026E-13
5.36003 1.7053026E-13
5.38003 1.7053026E-13
5.40003 1.7053026E-13
5.42003 1.7053026E-13
5.44003 1.7053026E-13
5.46003 1.7053026E-13
5.48003 1.7053026E-13
5.50003 1.7053026E-13
5.52003 1.7053026E-13
5.54003 1.7053026E-13
5.56003 1.7053026E-13
5.58003 1.7053026E-13
5.60003 1.7053026E-13
5.62003 1.7053026E-13
5.64003 1.7053026E-13
5.66003 1.7053026E-13
5.68003 1.7053026E-13
5.70003 1.7053026E-13
5.72003 1.7053026E-13
5.74003 1.7053026E-13
5.76003 1.7053026E-13
5.78003 1.7053026E-13
5.80003 1.7053026E-13
5.82003 1.7053026E-13
5.84003 1.7053026E-13
5.86003 1.7053026E-13
5.88003 1.7053026E-13
5.90003 1.7053026E-13
5.92003 1.7053026E-13
5.94003 1.7053026E-13
5.96003 1.7053026E-13
5.98003 1.7053026E-13
6.00003 1.7053026E-13
6.02003 1.7053026E-13
6.04003 1.7053026E-13
6.06003 1.7053026E-13
6.08003 1.7053026E-13
6.10003 1.7053026E-13
6.12003 1.7053026E-13
6.14003 1.7053026E-13
6.16003 1.7053026E-13
6.18003 1.7053026E-13
6.20003 1.7053026E-13
6.22003 1.7053026E-13
6.24003 1.7053026E-13
6.26003 1.7053026E-13
6.28003 1.7053026E-13
6.30003 1.7053026E-13
6.32003 1.7053026E-13
6.34003 1.7053026E-13
6.36003 1.7053026E-13
6.38003 1.7053026E-13
6.40003 1.7053026E-13
6.42003 1.7053026E-13
6.44003 1.7053026E-13
6.46003 1.7053026E-13
6.48003 1.7053026E-13
6.50003 1.7053026E-13
6.52003 1.7053026E-13
6.54003 1.7053026E-13
6.56003 1.7053026E-13
6.58003 1.7053026E-13
6.60003 1.7053026E-13
6.62003 1.7053026E-13
6.64003 1.7053026E-13
6.66003 1.7053026E-13
6.68003 1.7053026E-13
6.70003 1.7053026E-13
6.72003 1.7053026E-13
6.74003 1.7053026E-13
6.76003 1.7053026E-13
6.78003 1.7053026E-13
6.80003 1.7053026E-13
6.82003 1.7053026E-13
6.84003 1.7053026E-13
6.86003 1.7053026E-13
6.88003 1.7053026E-13
6.90003 1.7053026E-13
6.92003 1.7053026E-13
6.94003 1.7053026E-13
6.96003 1.7053026E-13
6.98003 1.7053026E-13
7.00003 1.7053026E-13
7.02003 1.7053026E-13
7.04003 1.7053026E-13
7.06003 1.7053026E-13
7.08003 1.7053026E-13
7.10003 1.7053026E-13
7.12003 1.7053026E-13
7.14003 1.7053026E-13
7.16003 1.7053026E-13
7.18003 1.7053026E-13
7.20003 1.7053026E-13
7.22003 1.7053026E-13
7.24003 1.7053026E-13
7.26003 1.7053026E-13
7.28003 1.7053026E-13
7.30003 1.7053026E-13
7.32003 1.7053026E-13
7.34003 1.7053026E-13
7.36003 1.7053026E-13
7.38003 1.7053026E-13
7.40003 1.7053026E-13
7.42003 1.7053026E-13
7.44003 1.7053026E-13
7.46003 1.7053026E-13
7.48003 1.7053026E-13
7.50003 1.7053026E-13
7.52003 1.7053026E-13
7.54003 1.7053026E-13
7.56003 1.7053026E-13
7.58003 1.7053026E-13
7.60003 1.7053026E-13
7.62003 1.7053026E-13
7.64003 1.7053026E-13
7.66003 1.7053026E-13
7.68003 1.7053026E-13
7.70003 1.7053026E-13
7.72003 1.7053026E-13
7.74003 1.7053026E-13
7.76003 1.7053026E-13
7.78003 1.7053026E-13
7.80003 1.7053026E-13
7.82003 1.7053026E-13
7.84003 1.7053026E-13
7.86003 1.7053026E-13
7.88003 1.7053026E-13
7.90003 1.7053026E-13
7.92003 1.7053026E-13
7.94003 1.7053026E-13
7.96003 1.7053026E-13
7.98003 1.7053026E-13
8.00003 3.410605E-13
8.02003 3.410605E-13
8.04003 3.410605E-13
8.06003 3.410605E-13
8.08003 3.410605E-13
8.10003 3.410605E-13
8.12003 3.410605E-13
8.14003 3.410605E-13
8.16004 3.410605E-13
8.18004 3.410605E-13
8.20004 3.410605E-13
8.22004 3.410605E-13
8.24004 3.410605E-13
8.26004 3.410605E-13
8.28004 3.410605E-13
8.30004 3.410605E-13
8.32004 3.410605E-13
8.34004 3.410605E-13
8.36004 3.410605E-13
8.38004 3.410605E-13
8.40004 3.410605E-13
8.42004 3.410605E-13
8.44004 3.410605E-13
8.46004 3.410605E-13
8.48004 3.410605E-13
8.50004 3.410605E-13
8.52004 3.410605E-13
8.54004 3.410605E-13
8.56004 3.410605E-13
8.58004 3.410605E-13
8.60005 3.410605E-13
8.62005 3.410605E-13
8.64005 3.410605E-13
8.66005 3.410605E-13
8.68005 3.410605E-13
8.70005 3.410605E-13
8.72005 3.410605E-13
8.74005 3.410605E-13
8.76005 3.410605E-13
8.78005 3.410605E-13
8.80005 3.410605E-13
8.82005 3.410605E-13
8.84005 3.410605E-13
8.86005 3.410605E-13
8.88005 3.410605E-13
8.90005 3.410605E-13
8.92005 3.410605E-13
8.94005 3.410605E-13
8.96005 3.410605E-13
8.98005 3.410605E-13
9.00005 3.410605E-13
9.02005 3.410605E-13
9.04006 3.410605E-13
9.06006 3.410605E-13
9.08006 3.410605E-13
9.10006 3.410605E-13
9.12006 3.410605E-13
9.14006 3.410605E-13
9.16006 3.410605E-13
9.18006 3.410605E-13
9.20006 3.410605E-13
9.22006 3.410605E-13
9.24006 3.410605E-13
9.26006 3.410605E-13
9.28006 3.410605E-13
9.30006 3.410605E-13
9.32006 3.410605E-13
9.34006 3.410605E-13
9.36006 3.410605E-13
9.38006 3.410605E-13
9.40006 3.410605E-13
9.42006 3.410605E-13
9.44006 3.410605E-13
9.46006 3.410605E-13
9.48007 3.410605E-13
9.50007 3.410605E-13
9.52007 3.410605E-13
9.54007 3.410605E-13
9.56007 3.410605E-13
9.58007 3.410605E-13
9.60007 3.410605E-13
9.62007 3.410605E-13
9.64007 3.410605E-13
9.66007 3.410605E-13
9.68007 3.410605E-13
9.70007 3.410605E-13
9.72007 3.410605E-13
9.74007 3.410605E-13
9.76007 3.410605E-13
9.78007 3.410605E-13
9.80007 3.410605E-13
9.82007 3.410605E-13
9.84007 3.410605E-13
9.86007 3.410605E-13
9.88007 3.410605E-13
9.90007 3.410605E-13
9.92008 3.410605E-13
9.94008 3.410605E-13
9.96008 3.410605E-13
9.98008 3.410605E-13
