-9.98 0.5271316
-9.959999 0.5100312
-9.939999 0.4927268
-9.919998 0.47522524
-9.899998 0.45753375
-9.879997 0.43965945
-9.859997 0.42160878
-9.839996 0.40338975
-9.819996 0.38500944
-9.799995 0.36647496
-9.779995 0.34779382
-9.7599945 0.32897374
-9.739994 0.3100219
-9.719994 0.29094607
-9.699993 0.2717539
-9.679993 0.2524532
-9.659992 0.23305134
-9.639992 0.21355627
-9.619991 0.1939758
-9.599991 0.17431775
-9.57999 0.15459006
-9.55999 0.13480031
-9.539989 0.11495679
-9.519989 0.09506733
-9.499989 0.07513979
-9.479988 0.0551821
-9.459988 0.035202432
-9.439987 0.015208679
-9.419987 -0.00479115
-9.399986 -0.024789074
-9.379986 -0.044777147
-9.359985 -0.064747244
-9.339985 -0.084691435
-9.319984 -0.104601815
-9.299984 -0.124470286
-9.2799835 -0.1442889
-9.259983 -0.16405001
-9.239983 -0.18374537
-9.219982 -0.20336717
-9.199982 -0.22290777
-9.179981 -0.24235913
-9.159981 -0.26171347
-9.13998 -0.28096324
-9.11998 -0.30010056
-9.099979 -0.3191179
-9.079979 -0.33800757
-9.0599785 -0.35676208
-9.039978 -0.3753738
-9.019978 -0.39383566
-8.999977 -0.41213936
-8.979977 -0.43027854
-8.959976 -0.44824564
-8.939976 -0.46603337
-8.919975 -0.4836346
-8.899975 -0.50104254
-8.879974 -0.51825035
-8.859974 -0.5352505
-8.839973 -0.5520361
-8.819973 -0.5686014
-8.799973 -0.5849395
-8.779972 -0.6010432
-8.759972 -0.6169066
-8.739971 -0.63252324
-8.719971 -0.6478869
-8.69997 -0.6629912
-8.67997 -0.67783105
-8.659969 -0.69239897
-8.639969 -0.70669013
-8.619968 -0.72069865
-8.599968 -0.7344188
-8.5799675 -0.7478452
-8.559967 -0.7609728
-8.539967 -0.7737955
-8.519966 -0.7863088
-8.499966 -0.79850787
-8.479965 -0.81038725
-8.459965 -0.82194257
-8.439964 -0.8331691
-8.419964 -0.84406227
-8.399963 -0.8546179
-8.379963 -0.8648317
-8.359962 -0.87469953
-8.339962 -0.8842176
-8.319962 -0.8933817
-8.299961 -0.90218866
-8.279961 -0.91063464
-8.25996 -0.9187165
-8.23996 -0.92643064
-8.219959 -0.9337744
-8.199959 -0.9407446
-8.179958 -0.94733846
-8.159958 -0.95355344
-8.139957 -0.9593868
-8.119957 -0.9648366
-8.0999565 -0.96990037
-8.079956 -0.9745763
-8.059956 -0.9788623
-8.039955 -0.98275673
-8.019955 -0.98625803
-7.9999547 -0.98936486
-7.9799547 -0.9920758
-7.9599547 -0.9943902
-7.9399548 -0.99630654
-7.919955 -0.99782467
-7.899955 -0.9989434
-7.879955 -0.99966276
-7.859955 -0.9999821
-7.839955 -0.99990165
-7.819955 -0.9994211
-7.799955 -0.99854094
-7.779955 -0.9972613
-7.759955 -0.99558276
-7.739955 -0.99350595
-7.719955 -0.9910318
-7.699955 -0.9881613
-7.679955 -0.9848955
-7.659955 -0.98123574
-7.639955 -0.9771836
-7.619955 -0.97274053
-7.599955 -0.9679083
-7.579955 -0.9626891
-7.559955 -0.95708466
-7.539955 -0.95109755
-7.519955 -0.9447299
-7.499955 -0.93798447
-7.479955 -0.9308637
-7.459955 -0.92337066
-7.439955 -0.9155084
-7.4199553 -0.90728
-7.3999553 -0.8986885
-7.3799553 -0.8897375
-7.3599553 -0.8804308
-7.3399553 -0.87077194
-7.3199553 -0.86076456
-7.2999554 -0.85041314
-7.2799554 -0.83972156
-7.2599554 -0.828694
-7.2399554 -0.8173349
-7.2199554 -0.80564904
-7.1999555 -0.79364073
-7.1799555 -0.78131515
-7.1599555 -0.76867694
-7.1399555 -0.75573146
-7.1199555 -0.7424835
-7.0999556 -0.7289384
-7.0799556 -0.7151023
-7.0599556 -0.7009797
-7.0399556 -0.6865766
-7.0199556 -0.6718994
-6.9999557 -0.6569531
-6.9799557 -0.6417441
-6.9599557 -0.6262783
-6.9399557 -0.61056244
-6.9199557 -0.59460163
-6.8999557 -0.5784035
-6.879956 -0.5619741
-6.859956 -0.5453193
-6.839956 -0.52844733
-6.819956 -0.51136345
-6.799956 -0.49407485
-6.779956 -0.47658888
-6.759956 -0.45891225
-6.739956 -0.441052
-6.719956 -0.42301527
-6.699956 -0.4048095
-6.679956 -0.38644195
-6.659956 -0.36791965
-6.639956 -0.34925008
-6.619956 -0.33044097
-6.599956 -0.31149954
-6.579956 -0.29243347
-6.559956 -0.27325067
-6.539956 -0.2539585
-6.519956 -0.23456477
-6.499956 -0.21507709
-6.479956 -0.1955035
-6.459956 -0.17585161
-6.439956 -0.15612954
-6.419956 -0.13634484
-6.399956 -0.11650561
-6.3799562 -0.096619934
-6.3599563 -0.0766955
-6.3399563 -0.056740467
-6.3199563 -0.03676262
-6.2999563 -0.016770184
-6.2799563 0.0032290646
-6.2599564 0.023226913
-6.2399564 0.043215577
-6.2199564 0.063186824
-6.1999564 0.08313294
-6.1799564 0.103045784
-6.1599565 0.12291727
-6.1399565 0.14273976
-6.1199565 0.16250506
-6.0999565 0.18220548
-6.0799565 0.20183286
-6.0599566 0.22137956
-6.0399566 0.24083775
-6.0199566 0.2601995
-5.9999566 0.27945733
-5.9799566 0.2986033
-5.9599566 0.3176299
-5.9399567 0.33652925
-5.9199567 0.35529444
-5.8999567 0.37391725
-5.8799567 0.3923901
-5.8599567 0.4107065
-5.8399568 0.42885807
-5.819957 0.4468389
-5.799957 0.4646406
-5.779957 0.4822563
-5.759957 0.4996793
-5.739957 0.51690245
-5.719957 0.53391874
-5.699957 0.5507215
-5.679957 0.56730396
-5.659957 0.58365977
-5.639957 0.5997819
-5.619957 0.6156641
-5.599957 0.6313
-5.579957 0.6466834
-5.559957 0.6618081
-5.539957 0.6766686
-5.519957 0.691258
-5.499957 0.70557076
-5.479957 0.7196015
-5.459957 0.73334455
-5.439957 0.74679375
-5.419957 0.75994503
-5.399957 0.77279174
-5.379957 0.7853294
-5.359957 0.7975533
-5.339957 0.8094577
-5.3199573 0.82103866
-5.2999573 0.83229136
-5.2799573 0.8432108
-5.2599573 0.85379297
-5.2399573 0.86403394
-5.2199574 0.873929
-5.1999574 0.8834747
-5.1799574 0.8926668
-5.1599574 0.90150225
-5.1399574 0.90997654
-5.1199574 0.9180873
-5.0999575 0.9258307
-5.0799575 0.93320376
-5.0599575 0.94020367
-5.0399575 0.9468274
-5.0199575 0.9530724
-4.9999576 0.95893633
-4.9799576 0.9644167
-4.9599576 0.96951115
-4.9399576 0.97421783
-4.9199576 0.97853494
-4.8999577 0.98246056
-4.8799577 0.98599327
-4.8599577 0.98913145
-4.8399577 0.99187416
-4.8199577 0.99422
-4.7999578 0.9961683
-4.779958 0.9977181
-4.759958 0.99886876
-4.739958 0.99961996
-4.719958 0.9999714
-4.699958 0.9999228
-4.679958 0.99947417
-4.659958 0.9986259
-4.639958 0.99737805
-4.619958 0.9957313
-4.599958 0.9936863
-4.579958 0.99124384
-4.559958 0.9884049
-4.539958 0.98517054
-4.519958 0.9815423
-4.499958 0.97752136
-4.479958 0.9731094
-4.459958 0.96830815
-4.439958 0.9631197
-4.419958 0.95754594
-4.399958 0.95158917
-4.379958 0.94525194
-4.359958 0.93853647
-4.339958 0.93144554
-4.319958 0.9239822
-4.299958 0.91614914
-4.2799582 0.9079498
-4.2599583 0.89938736
-4.2399583 0.89046484
-4.2199583 0.8811863
-4.1999583 0.8715554
-4.1799583 0.8615759
-4.1599584 0.85125154
-4.1399584 0.84058684
-4.1199584 0.8295859
-4.0999584 0.8182533
-4.0799584 0.8065931
-4.0599585 0.7946103
-4.0399585 0.7823099
-4.0199585 0.7696968
-3.9999585 0.7567757
-3.9799585 0.7435513
-3.9599586 0.7300299
-3.9399586 0.71621656
-3.9199586 0.70211667
-3.8999586 0.68773603
-3.8799586 0.67308044
-3.8599586 0.6581552
-3.8399587 0.64296687
-3.8199587 0.6275216
-3.7999587 0.6118254
-3.7799587 0.595884
-3.7599587 0.57970434
-3.7399588 0.5632931
-3.7199588 0.5466562
-3.6999588 0.529801
-3.6799588 0.512734
-3.6599588 0.49546146
-3.6399589 0.47799107
-3.6199589 0.46032938
-3.599959 0.44248363
-3.579959 0.4244608
-3.559959 0.40626836
-3.539959 0.3879131
-3.519959 0.36940295
-3.499959 0.35074487
-3.479959 0.33194658
-3.459959 0.31301525
-3.439959 0.29395914
-3.419959 0.27478525
-3.399959 0.25550145
-3.379959 0.23611553
-3.3599591 0.2166352
-3.3399591 0.1970681
-3.3199592 0.17742223
-3.2999592 0.1577054
-3.2799592 0.13792545
-3.2599592 0.11809035
-3.2399592 0.09820803
-3.2199593 0.07828638
-3.1999593 0.058333393
-3.1799593 0.03835719
-3.1599593 0.018365536
-3.1399593 -0.0016333696
-3.1199594 -0.021631625
-3.0999594 -0.041621312
-3.0799594 -0.061594218
-3.0599594 -0.08154266
-3.0399594 -0.101458386
-3.0199594 -0.121333554
-2.9999595 -0.14116016
-2.9799595 -0.16093034
-2.9599595 -0.18063617
-2.9399595 -0.20026974
-2.9199595 -0.21982306
-2.8999596 -0.2392887
-2.8799596 -0.25865844
-2.8599596 -0.2779248
-2.8399596 -0.29708007
-2.8199596 -0.31611648
-2.7999597 -0.33502617
-2.7799597 -0.35380226
-2.7599597 -0.37243652
-2.7399597 -0.39092207
-2.7199597 -0.40925094
-2.6999598 -0.42741632
-2.6799598 -0.4454104
-2.6599598 -0.46322694
-2.6399598 -0.48085776
-2.6199598 -0.4982963
-2.5999599 -0.5155358
-2.5799599 -0.53256905
-2.55996 -0.5493888
-2.53996 -0.56598884
-2.51996 -0.58236337
-2.49996 -0.5985044
-2.47996 -0.6144061
-2.45996 -0.63006145
-2.43996 -0.6454655
-2.41996 -0.6606112
-2.39996 -0.67549276
-2.37996 -0.69010395
-2.35996 -0.70443916
-2.33996 -0.71849275
-2.31996 -0.7322588
-2.2999601 -0.74573165
-2.2799602 -0.7589068
-2.2599602 -0.7717782
-2.2399602 -0.7843407
-2.2199602 -0.7965896
-2.1999602 -0.8085199
-2.1799603 -0.8201267
-2.1599603 -0.8314056
-2.1399603 -0.84235185
-2.1199603 -0.8529612
-2.0999603 -0.8632295
-2.0799603 -0.87315226
-2.0599604 -0.88272613
-2.0399604 -0.8919467
-2.0199604 -0.9008104
-1.9999604 -0.909314
-1.9799604 -0.91745377
-1.9599605 -0.9252265
-1.9399605 -0.9326293
-1.9199605 -0.93965894
-1.8999605 -0.9463129
-1.8799605 -0.9525882
-1.8599606 -0.9584827
-1.8399606 -0.96399355
-1.8199606 -0.9691189
-1.7999606 -0.9738566
-1.7799606 -0.97820467
-1.7599607 -0.98216176
-1.7399607 -0.9857259
-1.7199607 -0.98889565
-1.6999607 -0.9916699
-1.6799607 -0.9940475
-1.6599607 -0.99602747
-1.6399608 -0.99760914
-1.6199608 -0.99879175
-1.5999608 -0.99957484
-1.5799608 -0.99995804
-1.5599608 -0.9999413
-1.5399609 -0.9995246
-1.5199609 -0.9987082
-1.4999609 -0.99749225
-1.4799609 -0.99587727
-1.4599609 -0.99386394
-1.439961 -0.99145323
-1.419961 -0.9886459
-1.399961 -0.9854431
-1.379961 -0.9818462
-1.359961 -0.9778565
-1.339961 -0.97347564
-1.3199611 -0.9687055
-1.2999611 -0.96354777
-1.2799611 -0.9580048
-1.2599611 -0.9520784
-1.2399611 -0.9457714
-1.2199612 -0.939086
-1.1999612 -0.932025
-1.1799612 -0.92459124
-1.1599612 -0.91678756
-1.1399612 -0.9086173
-1.1199613 -0.9000836
-1.0999613 -0.8911898
-1.0799613 -0.8819397
-1.0599613 -0.87233657
-1.0399613 -0.8623848
-1.0199614 -0.85208774
-0.9999614 -0.8414501
-0.9799614 -0.8304758
-0.9599614 -0.81916946
-0.93996143 -0.8075353
-0.91996145 -0.7955783
-0.8999615 -0.7833031
-0.8799615 -0.7707146
-0.8599615 -0.7578174
-0.8399615 -0.74461746
-0.81996155 -0.7311195
-0.79996157 -0.71732944
-0.7799616 -0.703252
-0.7599616 -0.68889374
-0.7399616 -0.6742594
-0.71996164 -0.659356
-0.69996166 -0.6441884
-0.6799617 -0.6287631
-0.6599617 -0.61308664
-0.6399617 -0.59716475
-0.61996174 -0.58100396
-0.59996176 -0.56461084
-0.5799618 -0.5479919
-0.5599618 -0.5311537
-0.5399618 -0.51410323
-0.51996183 -0.49684697
-0.49996182 -0.4793919
-0.4799618 -0.46174517
-0.4599618 -0.44391397
-0.4399618 -0.4259049
-0.41996178 -0.40772563
-0.39996177 -0.38938323
-0.37996176 -0.37088487
-0.35996175 -0.35223842
-0.33996174 -0.33345103
-0.31996173 -0.31453007
-0.29996172 -0.29548356
-0.2799617 -0.27631894
-0.2599617 -0.25704342
-0.2399617 -0.23766541
-0.2199617 -0.21819222
-0.1999617 -0.19863178
-0.17996171 -0.17899185
-0.15996172 -0.15928039
-0.13996172 -0.13950525
-0.11996172 -0.1196741
-0.09996173 -0.09979527
-0.07996173 -0.07987646
-0.059961732 -0.059925806
-0.039961733 -0.039951086
-0.019961733 -0.019960336
3.8266182E-5 3.8200007E-5
0.020038266 0.020036899
0.040038265 0.04002748
0.060038265 0.06000213
0.080038264 0.079952754
0.10003826 0.099871464
0.120038256 0.11975008
0.14003825 0.13958101
0.16003825 0.15935588
0.18003824 0.1790671
0.20003824 0.19870679
0.22003824 0.21826686
0.24003823 0.2377397
0.26003823 0.25711733
0.28003824 0.2763924
0.30003825 0.29555663
0.32003826 0.31460276
0.34003827 0.33352315
0.36003828 0.35231003
0.3800383 0.37095603
0.4000383 0.38945362
0.4200383 0.40779546
0.44003832 0.4259741
0.46003833 0.4439825
0.48003834 0.4618131
0.5000383 0.479459
0.5200383 0.49691305
0.5400383 0.5141689
0.56003827 0.53121865
0.58003825 0.5480556
0.60003823 0.56467396
0.6200382 0.58106613
0.6400382 0.5972259
0.6600382 0.6131472
0.68003815 0.6288224
0.70003814 0.64424664
0.7200381 0.6594133
0.7400381 0.67431587
0.7600381 0.6889491
0.78003806 0.7033065
0.80003804 0.7173826
0.820038 0.7311719
0.840038 0.7446684
0.860038 0.7578673
0.88003796 0.77076316
0.90003794 0.7833505
0.9200379 0.79562443
0.9400379 0.8075805
0.9600379 0.81921315
0.98003787 0.83051836
1.0000379 0.84149146
1.0200379 0.85212785
1.0400379 0.86242336
1.0600379 0.8723741
1.0800378 0.8819757
1.1000378 0.8912245
1.1200378 0.9001169
1.1400378 0.90864927
1.1600378 0.916818
1.1800377 0.9246204
1.2000377 0.9320528
1.2200377 0.93911237
1.2400377 0.94579625
1.2600377 0.9521018
1.2800376 0.9580266
1.3000376 0.96356833
1.3200376 0.9687244
1.3400376 0.9734931
1.3600376 0.9778725
1.3800375 0.98186076
1.4000375 0.9854561
1.4200375 0.9886574
1.4400375 0.99146324
1.4600375 0.9938725
1.4800375 0.9958842
1.5000374 0.9974976
1.5200374 0.99871206
1.5400374 0.999527
1.5600374 0.9999421
1.5800374 0.9999573
1.6000373 0.99957246
1.6200373 0.99878794
1.6400373 0.99760383
1.6600373 0.99602073
1.6800373 0.9940392
1.7000372 0.99165994
1.7200372 0.9888842
1.7400372 0.9857129
1.7600372 0.98214734
1.7800372 0.97818893
1.8000371 0.9738392
1.8200371 0.9690999
1.8400371 0.96397316
1.8600371 0.9584608
1.8800371 0.95256495
1.900037 0.94628817
1.920037 0.93963283
1.940037 0.93260163
1.960037 0.9251974
1.980037 0.91742325
2.000037 0.90928215
2.020037 0.9007773
2.040037 0.891912
2.060037 0.8826902
2.0800369 0.873115
2.1000369 0.8631909
2.1200368 0.8529212
2.1400368 0.8423107
2.1600368 0.8313631
2.1800368 0.820083
2.2000368 0.80847484
2.2200367 0.7965433
2.2400367 0.78429323
2.2600367 0.77172947
2.2800367 0.75885683
2.3000367 0.7456808
2.3200366 0.73220664
2.3400366 0.71843946
2.3600366 0.7043848
2.3800366 0.6900485
2.4000366 0.67543626
2.4200366 0.6605539
2.4400365 0.6454069
2.4600365 0.6300022
2.4800365 0.6143456
2.5000365 0.59844303
2.5200365 0.5823011
2.5400364 0.56592584
2.5600364 0.54932487
2.5800364 0.53250426
2.6000364 0.5154701
2.6200364 0.49823
2.6400363 0.48079073
2.6600363 0.463159
2.6800363 0.445342
2.7000363 0.427347
2.7200363 0.40918124
2.7400362 0.39085147
2.7600362 0.37236547
2.7800362 0.3537307
2.8000362 0.33495405
2.8200362 0.3160437
2.8400362 0.29700693
2.8600361 0.27785128
2.880036 0.25858462
2.900036 0.23921445
2.920036 0.21974845
2.940036 0.20019469
2.960036 0.18056095
2.980036 0.16085483
3.000036 0.14108443
3.020036 0.12125762
3.040036 0.101382256
3.060036 0.08146632
3.080036 0.061517876
3.100036 0.04154478
3.120036 0.02155514
3.1400359 0.0015567698
3.1600358 -0.018442122
3.1800358 -0.038433634
3.2000358 -0.058409873
3.2200358 -0.07836265
3.2400358 -0.09828416
3.2600358 -0.11816627
3.2800357 -0.13800119
3.3000357 -0.15778092
3.3200357 -0.17749749
3.3400357 -0.1971431
3.3600357 -0.21670985
3.3800356 -0.23618989
3.4000356 -0.25557545
3.4200356 -0.2748588
3.4400356 -0.29403213
3.4600356 -0.31308785
3.4800355 -0.33201876
3.5000355 -0.35081652
3.5200355 -0.36947396
3.5400355 -0.38798362
3.5600355 -0.40633819
3.5800354 -0.42452997
3.6000354 -0.4425523
3.6200354 -0.4603973
3.6400354 -0.4780581
3.6600354 -0.49552798
3.6800354 -0.5127995
3.7000353 -0.5298659
3.7200353 -0.54672045
3.7400353 -0.5633563
3.7600353 -0.57976687
3.7800353 -0.5959454
3.8000352 -0.6118857
3.8200352 -0.62758124
3.8400352 -0.6430255
3.8600352 -0.6582128
3.8800352 -0.67313683
3.9000351 -0.6877916
3.9200351 -0.70217115
3.940035 -0.7162701
3.960035 -0.7300823
3.980035 -0.7436026
4.0000353 -0.7568257
4.0200353 -0.7697459
4.0400352 -0.7823577
4.060035 -0.79465705
4.080035 -0.80663836
4.100035 -0.81829745
4.120035 -0.829629
4.140035 -0.84062827
4.160035 -0.8512918
4.180035 -0.8616148
4.200035 -0.87159306
4.220035 -0.8812228
4.240035 -0.89049965
4.260035 -0.8994207
4.280035 -0.907982
4.300035 -0.9161799
4.320035 -0.9240115
4.340035 -0.9314734
4.360035 -0.93856287
4.380035 -0.94527686
4.400035 -0.9516128
4.420035 -0.95756805
4.440035 -0.9631403
4.460035 -0.9683273
4.480035 -0.973127
4.500035 -0.97753745
4.520035 -0.98155695
4.540035 -0.9851838
4.5600348 -0.9884165
4.5800347 -0.9912539
4.6000347 -0.9936949
4.6200347 -0.9957383
4.6400347 -0.99738365
4.6600347 -0.99862987
4.6800346 -0.9994766
4.7000346 -0.99992377
4.7200346 -0.9999708
4.7400346 -0.9996178
4.7600346 -0.99886525
4.7800345 -0.99771285
4.8000345 -0.9961616
4.8200345 -0.99421173
4.8400345 -0.99186444
4.8600345 -0.98912024
4.8800344 -0.9859803
4.9000344 -0.9824462
4.9200344 -0.97851914
4.9400344 -0.9742004
4.9600344 -0.9694923
4.9800344 -0.96439624
5.0000343 -0.9589146
5.0200343 -0.95304924
5.0400343 -0.94680274
5.0600343 -0.9401775
5.0800343 -0.93317616
5.100034 -0.92580175
5.120034 -0.91805696
5.140034 -0.9099449
5.160034 -0.9014689
5.180034 -0.89263237
5.200034 -0.88343877
5.220034 -0.8738917
5.240034 -0.8639953
5.260034 -0.8537531
5.280034 -0.84316957
5.300034 -0.8322487
5.320034 -0.8209948
5.340034 -0.8094127
5.360034 -0.7975069
5.380034 -0.7852821
5.400034 -0.77274305
5.420034 -0.759895
5.440034 -0.7467429
5.460034 -0.73329234
5.480034 -0.7195482
5.500034 -0.7055164
5.520034 -0.6912026
5.540034 -0.67661196
5.560034 -0.6617506
5.580034 -0.6466248
5.6000338 -0.6312404
5.6200337 -0.61560374
5.6400337 -0.59972036
5.6600337 -0.5835972
5.6800337 -0.5672409
5.7000337 -0.5506574
5.7200336 -0.533854
5.7400336 -0.5168367
5.7600336 -0.49961287
5.7800336 -0.48218903
5.8000336 -0.4645725
5.8200336 -0.44677004
5.8400335 -0.4287888
5.8600335 -0.41063643
5.8800335 -0.39231962
5.9000335 -0.37384602
5.9200335 -0.35522258
5.9400334 -0.336457
5.9600334 -0.31755707
5.9800334 -0.29853007
6.0000334 -0.27938357
6.0200334 -0.26012543
6.0400333 -0.24076317
6.0600333 -0.22130468
6.0800333 -0.20175764
6.1000333 -0.18212995
6.1200333 -0.16242936
6.1400332 -0.14266375
6.160033 -0.12284115
6.180033 -0.102969386
6.200033 -0.08305642
6.220033 -0.06311027
6.240033 -0.04313885
6.260033 -0.023150237
6.280033 -0.0031522636
6.300033 0.016846972
6.320033 0.03683937
6.340033 0.05681713
6.360033 0.07677209
6.380033 0.09669633
6.400033 0.116581924
6.420033 0.13642088
6.440033 0.15620519
6.460033 0.17592725
6.480033 0.19557877
6.500033 0.21515207
6.520033 0.23463932
6.540033 0.2540327
6.560033 0.27332446
6.580033 0.29250696
6.600033 0.31157243
6.620033 0.33051345
6.640033 0.34932196
6.6600327 0.36799106
6.6800327 0.3865127
6.7000327 0.40487978
6.7200327 0.42308486
6.7400327 0.441121
6.7600327 0.45898044
6.7800326 0.4766564
6.8000326 0.49414158
6.8200326 0.51142937
6.8400326 0.5285124
6.8600326 0.5453838
6.8800325 0.56203735
6.9000325 0.5784662
6.9200325 0.59466344
6.9400325 0.6106232
6.9600325 0.62633806
6.9800324 0.6418029
7.0000324 0.65701073
7.0200324 0.6719563
7.0400324 0.6866325
7.0600324 0.7010342
7.0800323 0.71515566
7.1000323 0.72899103
7.1200323 0.7425348
7.1400323 0.7557816
7.1600323 0.76872605
7.1800323 0.7813629
7.200032 0.79368746
7.220032 0.8056946
7.240032 0.8173791
7.260032 0.828737
7.280032 0.83976316
7.300032 0.85045344
7.320032 0.8608037
7.340032 0.8708096
7.360032 0.88046724
7.380032 0.88977265
7.400032 0.8987222
7.420032 0.90731215
7.440032 0.91553926
7.460032 0.92340016
7.480032 0.93089175
7.500032 0.93801093
7.520032 0.94475514
7.540032 0.9511212
7.560032 0.95710695
7.580032 0.9627098
7.600032 0.9679277
7.620032 0.97275835
7.640032 0.97719985
7.660032 0.98125064
7.680032 0.98490876
7.7000318 0.9881731
7.7200317 0.99104214
7.7400317 0.9935148
7.7600317 0.99559
7.7800317 0.99726695
7.8000317 0.99854493
7.8200316 0.9994238
7.8400316 0.9999027
7.8600316 0.99998164
7.8800316 0.99966073
7.9000316 0.99893993
7.9200315 0.9978194
7.9400315 0.99630004
7.9600315 0.99438196
7.9800315 0.99206614
8.000031 0.98935366
8.020032 0.9862453
8.040032 0.9827424
8.060033 0.97884655
8.080033 0.97455895
8.100034 0.96988153
8.120034 0.96481633
8.140035 0.9593651
8.160035 0.95353013
8.180036 0.9473137
8.200036 0.9407184
8.2200365 0.93374664
8.240037 0.92640156
8.260037 0.91868585
8.280038 0.9106026
8.300038 0.9021553
8.320039 0.8933469
8.340039 0.8841814
8.36004 0.8746621
8.38004 0.8647928
8.400041 0.85457766
8.420041 0.8440208
8.440042 0.83312637
8.460042 0.82189864
8.480042 0.810342
8.500043 0.7984614
8.520043 0.78626126
8.540044 0.7737465
8.560044 0.76092255
8.580045 0.747794
8.600045 0.73436636
8.620046 0.7206453
8.640046 0.70663536
8.660047 0.6923431
8.680047 0.6777742
8.7000475 0.6629334
8.720048 0.64782804
8.740048 0.6324635
8.760049 0.61684597
8.780049 0.60098153
8.80005 0.58487684
8.82005 0.56853795
8.840051 0.5519718
8.860051 0.5351851
8.880052 0.51818407
8.900052 0.5009757
8.920053 0.48356706
8.940053 0.46596503
8.960053 0.4481766
8.980054 0.43020877
9.000054 0.41206887
9.020055 0.3937646
9.040055 0.37530228
9.060056 0.35669005
9.080056 0.3379348
9.100057 0.31904465
9.120057 0.30002692
9.140058 0.28088903
9.160058 0.2616389
9.1800585 0.24228418
9.200059 0.22283249
9.220059 0.20329152
9.24006 0.18366945
9.26006 0.1639738
9.280061 0.14421251
9.300061 0.124393664
9.320062 0.10452494
9.340062 0.0846145
9.360063 0.0646701
9.380063 0.04469994
9.4000635 0.024711892
9.420064 0.004713951
9.440064 -0.015285875
9.460065 -0.035279576
9.480065 -0.05525927
9.500066 -0.0752168
9.520066 -0.095144175
9.540067 -0.115033574
9.560067 -0.13487692
9.580068 -0.15466629
9.600068 -0.17439377
9.620069 -0.19405162
9.640069 -0.21363176
9.660069 -0.23312654
9.68007 -0.2525279
9.70007 -0.27182838
9.720071 -0.29101986
9.740071 -0.31009528
9.760072 -0.3290468
9.780072 -0.34786615
9.800073 -0.3665467
9.820073 -0.38508064
9.840074 -0.4034605
9.860074 -0.42167887
9.8800745 -0.43972865
9.900075 -0.45760244
9.920075 -0.4752933
9.940076 -0.49279413
9.960076 -0.51009774
9.980077 -0.52719736
10.000077 -0.5440856
10.020078 -0.5607567
