-1.00000e+01 5.44021e-01
-9.98000e+00 5.27131e-01
-9.96000e+00 5.10031e-01
-9.94000e+00 4.92727e-01
-9.92000e+00 4.75225e-01
-9.90000e+00 4.57534e-01
-9.88000e+00 4.39659e-01
-9.86000e+00 4.21609e-01
-9.84000e+00 4.03390e-01
-9.82000e+00 3.85009e-01
-9.80000e+00 3.66475e-01
-9.77999e+00 3.47794e-01
-9.75999e+00 3.28973e-01
-9.73999e+00 3.10022e-01
-9.71999e+00 2.90946e-01
-9.69999e+00 2.71754e-01
-9.67999e+00 2.52453e-01
-9.65999e+00 2.33051e-01
-9.63999e+00 2.13556e-01
-9.61999e+00 1.93976e-01
-9.59999e+00 1.74318e-01
-9.57999e+00 1.54590e-01
-9.55999e+00 1.34800e-01
-9.53999e+00 1.14957e-01
-9.51999e+00 9.50670e-02
-9.49999e+00 7.51394e-02
-9.47999e+00 5.51818e-02
-9.45999e+00 3.52021e-02
-9.43999e+00 1.52084e-02
-9.41999e+00 -4.79148e-03
-9.39999e+00 -2.47894e-02
-9.37999e+00 -4.47774e-02
-9.35999e+00 -6.47475e-02
-9.33998e+00 -8.46918e-02
-9.31998e+00 -1.04602e-01
-9.29998e+00 -1.24471e-01
-9.27998e+00 -1.44289e-01
-9.25998e+00 -1.64050e-01
-9.23998e+00 -1.83746e-01
-9.21998e+00 -2.03368e-01
-9.19998e+00 -2.22908e-01
-9.17998e+00 -2.42359e-01
-9.15998e+00 -2.61714e-01
-9.13998e+00 -2.80964e-01
-9.11998e+00 -3.00101e-01
-9.09998e+00 -3.19118e-01
-9.07998e+00 -3.38008e-01
-9.05998e+00 -3.56762e-01
-9.03998e+00 -3.75374e-01
-9.01998e+00 -3.93836e-01
-8.99998e+00 -4.12140e-01
-8.97998e+00 -4.30279e-01
-8.95998e+00 -4.48246e-01
-8.93998e+00 -4.66034e-01
-8.91998e+00 -4.83635e-01
-8.89997e+00 -5.01043e-01
-8.87997e+00 -5.18250e-01
-8.85997e+00 -5.35251e-01
-8.83997e+00 -5.52037e-01
-8.81997e+00 -5.68602e-01
-8.79997e+00 -5.84940e-01
-8.77997e+00 -6.01043e-01
-8.75997e+00 -6.16907e-01
-8.73997e+00 -6.32523e-01
-8.71997e+00 -6.47887e-01
-8.69997e+00 -6.62992e-01
-8.67997e+00 -6.77831e-01
-8.65997e+00 -6.92399e-01
-8.63997e+00 -7.06690e-01
-8.61997e+00 -7.20699e-01
-8.59997e+00 -7.34419e-01
-8.57997e+00 -7.47845e-01
-8.55997e+00 -7.60973e-01
-8.53997e+00 -7.73796e-01
-8.51997e+00 -7.86309e-01
-8.49997e+00 -7.98508e-01
-8.47997e+00 -8.10387e-01
-8.45996e+00 -8.21943e-01
-8.43996e+00 -8.33169e-01
-8.41996e+00 -8.44062e-01
-8.39996e+00 -8.54618e-01
-8.37996e+00 -8.64832e-01
-8.35996e+00 -8.74700e-01
-8.33996e+00 -8.84218e-01
-8.31996e+00 -8.93382e-01
-8.29996e+00 -9.02189e-01
-8.27996e+00 -9.10635e-01
-8.25996e+00 -9.18716e-01
-8.23996e+00 -9.26431e-01
-8.21996e+00 -9.33774e-01
-8.19996e+00 -9.40745e-01
-8.17996e+00 -9.47338e-01
-8.15996e+00 -9.53553e-01
-8.13996e+00 -9.59387e-01
-8.11996e+00 -9.64837e-01
-8.09996e+00 -9.69900e-01
-8.07996e+00 -9.74576e-01
-8.05996e+00 -9.78862e-01
-8.03996e+00 -9.82757e-01
-8.01995e+00 -9.86258e-01
-7.99995e+00 -9.89365e-01
-7.97995e+00 -9.92076e-01
-7.95995e+00 -9.94390e-01
-7.93995e+00 -9.96307e-01
-7.91995e+00 -9.97825e-01
-7.89995e+00 -9.98943e-01
-7.87995e+00 -9.99663e-01
-7.85995e+00 -9.99982e-01
-7.83995e+00 -9.99902e-01
-7.81995e+00 -9.99421e-01
-7.79995e+00 -9.98541e-01
-7.77995e+00 -9.97261e-01
-7.75995e+00 -9.95583e-01
-7.73995e+00 -9.93506e-01
-7.71995e+00 -9.91032e-01
-7.69995e+00 -9.88161e-01
-7.67996e+00 -9.84896e-01
-7.65996e+00 -9.81236e-01
-7.63996e+00 -9.77184e-01
-7.61996e+00 -9.72740e-01
-7.59996e+00 -9.67908e-01
-7.57996e+00 -9.62689e-01
-7.55996e+00 -9.57085e-01
-7.53996e+00 -9.51097e-01
-7.51996e+00 -9.44730e-01
-7.49996e+00 -9.37984e-01
-7.47996e+00 -9.30864e-01
-7.45996e+00 -9.23371e-01
-7.43996e+00 -9.15508e-01
-7.41996e+00 -9.07280e-01
-7.39996e+00 -8.98688e-01
-7.37996e+00 -8.89737e-01
-7.35996e+00 -8.80431e-01
-7.33996e+00 -8.70772e-01
-7.31996e+00 -8.60765e-01
-7.29996e+00 -8.50413e-01
-7.27996e+00 -8.39721e-01
-7.25996e+00 -8.28694e-01
-7.23996e+00 -8.17335e-01
-7.21996e+00 -8.05649e-01
-7.19996e+00 -7.93641e-01
-7.17996e+00 -7.81315e-01
-7.15996e+00 -7.68677e-01
-7.13996e+00 -7.55731e-01
-7.11996e+00 -7.42483e-01
-7.09996e+00 -7.28938e-01
-7.07996e+00 -7.15102e-01
-7.05996e+00 -7.00979e-01
-7.03996e+00 -6.86576e-01
-7.01996e+00 -6.71899e-01
-6.99996e+00 -6.56953e-01
-6.97996e+00 -6.41744e-01
-6.95996e+00 -6.26278e-01
-6.93996e+00 -6.10562e-01
-6.91996e+00 -5.94602e-01
-6.89996e+00 -5.78403e-01
-6.87996e+00 -5.61974e-01
-6.85996e+00 -5.45320e-01
-6.83996e+00 -5.28447e-01
-6.81996e+00 -5.11363e-01
-6.79996e+00 -4.94075e-01
-6.77996e+00 -4.76589e-01
-6.75996e+00 -4.58912e-01
-6.73996e+00 -4.41052e-01
-6.71996e+00 -4.23015e-01
-6.69996e+00 -4.04809e-01
-6.67996e+00 -3.86442e-01
-6.65996e+00 -3.67919e-01
-6.63996e+00 -3.49250e-01
-6.61996e+00 -3.30441e-01
-6.59996e+00 -3.11499e-01
-6.57996e+00 -2.92433e-01
-6.55996e+00 -2.73251e-01
-6.53996e+00 -2.53958e-01
-6.51996e+00 -2.34565e-01
-6.49996e+00 -2.15077e-01
-6.47996e+00 -1.95503e-01
-6.45996e+00 -1.75852e-01
-6.43996e+00 -1.56129e-01
-6.41996e+00 -1.36345e-01
-6.39996e+00 -1.16506e-01
-6.37996e+00 -9.66198e-02
-6.35996e+00 -7.66954e-02
-6.33996e+00 -5.67403e-02
-6.31996e+00 -3.67625e-02
-6.29996e+00 -1.67701e-02
-6.27996e+00 3.22914e-03
-6.25996e+00 2.32270e-02
-6.23996e+00 4.32156e-02
-6.21996e+00 6.31870e-02
-6.19996e+00 8.31330e-02
-6.17996e+00 1.03046e-01
-6.15996e+00 1.22917e-01
-6.13996e+00 1.42740e-01
-6.11996e+00 1.62505e-01
-6.09996e+00 1.82205e-01
-6.07996e+00 2.01833e-01
-6.05996e+00 2.21380e-01
-6.03996e+00 2.40838e-01
-6.01996e+00 2.60200e-01
-5.99996e+00 2.79457e-01
-5.97996e+00 2.98603e-01
-5.95996e+00 3.17630e-01
-5.93996e+00 3.36529e-01
-5.91996e+00 3.55294e-01
-5.89996e+00 3.73917e-01
-5.87996e+00 3.92390e-01
-5.85996e+00 4.10706e-01
-5.83996e+00 4.28858e-01
-5.81996e+00 4.46839e-01
-5.79996e+00 4.64641e-01
-5.77996e+00 4.82256e-01
-5.75996e+00 4.99679e-01
-5.73996e+00 5.16903e-01
-5.71996e+00 5.33919e-01
-5.69996e+00 5.50722e-01
-5.67996e+00 5.67304e-01
-5.65996e+00 5.83660e-01
-5.63996e+00 5.99782e-01
-5.61996e+00 6.15664e-01
-5.59996e+00 6.31300e-01
-5.57996e+00 6.46683e-01
-5.55996e+00 6.61808e-01
-5.53996e+00 6.76668e-01
-5.51996e+00 6.91258e-01
-5.49996e+00 7.05571e-01
-5.47996e+00 7.19602e-01
-5.45996e+00 7.33344e-01
-5.43996e+00 7.46794e-01
-5.41996e+00 7.59945e-01
-5.39996e+00 7.72792e-01
-5.37996e+00 7.85330e-01
-5.35996e+00 7.97553e-01
-5.33996e+00 8.09458e-01
-5.31996e+00 8.21039e-01
-5.29996e+00 8.32291e-01
-5.27996e+00 8.43211e-01
-5.25996e+00 8.53793e-01
-5.23996e+00 8.64034e-01
-5.21996e+00 8.73929e-01
-5.19996e+00 8.83475e-01
-5.17996e+00 8.92667e-01
-5.15996e+00 9.01502e-01
-5.13996e+00 9.09977e-01
-5.11996e+00 9.18087e-01
-5.09996e+00 9.25831e-01
-5.07996e+00 9.33204e-01
-5.05996e+00 9.40204e-01
-5.03996e+00 9.46827e-01
-5.01996e+00 9.53073e-01
-4.99996e+00 9.58936e-01
-4.97996e+00 9.64417e-01
-4.95996e+00 9.69511e-01
-4.93996e+00 9.74218e-01
-4.91996e+00 9.78535e-01
-4.89996e+00 9.82461e-01
-4.87996e+00 9.85993e-01
-4.85996e+00 9.89132e-01
-4.83996e+00 9.91874e-01
-4.81996e+00 9.94220e-01
-4.79996e+00 9.96168e-01
-4.77996e+00 9.97718e-01
-4.75996e+00 9.98869e-01
-4.73996e+00 9.99620e-01
-4.71996e+00 9.99971e-01
-4.69996e+00 9.99923e-01
-4.67996e+00 9.99474e-01
-4.65996e+00 9.98626e-01
-4.63996e+00 9.97378e-01
-4.61996e+00 9.95731e-01
-4.59996e+00 9.93686e-01
-4.57996e+00 9.91244e-01
-4.55996e+00 9.88405e-01
-4.53996e+00 9.85171e-01
-4.51996e+00 9.81542e-01
-4.49996e+00 9.77521e-01
-4.47996e+00 9.73109e-01
-4.45996e+00 9.68308e-01
-4.43996e+00 9.63120e-01
-4.41996e+00 9.57546e-01
-4.39996e+00 9.51589e-01
-4.37996e+00 9.45252e-01
-4.35996e+00 9.38536e-01
-4.33996e+00 9.31446e-01
-4.31996e+00 9.23982e-01
-4.29996e+00 9.16149e-01
-4.27996e+00 9.07950e-01
-4.25996e+00 8.99387e-01
-4.23996e+00 8.90465e-01
-4.21996e+00 8.81186e-01
-4.19996e+00 8.71555e-01
-4.17996e+00 8.61576e-01
-4.15996e+00 8.51251e-01
-4.13996e+00 8.40587e-01
-4.11996e+00 8.29586e-01
-4.09996e+00 8.18253e-01
-4.07996e+00 8.06593e-01
-4.05996e+00 7.94610e-01
-4.03996e+00 7.82310e-01
-4.01996e+00 7.69697e-01
-3.99996e+00 7.56775e-01
-3.97996e+00 7.43551e-01
-3.95996e+00 7.30030e-01
-3.93996e+00 7.16217e-01
-3.91996e+00 7.02116e-01
-3.89996e+00 6.87736e-01
-3.87996e+00 6.73080e-01
-3.85996e+00 6.58155e-01
-3.83996e+00 6.42967e-01
-3.81996e+00 6.27522e-01
-3.79996e+00 6.11825e-01
-3.77996e+00 5.95884e-01
-3.75996e+00 5.79704e-01
-3.73996e+00 5.63293e-01
-3.71996e+00 5.46656e-01
-3.69996e+00 5.29801e-01
-3.67996e+00 5.12734e-01
-3.65996e+00 4.95462e-01
-3.63996e+00 4.77991e-01
-3.61996e+00 4.60329e-01
-3.59996e+00 4.42484e-01
-3.57996e+00 4.24461e-01
-3.55996e+00 4.06268e-01
-3.53996e+00 3.87913e-01
-3.51996e+00 3.69403e-01
-3.49996e+00 3.50745e-01
-3.47996e+00 3.31946e-01
-3.45996e+00 3.13015e-01
-3.43996e+00 2.93959e-01
-3.41996e+00 2.74785e-01
-3.39996e+00 2.55501e-01
-3.37996e+00 2.36116e-01
-3.35996e+00 2.16635e-01
-3.33996e+00 1.97068e-01
-3.31996e+00 1.77422e-01
-3.29996e+00 1.57705e-01
-3.27996e+00 1.37925e-01
-3.25996e+00 1.18090e-01
-3.23996e+00 9.82079e-02
-3.21996e+00 7.82863e-02
-3.19996e+00 5.83334e-02
-3.17996e+00 3.83571e-02
-3.15996e+00 1.83655e-02
-3.13996e+00 -1.63340e-03
-3.11996e+00 -2.16317e-02
-3.09996e+00 -4.16213e-02
-3.07996e+00 -6.15943e-02
-3.05996e+00 -8.15427e-02
-3.03996e+00 -1.01458e-01
-3.01996e+00 -1.21334e-01
-2.99996e+00 -1.41160e-01
-2.97996e+00 -1.60930e-01
-2.95996e+00 -1.80636e-01
-2.93996e+00 -2.00270e-01
-2.91996e+00 -2.19823e-01
-2.89996e+00 -2.39289e-01
-2.87996e+00 -2.58658e-01
-2.85996e+00 -2.77925e-01
-2.83996e+00 -2.97080e-01
-2.81996e+00 -3.16116e-01
-2.79996e+00 -3.35026e-01
-2.77996e+00 -3.53802e-01
-2.75996e+00 -3.72437e-01
-2.73996e+00 -3.90922e-01
-2.71996e+00 -4.09251e-01
-2.69996e+00 -4.27416e-01
-2.67996e+00 -4.45411e-01
-2.65996e+00 -4.63227e-01
-2.63996e+00 -4.80858e-01
-2.61996e+00 -4.98297e-01
-2.59996e+00 -5.15536e-01
-2.57996e+00 -5.32569e-01
-2.55996e+00 -5.49389e-01
-2.53996e+00 -5.65989e-01
-2.51996e+00 -5.82363e-01
-2.49996e+00 -5.98504e-01
-2.47996e+00 -6.14406e-01
-2.45996e+00 -6.30062e-01
-2.43996e+00 -6.45465e-01
-2.41996e+00 -6.60611e-01
-2.39996e+00 -6.75493e-01
-2.37996e+00 -6.90104e-01
-2.35996e+00 -7.04439e-01
-2.33996e+00 -7.18493e-01
-2.31996e+00 -7.32259e-01
-2.29996e+00 -7.45732e-01
-2.27996e+00 -7.58907e-01
-2.25996e+00 -7.71778e-01
-2.23996e+00 -7.84341e-01
-2.21996e+00 -7.96590e-01
-2.19996e+00 -8.08520e-01
-2.17996e+00 -8.20127e-01
-2.15996e+00 -8.31406e-01
-2.13996e+00 -8.42352e-01
-2.11996e+00 -8.52961e-01
-2.09996e+00 -8.63229e-01
-2.07996e+00 -8.73152e-01
-2.05996e+00 -8.82726e-01
-2.03996e+00 -8.91947e-01
-2.01996e+00 -9.00810e-01
-1.99996e+00 -9.09314e-01
-1.97996e+00 -9.17454e-01
-1.95996e+00 -9.25227e-01
-1.93996e+00 -9.32629e-01
-1.91996e+00 -9.39659e-01
-1.89996e+00 -9.46313e-01
-1.87996e+00 -9.52588e-01
-1.85996e+00 -9.58483e-01
-1.83996e+00 -9.63993e-01
-1.81996e+00 -9.69119e-01
-1.79996e+00 -9.73857e-01
-1.77996e+00 -9.78205e-01
-1.75996e+00 -9.82162e-01
-1.73996e+00 -9.85726e-01
-1.71996e+00 -9.88896e-01
-1.69996e+00 -9.91670e-01
-1.67996e+00 -9.94047e-01
-1.65996e+00 -9.96027e-01
-1.63996e+00 -9.97609e-01
-1.61996e+00 -9.98792e-01
-1.59996e+00 -9.99575e-01
-1.57996e+00 -9.99958e-01
-1.55996e+00 -9.99941e-01
-1.53996e+00 -9.99525e-01
-1.51996e+00 -9.98708e-01
-1.49996e+00 -9.97492e-01
-1.47996e+00 -9.95877e-01
-1.45996e+00 -9.93864e-01
-1.43996e+00 -9.91453e-01
-1.41996e+00 -9.88646e-01
-1.39996e+00 -9.85443e-01
-1.37996e+00 -9.81846e-01
-1.35996e+00 -9.77856e-01
-1.33996e+00 -9.73476e-01
-1.31996e+00 -9.68705e-01
-1.29996e+00 -9.63548e-01
-1.27996e+00 -9.58005e-01
-1.25996e+00 -9.52078e-01
-1.23996e+00 -9.45771e-01
-1.21996e+00 -9.39086e-01
-1.19996e+00 -9.32025e-01
-1.17996e+00 -9.24591e-01
-1.15996e+00 -9.16788e-01
-1.13996e+00 -9.08617e-01
-1.11996e+00 -9.00084e-01
-1.09996e+00 -8.91190e-01
-1.07996e+00 -8.81940e-01
-1.05996e+00 -8.72337e-01
-1.03996e+00 -8.62385e-01
-1.01996e+00 -8.52088e-01
-9.99961e-01 -8.41450e-01
-9.79961e-01 -8.30476e-01
-9.59961e-01 -8.19169e-01
-9.39961e-01 -8.07535e-01
-9.19961e-01 -7.95578e-01
-8.99961e-01 -7.83303e-01
-8.79961e-01 -7.70714e-01
-8.59962e-01 -7.57817e-01
-8.39962e-01 -7.44617e-01
-8.19962e-01 -7.31120e-01
-7.99962e-01 -7.17329e-01
-7.79962e-01 -7.03252e-01
-7.59962e-01 -6.88893e-01
-7.39962e-01 -6.74259e-01
-7.19962e-01 -6.59356e-01
-6.99962e-01 -6.44188e-01
-6.79962e-01 -6.28763e-01
-6.59962e-01 -6.13087e-01
-6.39962e-01 -5.97165e-01
-6.19962e-01 -5.81004e-01
-5.99962e-01 -5.64611e-01
-5.79962e-01 -5.47992e-01
-5.59962e-01 -5.31154e-01
-5.39962e-01 -5.14103e-01
-5.19962e-01 -4.96847e-01
-4.99962e-01 -4.79392e-01
-4.79962e-01 -4.61745e-01
-4.59962e-01 -4.43914e-01
-4.39962e-01 -4.25905e-01
-4.19962e-01 -4.07726e-01
-3.99962e-01 -3.89383e-01
-3.79962e-01 -3.70885e-01
-3.59962e-01 -3.52238e-01
-3.39962e-01 -3.33451e-01
-3.19962e-01 -3.14530e-01
-2.99962e-01 -2.95484e-01
-2.79962e-01 -2.76319e-01
-2.59962e-01 -2.57044e-01
-2.39962e-01 -2.37665e-01
-2.19962e-01 -2.18192e-01
-1.99962e-01 -1.98632e-01
-1.79962e-01 -1.78992e-01
-1.59962e-01 -1.59280e-01
-1.39962e-01 -1.39505e-01
-1.19962e-01 -1.19674e-01
-9.99617e-02 -9.97953e-02
-7.99617e-02 -7.98765e-02
-5.99617e-02 -5.99258e-02
-3.99617e-02 -3.99511e-02
-1.99617e-02 -1.99604e-02
3.82662e-05 3.82662e-05
2.00383e-02 2.00369e-02
4.00383e-02 4.00276e-02
6.00383e-02 6.00022e-02
8.00383e-02 7.99528e-02
1.00038e-01 9.98715e-02
1.20038e-01 1.19750e-01
1.40038e-01 1.39581e-01
1.60038e-01 1.59356e-01
1.80038e-01 1.79067e-01
2.00038e-01 1.98707e-01
2.20038e-01 2.18267e-01
2.40038e-01 2.37740e-01
2.60038e-01 2.57117e-01
2.80038e-01 2.76392e-01
3.00038e-01 2.95557e-01
3.20038e-01 3.14603e-01
3.40038e-01 3.33523e-01
3.60038e-01 3.52310e-01
3.80038e-01 3.70956e-01
4.00038e-01 3.89454e-01
4.20038e-01 4.07795e-01
4.40038e-01 4.25974e-01
4.60038e-01 4.43982e-01
4.80038e-01 4.61813e-01
5.00038e-01 4.79459e-01
5.20038e-01 4.96913e-01
5.40038e-01 5.14169e-01
5.60038e-01 5.31219e-01
5.80038e-01 5.48056e-01
6.00038e-01 5.64674e-01
6.20038e-01 5.81066e-01
6.40038e-01 5.97226e-01
6.60038e-01 6.13147e-01
6.80038e-01 6.28823e-01
7.00038e-01 6.44247e-01
7.20038e-01 6.59413e-01
7.40038e-01 6.74316e-01
7.60038e-01 6.88949e-01
7.80038e-01 7.03306e-01
8.00038e-01 7.17383e-01
8.20038e-01 7.31172e-01
8.40038e-01 7.44668e-01
8.60038e-01 7.57867e-01
8.80038e-01 7.70763e-01
9.00038e-01 7.83350e-01
9.20038e-01 7.95625e-01
9.40038e-01 8.07580e-01
9.60038e-01 8.19213e-01
9.80038e-01 8.30518e-01
1.00004e+00 8.41491e-01
1.02004e+00 8.52128e-01
1.04004e+00 8.62423e-01
1.06004e+00 8.72374e-01
1.08004e+00 8.81976e-01
1.10004e+00 8.91225e-01
1.12004e+00 9.00117e-01
1.14004e+00 9.08649e-01
1.16004e+00 9.16818e-01
1.18004e+00 9.24620e-01
1.20004e+00 9.32053e-01
1.22004e+00 9.39112e-01
1.24004e+00 9.45796e-01
1.26004e+00 9.52102e-01
1.28004e+00 9.58027e-01
1.30004e+00 9.63568e-01
1.32004e+00 9.68724e-01
1.34004e+00 9.73493e-01
1.36004e+00 9.77872e-01
1.38004e+00 9.81861e-01
1.40004e+00 9.85456e-01
1.42004e+00 9.88657e-01
1.44004e+00 9.91463e-01
1.46004e+00 9.93873e-01
1.48004e+00 9.95884e-01
1.50004e+00 9.97498e-01
1.52004e+00 9.98712e-01
1.54004e+00 9.99527e-01
1.56004e+00 9.99942e-01
1.58004e+00 9.99957e-01
1.60004e+00 9.99573e-01
1.62004e+00 9.98788e-01
1.64004e+00 9.97604e-01
1.66004e+00 9.96021e-01
1.68004e+00 9.94039e-01
1.70004e+00 9.91660e-01
1.72004e+00 9.88884e-01
1.74004e+00 9.85713e-01
1.76004e+00 9.82147e-01
1.78004e+00 9.78189e-01
1.80004e+00 9.73839e-01
1.82004e+00 9.69100e-01
1.84004e+00 9.63973e-01
1.86004e+00 9.58461e-01
1.88004e+00 9.52565e-01
1.90004e+00 9.46288e-01
1.92004e+00 9.39633e-01
1.94004e+00 9.32602e-01
1.96004e+00 9.25197e-01
1.98004e+00 9.17423e-01
2.00004e+00 9.09282e-01
2.02004e+00 9.00777e-01
2.04004e+00 8.91912e-01
2.06004e+00 8.82690e-01
2.08004e+00 8.73115e-01
2.10004e+00 8.63191e-01
2.12004e+00 8.52921e-01
2.14004e+00 8.42311e-01
2.16004e+00 8.31363e-01
2.18004e+00 8.20083e-01
2.20004e+00 8.08475e-01
2.22004e+00 7.96543e-01
2.24004e+00 7.84293e-01
2.26004e+00 7.71729e-01
2.28004e+00 7.58857e-01
2.30004e+00 7.45681e-01
2.32004e+00 7.32207e-01
2.34004e+00 7.18439e-01
2.36004e+00 7.04385e-01
2.38004e+00 6.90048e-01
2.40004e+00 6.75436e-01
2.42004e+00 6.60554e-01
2.44004e+00 6.45407e-01
2.46004e+00 6.30002e-01
2.48004e+00 6.14345e-01
2.50004e+00 5.98443e-01
2.52004e+00 5.82301e-01
2.54004e+00 5.65926e-01
2.56004e+00 5.49325e-01
2.58004e+00 5.32504e-01
2.60004e+00 5.15470e-01
2.62004e+00 4.98230e-01
2.64004e+00 4.80791e-01
2.66004e+00 4.63159e-01
2.68004e+00 4.45342e-01
2.70004e+00 4.27347e-01
2.72004e+00 4.09181e-01
2.74004e+00 3.90851e-01
2.76004e+00 3.72366e-01
2.78004e+00 3.53731e-01
2.80004e+00 3.34954e-01
2.82004e+00 3.16044e-01
2.84004e+00 2.97007e-01
2.86004e+00 2.77851e-01
2.88004e+00 2.58585e-01
2.90004e+00 2.39214e-01
2.92004e+00 2.19748e-01
2.94004e+00 2.00195e-01
2.96004e+00 1.80561e-01
2.98004e+00 1.60855e-01
3.00004e+00 1.41084e-01
3.02004e+00 1.21258e-01
3.04004e+00 1.01382e-01
3.06004e+00 8.14664e-02
3.08004e+00 6.15180e-02
3.10004e+00 4.15449e-02
3.12004e+00 2.15552e-02
3.14004e+00 1.55687e-03
3.16004e+00 -1.84421e-02
3.18004e+00 -3.84336e-02
3.20004e+00 -5.84098e-02
3.22004e+00 -7.83626e-02
3.24004e+00 -9.82841e-02
3.26004e+00 -1.18166e-01
3.28004e+00 -1.38001e-01
3.30004e+00 -1.57781e-01
3.32004e+00 -1.77497e-01
3.34004e+00 -1.97143e-01
3.36004e+00 -2.16710e-01
3.38004e+00 -2.36190e-01
3.40004e+00 -2.55575e-01
3.42004e+00 -2.74859e-01
3.44004e+00 -2.94032e-01
3.46004e+00 -3.13088e-01
3.48004e+00 -3.32019e-01
3.50004e+00 -3.50816e-01
3.52004e+00 -3.69474e-01
3.54004e+00 -3.87984e-01
3.56004e+00 -4.06338e-01
3.58004e+00 -4.24530e-01
3.60004e+00 -4.42552e-01
3.62004e+00 -4.60397e-01
3.64004e+00 -4.78058e-01
3.66004e+00 -4.95528e-01
3.68004e+00 -5.12800e-01
3.70004e+00 -5.29866e-01
3.72004e+00 -5.46721e-01
3.74004e+00 -5.63356e-01
3.76004e+00 -5.79767e-01
3.78004e+00 -5.95945e-01
3.80004e+00 -6.11886e-01
3.82004e+00 -6.27581e-01
3.84004e+00 -6.43026e-01
3.86004e+00 -6.58213e-01
3.88004e+00 -6.73137e-01
3.90004e+00 -6.87791e-01
3.92004e+00 -7.02171e-01
3.94004e+00 -7.16270e-01
3.96004e+00 -7.30082e-01
3.98004e+00 -7.43603e-01
4.00004e+00 -7.56825e-01
4.02004e+00 -7.69746e-01
4.04004e+00 -7.82358e-01
4.06004e+00 -7.94657e-01
4.08004e+00 -8.06638e-01
4.10004e+00 -8.18297e-01
4.12004e+00 -8.29629e-01
4.14004e+00 -8.40628e-01
4.16004e+00 -8.51292e-01
4.18004e+00 -8.61615e-01
4.20004e+00 -8.71593e-01
4.22004e+00 -8.81223e-01
4.24004e+00 -8.90500e-01
4.26004e+00 -8.99421e-01
4.28004e+00 -9.07982e-01
4.30003e+00 -9.16180e-01
4.32003e+00 -9.24011e-01
4.34003e+00 -9.31473e-01
4.36003e+00 -9.38563e-01
4.38003e+00 -9.45277e-01
4.40003e+00 -9.51613e-01
4.42003e+00 -9.57568e-01
4.44003e+00 -9.63140e-01
4.46003e+00 -9.68327e-01
4.48003e+00 -9.73127e-01
4.50003e+00 -9.77537e-01
4.52003e+00 -9.81557e-01
4.54003e+00 -9.85184e-01
4.56003e+00 -9.88416e-01
4.58003e+00 -9.91254e-01
4.60003e+00 -9.93695e-01
4.62003e+00 -9.95738e-01
4.64003e+00 -9.97384e-01
4.66003e+00 -9.98630e-01
4.68003e+00 -9.99477e-01
4.70003e+00 -9.99924e-01
4.72003e+00 -9.99971e-01
4.74003e+00 -9.99618e-01
4.76003e+00 -9.98865e-01
4.78003e+00 -9.97713e-01
4.80003e+00 -9.96162e-01
4.82003e+00 -9.94212e-01
4.84003e+00 -9.91864e-01
4.86003e+00 -9.89120e-01
4.88003e+00 -9.85980e-01
4.90003e+00 -9.82446e-01
4.92003e+00 -9.78519e-01
4.94003e+00 -9.74201e-01
4.96003e+00 -9.69492e-01
4.98003e+00 -9.64396e-01
5.00003e+00 -9.58915e-01
5.02003e+00 -9.53049e-01
5.04003e+00 -9.46803e-01
5.06003e+00 -9.40178e-01
5.08003e+00 -9.33176e-01
5.10003e+00 -9.25802e-01
5.12003e+00 -9.18057e-01
5.14003e+00 -9.09945e-01
5.16003e+00 -9.01469e-01
5.18003e+00 -8.92632e-01
5.20003e+00 -8.83439e-01
5.22003e+00 -8.73892e-01
5.24003e+00 -8.63995e-01
5.26003e+00 -8.53753e-01
5.28003e+00 -8.43170e-01
5.30003e+00 -8.32249e-01
5.32003e+00 -8.20995e-01
5.34003e+00 -8.09413e-01
5.36003e+00 -7.97507e-01
5.38003e+00 -7.85282e-01
5.40003e+00 -7.72743e-01
5.42003e+00 -7.59895e-01
5.44003e+00 -7.46743e-01
5.46003e+00 -7.33292e-01
5.48003e+00 -7.19548e-01
5.50003e+00 -7.05516e-01
5.52003e+00 -6.91202e-01
5.54003e+00 -6.76612e-01
5.56003e+00 -6.61751e-01
5.58003e+00 -6.46625e-01
5.60003e+00 -6.31240e-01
5.62003e+00 -6.15604e-01
5.64003e+00 -5.99720e-01
5.66003e+00 -5.83597e-01
5.68003e+00 -5.67241e-01
5.70003e+00 -5.50658e-01
5.72003e+00 -5.33854e-01
5.74003e+00 -5.16837e-01
5.76003e+00 -4.99613e-01
5.78003e+00 -4.82189e-01
5.80003e+00 -4.64573e-01
5.82003e+00 -4.46770e-01
5.84003e+00 -4.28789e-01
5.86003e+00 -4.10636e-01
5.88003e+00 -3.92320e-01
5.90003e+00 -3.73846e-01
5.92003e+00 -3.55222e-01
5.94003e+00 -3.36457e-01
5.96003e+00 -3.17557e-01
5.98003e+00 -2.98530e-01
6.00003e+00 -2.79384e-01
6.02003e+00 -2.60125e-01
6.04003e+00 -2.40763e-01
6.06003e+00 -2.21305e-01
6.08003e+00 -2.01758e-01
6.10003e+00 -1.82130e-01
6.12003e+00 -1.62429e-01
6.14003e+00 -1.42664e-01
6.16003e+00 -1.22841e-01
6.18003e+00 -1.02969e-01
6.20003e+00 -8.30565e-02
6.22003e+00 -6.31103e-02
6.24003e+00 -4.31389e-02
6.26003e+00 -2.31503e-02
6.28003e+00 -3.15237e-03
6.30003e+00 1.68468e-02
6.32003e+00 3.68393e-02
6.34003e+00 5.68170e-02
6.36003e+00 7.67719e-02
6.38003e+00 9.66962e-02
6.40003e+00 1.16582e-01
6.42003e+00 1.36421e-01
6.44003e+00 1.56205e-01
6.46003e+00 1.75927e-01
6.48003e+00 1.95579e-01
6.50003e+00 2.15152e-01
6.52003e+00 2.34639e-01
6.54003e+00 2.54033e-01
6.56003e+00 2.73324e-01
6.58003e+00 2.92507e-01
6.60003e+00 3.11572e-01
6.62003e+00 3.30513e-01
6.64003e+00 3.49322e-01
6.66003e+00 3.67991e-01
6.68003e+00 3.86513e-01
6.70003e+00 4.04880e-01
6.72003e+00 4.23085e-01
6.74003e+00 4.41121e-01
6.76003e+00 4.58980e-01
6.78003e+00 4.76656e-01
6.80003e+00 4.94142e-01
6.82003e+00 5.11429e-01
6.84003e+00 5.28512e-01
6.86003e+00 5.45384e-01
6.88003e+00 5.62037e-01
6.90003e+00 5.78466e-01
6.92003e+00 5.94663e-01
6.94003e+00 6.10623e-01
6.96003e+00 6.26338e-01
6.98003e+00 6.41803e-01
7.00003e+00 6.57011e-01
7.02003e+00 6.71956e-01
7.04003e+00 6.86632e-01
7.06003e+00 7.01034e-01
7.08003e+00 7.15156e-01
7.10003e+00 7.28991e-01
7.12003e+00 7.42535e-01
7.14003e+00 7.55782e-01
7.16003e+00 7.68726e-01
7.18003e+00 7.81363e-01
7.20003e+00 7.93687e-01
7.22003e+00 8.05694e-01
7.24003e+00 8.17379e-01
7.26003e+00 8.28737e-01
7.28003e+00 8.39763e-01
7.30003e+00 8.50453e-01
7.32003e+00 8.60804e-01
7.34003e+00 8.70810e-01
7.36003e+00 8.80467e-01
7.38003e+00 8.89773e-01
7.40003e+00 8.98722e-01
7.42003e+00 9.07312e-01
7.44003e+00 9.15539e-01
7.46003e+00 9.23400e-01
7.48003e+00 9.30892e-01
7.50003e+00 9.38011e-01
7.52003e+00 9.44755e-01
7.54003e+00 9.51121e-01
7.56003e+00 9.57107e-01
7.58003e+00 9.62710e-01
7.60003e+00 9.67928e-01
7.62003e+00 9.72758e-01
7.64003e+00 9.77200e-01
7.66003e+00 9.81251e-01
7.68003e+00 9.84909e-01
7.70003e+00 9.88173e-01
7.72003e+00 9.91042e-01
7.74003e+00 9.93515e-01
7.76003e+00 9.95590e-01
7.78003e+00 9.97267e-01
7.80003e+00 9.98545e-01
7.82003e+00 9.99424e-01
7.84003e+00 9.99903e-01
7.86003e+00 9.99982e-01
7.88003e+00 9.99661e-01
7.90003e+00 9.98940e-01
7.92003e+00 9.97819e-01
7.94003e+00 9.96300e-01
7.96003e+00 9.94382e-01
7.98003e+00 9.92066e-01
8.00003e+00 9.89354e-01
8.02003e+00 9.86245e-01
8.04003e+00 9.82742e-01
8.06003e+00 9.78846e-01
8.08003e+00 9.74559e-01
8.10003e+00 9.69882e-01
8.12003e+00 9.64816e-01
8.14003e+00 9.59365e-01
8.16004e+00 9.53530e-01
8.18004e+00 9.47314e-01
8.20004e+00 9.40718e-01
8.22004e+00 9.33747e-01
8.24004e+00 9.26402e-01
8.26004e+00 9.18686e-01
8.28004e+00 9.10603e-01
8.30004e+00 9.02155e-01
8.32004e+00 8.93347e-01
8.34004e+00 8.84181e-01
8.36004e+00 8.74662e-01
8.38004e+00 8.64793e-01
8.40004e+00 8.54578e-01
8.42004e+00 8.44021e-01
8.44004e+00 8.33126e-01
8.46004e+00 8.21899e-01
8.48004e+00 8.10342e-01
8.50004e+00 7.98461e-01
8.52004e+00 7.86261e-01
8.54004e+00 7.73747e-01
8.56004e+00 7.60923e-01
8.58004e+00 7.47794e-01
8.60005e+00 7.34367e-01
8.62005e+00 7.20645e-01
8.64005e+00 7.06635e-01
8.66005e+00 6.92343e-01
8.68005e+00 6.77774e-01
8.70005e+00 6.62934e-01
8.72005e+00 6.47828e-01
8.74005e+00 6.32464e-01
8.76005e+00 6.16846e-01
8.78005e+00 6.00982e-01
8.80005e+00 5.84877e-01
8.82005e+00 5.68538e-01
8.84005e+00 5.51972e-01
8.86005e+00 5.35185e-01
8.88005e+00 5.18184e-01
8.90005e+00 5.00976e-01
8.92005e+00 4.83567e-01
8.94005e+00 4.65965e-01
8.96005e+00 4.48177e-01
8.98005e+00 4.30209e-01
9.00005e+00 4.12069e-01
9.02005e+00 3.93765e-01
9.04006e+00 3.75302e-01
9.06006e+00 3.56690e-01
9.08006e+00 3.37935e-01
9.10006e+00 3.19045e-01
9.12006e+00 3.00027e-01
9.14006e+00 2.80889e-01
9.16006e+00 2.61639e-01
9.18006e+00 2.42284e-01
9.20006e+00 2.22833e-01
9.22006e+00 2.03292e-01
9.24006e+00 1.83670e-01
9.26006e+00 1.63974e-01
9.28006e+00 1.44213e-01
9.30006e+00 1.24394e-01
9.32006e+00 1.04525e-01
9.34006e+00 8.46148e-02
9.36006e+00 6.46705e-02
9.38006e+00 4.47003e-02
9.40006e+00 2.47122e-02
9.42006e+00 4.71423e-03
9.44006e+00 -1.52856e-02
9.46006e+00 -3.52793e-02
9.48007e+00 -5.52590e-02
9.50007e+00 -7.52165e-02
9.52007e+00 -9.51439e-02
9.54007e+00 -1.15033e-01
9.56007e+00 -1.34877e-01
9.58007e+00 -1.54666e-01
9.60007e+00 -1.74394e-01
9.62007e+00 -1.94051e-01
9.64007e+00 -2.13632e-01
9.66007e+00 -2.33126e-01
9.68007e+00 -2.52528e-01
9.70007e+00 -2.71828e-01
9.72007e+00 -2.91020e-01
9.74007e+00 -3.10095e-01
9.76007e+00 -3.29046e-01
9.78007e+00 -3.47866e-01
9.80007e+00 -3.66546e-01
9.82007e+00 -3.85080e-01
9.84007e+00 -4.03460e-01
9.86007e+00 -4.21679e-01
9.88007e+00 -4.39728e-01
9.90007e+00 -4.57602e-01
9.92008e+00 -4.75293e-01
9.94008e+00 -4.92794e-01
9.96008e+00 -5.10097e-01
9.98008e+00 -5.27197e-01
