-9.98 0.5271316094520531
-9.959999 0.5100312527477483
-9.939999 0.4927268810042349
-9.919998 0.4752254160563236
-9.899998 0.4575338585770875
-9.879997 0.4396592852775581
-9.859997 0.42160884607600596
-9.839996 0.4033897612379375
-9.819996 0.38500931848795306
-9.799995 0.36647487009462076
-9.779995 0.3477938299295323
-9.7599945 0.3289736705017177
-9.739994 0.31002191996860445
-9.719994 0.2909461591247168
-9.699993 0.27175401836932056
-9.679993 0.2524531746542253
-9.659992 0.23305134841296535
-9.639992 0.2135563004725881
-9.619991 0.19397582894928453
-9.599991 0.17431776612910377
-9.57999 0.1545899753349999
-9.55999 0.13480034778146355
-9.539989 0.11495679941799683
-9.519989 0.09506726776269418
-9.499989 0.0751397087271956
-9.479988 0.05518209343428237
-9.459988 0.03520240502938835
-9.439987 0.015208635487302039
-9.419987 -0.004791217584663151
-9.399986 -0.024789154145751554
-9.379986 -0.0447771749218214
-9.359985 -0.06474728460509428
-9.339985 -0.08469149505231802
-9.319984 -0.10460182848006375
-9.299984 -0.124470320655879
-9.2799835 -0.14428902408402025
-9.259983 -0.1640500111844909
-9.239983 -0.18374537746411249
-9.219982 -0.2033672446783616
-9.199982 -0.22290776398270665
-9.179981 -0.24235911907218483
-9.159981 -0.26171352930796304
-9.13998 -0.2809632528296321
-9.11998 -0.30010058965198927
-9.099979 -0.3191178847450711
-9.079979 -0.33800753109620296
-9.0599785 -0.3567619727528424
-9.039978 -0.37537370784499746
-9.019978 -0.39383529158601227
-8.999977 -0.41213933925051854
-8.979977 -0.4302785291283626
-8.959976 -0.4482456054533258
-8.939976 -0.4660333813054671
-8.919975 -0.48363474148592694
-8.899975 -0.5010426453630421
-8.879974 -0.5182501296886334
-8.859974 -0.5352503113833396
-8.839973 -0.5520363902898834
-8.819973 -0.5686016518931684
-8.799973 -0.584939470006118
-8.779972 -0.6010433094201841
-8.759972 -0.6169067285194622
-8.739971 -0.63252338185737
-8.719971 -0.6478870226948581
-8.69997 -0.6629915054991361
-8.67997 -0.6778307884019167
-8.659969 -0.6923989356161928
-8.639969 -0.7066901198105822
-8.619968 -0.7206986244402886
-8.599968 -0.7344188460337486
-8.5799675 -0.7478452964340478
-8.559967 -0.7609726049942109
-8.539967 -0.7737955207254873
-8.519966 -0.7863089143977728
-8.499966 -0.7985077805913272
-8.479965 -0.8103872396989668
-8.459965 -0.8219425398779318
-8.439964 -0.8331690589506471
-8.419964 -0.8440623062536161
-8.399963 -0.8546179244337089
-8.379963 -0.8648316911911245
-8.359962 -0.8746995209683324
-8.339962 -0.8842174665843155
-8.319962 -0.8933817208134628
-8.299961 -0.9021886179084776
-8.279961 -0.9106346350666955
-8.25996 -0.9187163938392225
-8.23996 -0.926430661482332
-8.219959 -0.9337743522505773
-8.199959 -0.9407445286311061
-8.179958 -0.9473384025186802
-8.159958 -0.9535533363309309
-8.139957 -0.9593868440634051
-8.119957 -0.9648365922839804
-8.0999565 -0.9699004010662485
-8.079956 -0.974576244861497
-8.059956 -0.9788622533089391
-8.039955 -0.9827567119838667
-8.019955 -0.98625806308343
-7.9999547 -0.9893648366914253
-7.9799547 -0.9920758783108741
-7.9599547 -0.9943901035633436
-7.9399548 -0.9963065867913542
-7.919955 -0.9978245614286295
-7.899955 -0.998943420306712
-7.879955 -0.9996627158978222
-7.859955 -0.9999821604938625
-7.839955 -0.9999016263214976
-7.819955 -0.9994211455932612
-7.799955 -0.9985409104946719
-7.779955 -0.9972612731073609
-7.759955 -0.9955827452682456
-7.739955 -0.993505998364801
-7.719955 -0.9910318630665146
-7.699955 -0.98816132899263
-7.679955 -0.9848955443163138
-7.659955 -0.9812358153054017
-7.639955 -0.9771836057999105
-7.619955 -0.9727405366265223
-7.599955 -0.9679083849502765
-7.579955 -0.9626890835637297
-7.559955 -0.9570847201138649
-7.539955 -0.9510975362670626
-7.519955 -0.944729926812466
-7.499955 -0.9379844387040989
-7.479955 -0.9308637700421198
-7.459955 -0.9233707689936204
-7.439955 -0.9155084326533982
-7.4199553 -0.9072799058451617
-7.3999553 -0.8986884798636444
-7.3799553 -0.8897375911581338
-7.3599553 -0.8804308199579399
-7.3399553 -0.8707718888403544
-7.3199553 -0.8607646612416713
-7.2999554 -0.8504131399118678
-7.2799554 -0.8397214653135605
-7.2599554 -0.8286939139658784
-7.2399554 -0.8173348967339156
-7.2199554 -0.8056489570644477
-7.1999555 -0.7936407691686169
-7.1799555 -0.7813151361523138
-7.1599555 -0.7686769880950022
-7.1399555 -0.755731380077757
-7.1199555 -0.7424834901613033
-7.0999556 -0.7289386173148649
-7.0799556 -0.7151021792966512
-7.0599556 -0.7009797104868305
-7.0399556 -0.6865768596738557
-7.0199556 -0.6718993877950289
-6.9999557 -0.6569531656322072
-6.9799557 -0.6417441714635732
-6.9599557 -0.6262784886724078
-6.9399557 -0.6105623033138224
-6.9199557 -0.5946019016404245
-6.8999557 -0.5784036675879047
-6.879956 -0.5619740802215533
-6.859956 -0.5453197111447244
-6.839956 -0.5284472218702883
-6.819956 -0.5113633611561191
-6.799956 -0.4940749623056879
-6.779956 -0.4765889404348367
-6.759956 -0.4589122897058301
-6.739956 -0.44105208052978895
-6.719956 -0.4230154567386253
-6.699956 -0.40480963272761056
-6.679956 -0.3864418905697191
-6.659956 -0.3679195771029016
-6.639956 -0.34925010099145337
-6.619956 -0.33044092976265327
-6.599956 -0.31149958681985795
-6.579956 -0.2924336484332465
-6.559956 -0.27325074070941924
-6.539956 -0.2539585365410626
-6.519956 -0.23456475253790024
-6.499956 -0.2150771459401577
-6.479956 -0.195503511515776
-6.459956 -0.175851678442614
-6.439956 -0.15612950717688795
-6.419956 -0.13634488630909952
-6.399956 -0.11650572940871091
-6.3799562 -0.0966199718588287
-6.3599563 -0.0766955676821623
-6.3399563 -0.05674048635952712
-6.3199563 -0.036762709642164514
-6.2999563 -0.016770228359153802
-6.2799563 0.0032289607788066974
-6.2599564 0.023226858377971248
-6.2399564 0.04321546556119142
-6.2199564 0.06318678716735421
-6.1999564 0.08313283494933378
-6.1799564 0.1030456307691777
-6.1599565 0.12291720978924967
-6.1399565 0.14273962365805232
-6.1199565 0.16250494368945573
-6.0999565 0.18220526403406015
-6.0799565 0.20183270484142432
-6.0599566 0.22137941541189457
-6.0399566 0.240837577336774
-6.0199566 0.26019940762557575
-5.9999566 0.2794571618191095
-5.9799566 0.298603137087156
-5.9599566 0.3176296753094906
-5.9399567 0.3365291661390231
-5.9199567 0.3552940500458299
-5.8999567 0.3739168213408589
-5.8799567 0.3923900311780994
-5.8599567 0.41070629053401575
-5.8399568 0.4288582731630523
-5.819957 0.44683871852802864
-5.799957 0.4646404347042519
-5.779957 0.48225630125618546
-5.759957 0.4996792720855224
-5.739957 0.516902378249526
-5.719957 0.5339187307485084
-5.699957 0.5507215232813332
-5.679957 0.5673040349678402
-5.659957 0.5836596330371024
-5.639957 0.5997817754804418
-5.619957 0.6156640136681389
-5.599957 0.6312999949287958
-5.579957 0.6466834650903136
-5.559957 0.6618082709814737
-5.539957 0.6766683628931194
-5.519957 0.6912577969979549
-5.499957 0.7055707377279913
-5.479957 0.7196014601086925
-5.459957 0.733344352048884
-5.439957 0.74679391658551
-5.419957 0.7599447740823415
-5.399957 0.772791664381755
-5.379957 0.7853294489087208
-5.359957 0.7975531127261615
-5.339957 0.8094577665408552
-5.3199573 0.8210386486590848
-5.2999573 0.8322911268912474
-5.2799573 0.8432107004046658
-5.2599573 0.8537930015238573
-5.2399573 0.8640337974775426
-5.2199574 0.8739289920916953
-5.1999574 0.8834746274279526
-5.1799574 0.8926668853667358
-5.1599574 0.9015020891344437
-5.1399574 0.9099767047741107
-5.1199574 0.9180873425589398
-5.0999575 0.9258307583481444
-5.0799575 0.9332038548845608
-5.0599575 0.9402036830335058
-5.0399575 0.9468274429623896
-5.0199575 0.9530724852606096
-4.9999576 0.9589363119992768
-4.9799576 0.9644165777303525
-4.9599576 0.9695110904247944
-4.9399576 0.9742178123493372
-4.9199576 0.9785348608815572
-4.8999577 0.9824605092628947
-4.8799577 0.9859931872893335
-4.8599577 0.9891314819394598
-4.8399577 0.9918741379396508
-4.8199577 0.9942200582661673
-4.7999578 0.9961683045839469
-4.779958 0.9977180976219248
-4.759958 0.998868817484732
-4.739958 0.9996200039006439
-4.719958 0.9999713564056828
-4.699958 0.9999227344637995
-4.679958 0.9994741575230854
-4.659958 0.9986258050079935
-4.639958 0.9973780162475715
-4.619958 0.9957312903397346
-4.599958 0.9936862859516337
-4.579958 0.9912438210561976
-4.559958 0.9884048726049552
-4.539958 0.9851705761372692
-4.519958 0.981542225326136
-4.499958 0.9775212714607344
-4.479958 0.9731093228659312
-4.459958 0.9683081442589733
-4.439958 0.9631196560436257
-4.419958 0.9575459335420375
-4.399958 0.951589206164642
-4.379958 0.9452518565184237
-4.359958 0.9385364194539095
-4.339958 0.9314455810512643
-4.319958 0.9239821775458963
-4.299958 0.9161491941940032
-4.2799582 0.9079497640785116
-4.2599583 0.8993871668558882
-4.2399583 0.8904648274443233
-4.2199583 0.8811863146538119
-4.1999583 0.8715553397586798
-4.1799583 0.8615757550131266
-4.1599584 0.8512515521103776
-4.1399584 0.8405868605860637
-4.1199584 0.8295859461664644
-4.0999584 0.8182532090622785
-4.0799584 0.8065931822086007
-4.0599585 0.7946105294518122
-4.0399585 0.7823100436841078
-4.0199585 0.7696966449264065
-3.9999585 0.7567753783604122
-3.9799585 0.7435514123106126
-3.9599586 0.730030036177022
-3.9399586 0.7162166583194959
-3.9199586 0.7021168038944634
-3.8999586 0.6877361126449424
-3.8799586 0.6730803366447217
-3.8599586 0.658155337997613
-3.8399587 0.6429670864926917
-3.8199587 0.6275216572164657
-3.7999587 0.6118252281229257
-3.7799587 0.5958840775624518
-3.7599587 0.579704581770561
-3.7399588 0.5632932123175031
-3.7199588 0.5466565335197239
-3.6999588 0.5298011998142313
-3.6799588 0.5127339530969139
-3.6599588 0.49546162002587807
-3.6399589 0.4779911092908805
-3.6199589 0.4603294088499502
-3.599959 0.44248358313430347
-3.579959 0.4244607702226709
-3.559959 0.4062681789861669
-3.539959 0.3879130862048425
-3.519959 0.369402833657076
-3.499959 0.3507448251829652
-3.479959 0.33194652372289557
-3.459959 0.3130154483324695
-3.439959 0.29395917117499
-3.419959 0.2747853144927018
-3.399959 0.25550154755800236
-3.379959 0.2361155836058407
-3.3599591 0.21663517674853233
-3.3399591 0.19706811887422349
-3.3199592 0.17742223653024575
-3.2999592 0.15770538779260757
-3.2799592 0.13792545912287438
-3.2599592 0.11809036221369534
-3.2399592 0.09820803082423775
-3.2199593 0.07828641760679517
-3.1999593 0.05833349092583864
-3.1799593 0.038357231670783205
-3.1599593 0.018365630063744687
-3.1399593 -0.0016333175364366052
-3.1199594 -0.02163161183262664
-3.0999594 -0.04162125378900377
-3.0799594 -0.06159424783056031
-3.0599594 -0.08154260504121985
-3.0399594 -0.10145834635929103
-3.0199594 -0.12133350576897978
-2.9999595 -0.14116013348668335
-2.9799595 -0.16093029914079168
-2.9599595 -0.18063609494372423
-2.9399595 -0.2002696388549336
-2.9199595 -0.21982307773361057
-2.8999596 -0.23928859047982984
-2.8799596 -0.25865839116287964
-2.8599596 -0.27792473213552427
-2.8399596 -0.2970799071329539
-2.8199596 -0.3161162543551817
-2.7999597 -0.33502615953165604
-2.7799597 -0.3538020589668611
-2.7599597 -0.37243644256568875
-2.7399597 -0.39092185683737046
-2.7199597 -0.40925090787676893
-2.6999598 -0.4274162643218353
-2.6799598 -0.4454106602860514
-2.6599598 -0.4632268982646812
-2.6399598 -0.4808578520136718
-2.6199598 -0.4982964694000503
-2.5999599 -0.5155357752226776
-2.5799599 -0.5325688740022306
-2.55996 -0.549388952739297
-2.53996 -0.5659892836394783
-2.51996 -0.5823632268044137
-2.49996 -0.5985042328876448
-2.47996 -0.6144058457142626
-2.45996 -0.6300617048632865
-2.43996 -0.6454655482117424
-2.41996 -0.6606112144394243
-2.39996 -0.675492645493335
-2.37996 -0.6901038890108223
-2.35996 -0.7044391007004399
-2.33996 -0.7184925466795817
-2.31996 -0.7322586057679541
-2.2999601 -0.7457317717359687
-2.2799602 -0.7589066555071566
-2.2599602 -0.771777987313723
-2.2399602 -0.7843406188043803
-2.2199602 -0.7965895251036156
-2.1999602 -0.8085198068215702
-2.1799603 -0.8201266920137268
-2.1599603 -0.8314055380896197
-2.1399603 -0.8423518336698056
-2.1199603 -0.8529612003903518
-2.0999603 -0.8632293946541204
-2.0799603 -0.8731523093281467
-2.0599604 -0.8827259753864349
-2.0399604 -0.8919465634975126
-2.0199604 -0.9008103855561089
-1.9999604 -0.9093138961583456
-1.9799604 -0.9174536940198473
-1.9599605 -0.9252265233362086
-1.9399605 -0.9326292750852689
-1.9199605 -0.9396589882706783
-1.8999605 -0.9463128511062536
-1.8799605 -0.9525882021406539
-1.8599606 -0.9584825313219228
-1.8399606 -0.9639934810014748
-1.8199606 -0.9691188468771204
-1.7999606 -0.9738565788747569
-1.7799606 -0.9782047819683685
-1.7599607 -0.9821617169380101
-1.7399607 -0.9857258010654711
-1.7199607 -0.9888956087673401
-1.6999607 -0.9916698721652177
-1.6799607 -0.9940474815928514
-1.6599607 -0.9960274860399847
-1.6399608 -0.997609093532749
-1.6199608 -0.9987916714504417
-1.5999608 -0.9995747467785654
-1.5799608 -0.999958006298027
-1.5599608 -0.9999412967104212
-1.5399609 -0.9995246246993477
-1.5199609 -0.9987081569277372
-1.4999609 -0.9974922199711895
-1.4799609 -0.9958773001873473
-1.4599609 -0.9938640435213604
-1.439961 -0.9914532552475158
-1.419961 -0.9886458996471408
-1.399961 -0.9854430996229028
-1.379961 -0.9818461362496648
-1.359961 -0.977856448262073
-1.339961 -0.9734756314790836
-1.3199611 -0.9687054381656578
-1.2999611 -0.9635477763318799
-1.2799611 -0.958004708969781
-1.2599611 -0.9520784532281704
-1.2399611 -0.9457713795258083
-1.2199612 -0.9390860106032705
-1.1999612 -0.9320250205138889
-1.1799612 -0.9245912335541673
-1.1599612 -0.9167876231341024
-1.1399612 -0.9086173105878625
-1.1199613 -0.9000835639252969
-1.0999613 -0.8911897965247784
-1.0799613 -0.8819395657679003
-1.0599613 -0.872336571616574
-1.0399613 -0.8623846551330954
-1.0199614 -0.8520877969437755
-0.9999614 -0.8414501156467449
-0.9799614 -0.8304758661645734
-0.9599614 -0.8191694380423601
-0.93996143 -0.8075353536919782
-0.91996145 -0.7955782665831732
-0.8999615 -0.7833029593822409
-0.8799615 -0.7707143420390287
-0.8599615 -0.7578174498230239
-0.8399615 -0.7446174413093178
-0.81996155 -0.7311195963152481
-0.79996157 -0.7173293137885463
-0.7799616 -0.7032521096478342
-0.7599616 -0.6888936145763357
-0.7399616 -0.6742595717696812
-0.71996164 -0.6593558346387112
-0.69996166 -0.6441883644681945
-0.6799617 -0.6287632280323978
-0.6599617 -0.6130865951684622
-0.6399617 -0.5971647363085547
-0.61996174 -0.5810040199717841
-0.59996176 -0.5646109102168828
-0.5799618 -0.5479919640566749
-0.5599618 -0.5311538288353631
-0.5399618 -0.5141032395696847
-0.51996183 -0.4968470162550003
-0.49996182 -0.47939203498284744
-0.4799618 -0.46174530308279094
-0.4599618 -0.4439138790198769
-0.4399618 -0.4259048951336331
-0.41996178 -0.40772555478522576
-0.39996177 -0.3893831294762073
-0.37996176 -0.3708849559400102
-0.35996175 -0.3522384332073479
-0.33996174 -0.3334510196466982
-0.31996173 -0.314530229981052
-0.29996172 -0.29548363228212104
-0.2799617 -0.27631884494320713
-0.2599617 -0.25704353363194277
-0.2399617 -0.23766542269832264
-0.2199617 -0.21819224880411528
-0.1999617 -0.1986318009559898
-0.17996171 -0.1789919030690187
-0.15996172 -0.15928041083721736
-0.13996172 -0.13950520859137264
-0.11996172 -0.1196742061454169
-0.09996173 -0.09979533563260927
-0.07996173 -0.07987654833278934
-0.059961732 -0.059925807773377374
-0.039961733 -0.03995109769092765
-0.019961733 -0.019960407702790096
3.8266182E-5 3.826618193646192E-5
0.020038266 0.02003692476070114
0.040038265 0.040027568837075235
0.060038265 0.060002202420324
0.080038264 0.07995283592369619
0.10003826 0.09987148565348694
0.120038256 0.1197501881372851
0.14003825 0.13958099216246034
0.16003825 0.15935596567511923
0.18003824 0.17906719895281958
0.20003824 0.19870680776835267
0.22003824 0.21826693654332777
0.24003823 0.23773976149029735
0.26003823 0.25711749374216647
0.28003824 0.2763923967883191
0.30003825 0.2955567464423323
0.32003826 0.31460287721164193
0.34003827 0.33352317088971206
0.36003828 0.3523100596032195
0.3800383 0.3709560288391054
0.4000383 0.38945362045028364
0.4200383 0.4077954356388032
0.44003832 0.42597413791527206
0.46003833 0.44398245603335806
0.48003834 0.46181318689819395
0.5000383 0.4794591722940715
0.5200383 0.49691338077950886
0.5400383 0.5141688309171472
0.56003827 0.531218620770165
0.58003825 0.5480559306629558
0.60003823 0.5646740259089016
0.6200382 0.5810662595041538
0.6400382 0.5972260747863397
0.6600382 0.613147008057136
0.68003815 0.6288226911676565
0.70003814 0.6442468540656221
0.7200381 0.6594133273032934
0.7400381 0.6743160445051625
0.7600381 0.688949044794418
0.78003806 0.7033064751772116
0.80003804 0.7173825928837732
0.820038 0.7311717676654377
0.840038 0.7446684840466653
0.860038 0.7578673435311538
0.88003796 0.7707630667611611
0.90003794 0.7833504956291739
0.9200379 0.7956245953410779
0.9400379 0.8075804564300045
0.9600379 0.8192132967200487
0.98003787 0.8305184632390713
1.0000379 0.8414914662824501
1.0200379 0.8521278514017614
1.0400379 0.8624233973921436
1.0600379 0.8723739861803269
1.0800378 0.8819756376710599
1.1000378 0.8912245113390918
1.1200378 0.9001169077653276
1.1400378 0.9086492701165447
1.1600378 0.9168181855680752
1.1800377 0.9246203866688877
1.2000377 0.932052752648522
1.2200377 0.9391123106653534
1.2400377 0.9457962369956868
1.2600377 0.9521018581632072
1.2800376 0.9580266520083318
1.3000376 0.9635682486970386
1.3200376 0.9687244316687669
1.3400376 0.9734931385230097
1.3600376 0.9778724618442451
1.3800375 0.981860649964876
1.4000375 0.9854561076658716
1.4200375 0.9886573968148332
1.4400375 0.9914632369412268
1.4600375 0.9938725057485532
1.4800375 0.9958842395632506
1.5000374 0.9974976337201504
1.5200374 0.9987120428843326
1.5400374 0.9995269813092497
1.5600374 0.9999421230310191
1.5800374 0.9999573019988042
1.6000373 0.9995725121412317
1.6200373 0.9987879073688204
1.6400373 0.9976038015124198
1.6600373 0.9960206681976811
1.6800373 0.9940391406556142
1.7000372 0.9916600114693043
1.7200372 0.9888842322568897
1.7400372 0.9857129132909277
1.7600372 0.9821473230543017
1.7800372 0.9781888877328457
1.8000371 0.97383919064489
1.8200371 0.9690999716079562
1.8400371 0.9639731262428548
1.8600371 0.9584607052154637
1.8800371 0.9525649134164904
1.900037 0.9462881090795473
1.920037 0.939632802837891
1.940037 0.9326016567202047
1.960037 0.9251974830858241
1.980037 0.9174232434998333
2.000037 0.9092820475484807
2.020037 0.9007771515953885
2.040037 0.8919119574790522
2.060037 0.8826900111521543
2.0800369 0.8731150012632326
2.1000369 0.8631907576812728
2.1200368 0.8529212499638154
2.1400368 0.8423105857691876
2.1600368 0.831363009213499
2.1800368 0.8200828991730544
2.2000368 0.8084747675328652
2.2200367 0.7965432573819584
2.2400367 0.7842931411562075
2.2600367 0.7717293187294245
2.2800367 0.75885681545348
2.3000367 0.7456807801482332
2.3200366 0.7322064830420759
2.3400366 0.7184393136639164
2.3600366 0.7043847786874434
2.3800366 0.6900484997285341
2.4000366 0.6754362110966872
2.4200366 0.6605537575013801
2.4400365 0.645407091714267
2.4600365 0.630002272188155
2.4800365 0.6143454606337072
2.5000365 0.5984429195548465
2.5200365 0.5823010097438415
2.5400364 0.5659261877370795
2.5600364 0.5493250032325429
2.5800364 0.5325040964700226
2.6000364 0.5154701955751153
2.6200364 0.49823011386806854
2.6400363 0.48079074713854797
2.6600363 0.4631590708874194
2.6800363 0.4453421375366464
2.7000363 0.42734707360842106
2.7200363 0.4091810768746554
2.7400362 0.3908514134779742
2.7600362 0.37236541502536047
2.7800362 0.35373047565561583
2.8000362 0.33495404908180915
2.8200362 0.31604364560989673
2.8400362 0.29700682913470544
2.8600361 0.2778512141144815
2.880036 0.25858446252521466
2.900036 0.23921428079595564
2.920036 0.2197484167263532
2.940036 0.20019465638764353
2.960036 0.18056082100833146
2.980036 0.16085476384580927
3.000036 0.14108436704516455
3.020036 0.12125753848643321
3.040036 0.10138220862155885
3.060036 0.08146632730232392
3.080036 0.06151786060052098
3.100036 0.041544787621636284
3.120036 0.02155509731332008
3.1400359 0.0015567852699201418
3.1600358 -0.01844214946564325
3.1800358 -0.038433707601381734
3.2000358 -0.05840989279584288
3.2200358 -0.07836271485653411
3.2400358 -0.09828419293588697
3.2600358 -0.11816635872348377
3.2800357 -0.13800125963326934
3.3000357 -0.15778096198447342
3.3200357 -0.17749755417497104
3.3400357 -0.19714314984581197
3.3600357 -0.21670989103565305
3.3800356 -0.23618995132383197
3.4000356 -0.25557553896082524
3.4200356 -0.2748588999848382
3.4400356 -0.29403232132328033
3.4600356 -0.3130881338778856
3.4800355 -0.3320187155922437
3.5000355 -0.35081649450051533
3.5200355 -0.3694739517561114
3.5400355 -0.38798362463912606
3.5600355 -0.40633810954131916
3.5800354 -0.4245300649274556
3.6000354 -0.44255221427181535
3.6200354 -0.4603973489687018
3.6400354 -0.478058331215782
3.6600354 -0.49552809686910704
3.6800354 -0.5127996582686701
3.7000353 -0.5298661070333722
3.7200353 -0.5467206168242769
3.7400353 -0.5633564460750494
3.7600353 -0.5797669406884892
3.7800353 -0.5959455366980737
3.8000352 -0.6118857628934534
3.8200352 -0.6275812434088442
3.8400352 -0.6430257002732842
3.8600352 -0.6582129559217332
3.8800352 -0.6731369356660122
3.9000351 -0.6877916701245925
3.9200351 -0.7021712976102645
3.940035 -0.7162700664747298
3.960035 -0.7300823374091794
3.980035 -0.7436025856999379
4.0000353 -0.7568255592727089
4.0200353 -0.7697456538781638
4.0400352 -0.7823578610724359
4.060035 -0.7946571361504298
4.080035 -0.8066385595754851
4.100035 -0.8182973389471229
4.120035 -0.8296288109179368
4.140035 -0.8406284430588676
4.160035 -0.8512918356721103
4.180035 -0.861614723550931
4.200035 -0.8715929776856903
4.220035 -0.8812226069153881
4.240035 -0.8904997595240721
4.260035 -0.8994207247814702
4.280035 -0.9079819344272295
4.300035 -0.916179964098171
4.320035 -0.9240115346979862
4.340035 -0.9314735137088294
4.360035 -0.9385629164442802
4.380035 -0.9452769072431775
4.400035 -0.951612800603842
4.420035 -0.9575680622582409
4.440035 -0.9631403101856576
4.460035 -0.9683273155654681
4.480035 -0.9731270036686367
4.500035 -0.9775374546875787
4.520035 -0.9815569045040564
4.540035 -0.9851837453948016
4.5600348 -0.988416526674582
4.5800347 -0.9912539552764553
4.6000347 -0.9936948962689772
4.6200347 -0.9957383733101582
4.6400347 -0.9973835690379869
4.6600347 -0.9986298253973629
4.6800346 -0.9994766439033096
4.7000346 -0.9999236858403615
4.7200346 -0.9999707723980454
4.7400346 -0.9996178847424018
4.7600346 -0.9988651640235188
4.7800345 -0.9977129113190734
4.8000345 -0.9961615875139053
4.8200345 -0.9942118131156689
4.8400345 -0.9918643680066396
4.8600345 -0.9891201911317711
4.8800344 -0.9859803801231315
4.9000344 -0.9824461908608652
4.9200344 -0.9785190369708591
4.9400344 -0.9742004892593118
4.9600344 -0.9694922750844336
4.9800344 -0.9643962776655272
5.0000343 -0.9589145353297267
5.0200343 -0.9530492406966955
5.0400343 -0.9468027398016096
5.0600343 -0.9401775311567758
5.0800343 -0.933176264752263
5.100034 -0.9258017409959428
5.120034 -0.9180569095933662
5.140034 -0.9099448683679224
5.160034 -0.9014688620217544
5.180034 -0.892632280837922
5.200034 -0.8834386593243383
5.220034 -0.8738916748000148
5.240034 -0.8639951459241867
5.260034 -0.8537530311689022
5.280034 -0.8431694272356903
5.300034 -0.8322485674169374
5.320034 -0.8209948199026299
5.340034 -0.8094126860331402
5.360034 -0.797506798498754
5.380034 -0.785281919486659
5.400034 -0.7727429387761378
5.420034 -0.7598948717827243
5.440034 -0.7467428575521091
5.460034 -0.733292156704593
5.480034 -0.7195481493309135
5.500034 -0.7055163328402839
5.520034 -0.6912023197615073
5.540034 -0.6766118354980442
5.560034 -0.6617507160379319
5.580034 -0.6466249056194716
5.6000338 -0.6312404543536164
5.6200337 -0.615603515804013
5.6400337 -0.5997203445256619
5.6600337 -0.5835972935631849
5.6800337 -0.5672408119096956
5.7000337 -0.5506574419272937
5.7200336 -0.5338538167302124
5.7400336 -0.5168366575316656
5.7600336 -0.4996127709554584
5.7800336 -0.48218904631343257
5.8000336 -0.4645724528498392
5.8200336 -0.44677003695373957
5.8400335 -0.4287889193405484
5.8600335 -0.41063629220384845
5.8800335 -0.39231941633861406
5.9000335 -0.3738456182369959
5.9200335 -0.3552222871578272
5.9400334 -0.33645687217102427
5.9600334 -0.3175568791780637
5.9800334 -0.2985298679097276
6.0000334 -0.27938344890231764
6.0200334 -0.26012528045354816
6.0400333 -0.24076306555933458
6.0600333 -0.22130454883270395
6.0800333 -0.20175751340605888
6.1000333 -0.1821297778180341
6.1200333 -0.16242919288619145
6.1400332 -0.14266363856680334
6.160033 -0.12284102080298141
6.180033 -0.10296926836241069
6.200033 -0.0830563296659543
6.220033 -0.06311016960839722
6.240033 -0.04313876637260047
6.260033 -0.02315010823834063
6.280033 -0.003152190387110394
6.300033 0.016846988295841275
6.320033 0.03683942842095049
6.340033 0.056817133293981525
6.360033 0.07677211211459176
6.380033 0.09669638317253922
6.400033 0.11658197704025411
6.420033 0.13642093976049754
6.440033 0.15620533602783235
6.460033 0.17592725236263324
6.480033 0.19557880027636734
6.500033 0.21515211942687823
6.520033 0.23463938076241206
6.540033 0.2540327896531279
6.560033 0.2733245890088399
6.580033 0.2925070623817436
6.600033 0.31157253705288707
6.620033 0.33051338710114947
6.640033 0.34932203645350257
6.6600327 0.367990961915333
6.6800327 0.38651269617961403
6.7000327 0.4048798308137231
6.7200327 0.42308501922271047
6.7400327 0.4411209795878337
6.7600327 0.4589804977791825
6.7800326 0.4766564302412288
6.8000326 0.49414170685014847
6.8200326 0.5114293337417712
6.8400326 0.5285123961090277
6.8600326 0.5453840609677743
6.8800325 0.5620375798898913
6.9000325 0.5784662917025588
6.9200325 0.5946636251526315
6.9400325 0.6106231015350476
6.9600325 0.6263383372842196
6.9800324 0.6418030465273706
7.0000324 0.6570110435987945
7.0200324 0.6719562455140353
7.0400324 0.6866326744029951
7.0600324 0.701034459900998
7.0800323 0.715155841496853
7.1000323 0.7289911708369772
7.1200323 0.7425349139846582
7.1400323 0.7557816536335499
7.1600323 0.7687260912745194
7.1800323 0.7813630493149758
7.200032 0.793687473149834
7.220032 0.8056944331832856
7.240032 0.8173791268005679
7.260032 0.828736880288942
7.280032 0.8397631507071118
7.300032 0.8504535277023368
7.320032 0.8608037352745113
7.340032 0.8708096334865029
7.360032 0.8804672201200707
7.380032 0.8897726322766949
7.400032 0.8987221479226825
7.420032 0.9073121873779277
7.440032 0.9155393147477341
7.460032 0.9234002392971237
7.480032 0.9308918167670845
7.500032 0.9380110506322304
7.520032 0.9447550932993682
7.540032 0.9511212472464955
7.560032 0.9571069661017709
7.580032 0.9627098556620273
7.600032 0.9679276748504191
7.620032 0.9727583366128217
7.640032 0.9771999087526233
7.660032 0.9812506147035764
7.680032 0.9849088342403999
7.7000318 0.9881731041268451
7.7200317 0.991042118700971
7.7400317 0.9935147303973896
7.7600317 0.9955899502062764
7.7800317 0.9972669480689602
7.8000317 0.9985450532099349
7.8200316 0.9994237544051605
7.8400316 0.9999027001865451
7.8600316 0.9999816989825273
7.8800316 0.9996607191947022
7.9000316 0.9989398892104606
7.9200315 0.9978194973516351
7.9400315 0.9962999917591764
7.9600315 0.9943819802139022
7.9800315 0.9920662298933945
8.000031 0.9893536670651385
8.020032 0.9862452979005518
8.040032 0.9827424257088735
8.060033 0.9788464516564117
8.080033 0.9745589341521753
8.100034 0.9698815882245023
8.120034 0.96481628483504
8.140035 0.9593650501303511
8.160035 0.9535300646314449
8.180036 0.947313662361558
8.200036 0.9407183299125336
8.2200365 0.9337467054501721
8.240037 0.926401577658952
8.260037 0.918685884626542
8.280038 0.9106027126685511
8.300038 0.9021552950939875
8.320039 0.8933470109119187
8.340039 0.8841813834798508
8.36004 0.8746620790943681
8.38004 0.8647929055245968
8.400041 0.8545778104890773
8.420041 0.8440208800766583
8.440042 0.8331263371120398
8.460042 0.8218985394666231
8.480042 0.8103419783153402
8.500043 0.7984612763401614
8.520043 0.7862611858809997
8.540044 0.7737465870347511
8.560044 0.7609224857032314
8.580045 0.7477940115907908
8.600045 0.7343664161524067
8.620046 0.7206450704930752
8.640046 0.7066354632193426
8.660047 0.6923431982438356
8.680047 0.6777739925436681
8.7000475 0.6629336738736221
8.720048 0.6478281784350167
8.740048 0.632463548501198
8.760049 0.6168459300005997
8.780049 0.6009815700583414
8.80005 0.5848768144973471
8.82005 0.5685381052999843
8.840051 0.5519719780312399
8.860051 0.5351850592244606
8.880052 0.5181840637307071
8.900052 0.5009757920327805
8.920053 0.48356712752499487
8.940053 0.4659650337597853
8.960053 0.44817655166225273
8.980054 0.43020879671375833
9.000054 0.41206895610569594
9.020055 0.3937642858645795
9.040055 0.37530210794959645
9.060056 0.3566898073237876
9.080056 0.33793482900002514
9.100057 0.3190446750629705
9.120057 0.3000269016682031
9.140058 0.2808891160197205
9.160058 0.26163897332701896
9.1800585 0.24228417374297168
9.200059 0.22283245928372902
9.220059 0.20329161073187385
9.24006 0.1836694445240696
9.26006 0.16397380962444674
9.280061 0.1442125843849781
9.300061 0.12439367339409883
9.320062 0.10452500431483171
9.340062 0.08461452471368248
9.360063 0.06467019888157377
9.380063 0.04470000464808891
9.4000635 0.024711930190300612
9.420064 0.004713970837460231
9.440064 -0.015285874127173645
9.460065 -0.03527960466608833
9.480065 -0.05525922318757186
9.500066 -0.07521673774478946
9.520066 -0.09514416523260205
9.540067 -0.11503353458084808
9.560067 -0.13487688994281116
9.580068 -0.15466629387759845
9.600068 -0.17439383052515642
9.620069 -0.19405160877265434
9.640069 -0.21363176541096862
9.660069 -0.23312646828000563
9.68007 -0.25252791940160474
9.70007 -0.27182835809876826
9.720071 -0.291020064099971
9.740071 -0.3100953606273073
9.760072 -0.32904661746724034
9.780072 -0.34786625402272536
9.800073 -0.36654674234548656
9.820073 -0.3850806101472337
9.840074 -0.4034604437886144
9.860074 -0.42167889124470714
9.8800745 -0.4397286650458675
9.900075 -0.45760254519275256
9.920075 -0.4752933820443563
9.940076 -0.4927940991779017
9.960076 -0.5100976962194451
9.980077 -0.5271972516440608
10.000077 -0.544085925544485
10.020078 -0.5607569623671128
