-9.98 0.5271316
-9.959999 0.5100313
-9.939999 0.49272692
-9.919998 0.47522545
-9.899998 0.45753393
-9.879997 0.43965933
-9.859997 0.4216089
-9.839996 0.4033898
-9.819996 0.38500938
-9.799995 0.36647493
-9.779995 0.34779388
-9.7599945 0.32897374
-9.739994 0.31002197
-9.719994 0.29094625
-9.699993 0.2717541
-9.679993 0.25245327
-9.659992 0.2330514
-9.639992 0.21355636
-9.619991 0.1939759
-9.599991 0.17431782
-9.57999 0.15459004
-9.55999 0.1348004
-9.539989 0.11495686
-9.519989 0.09506734
-9.499989 0.075139776
-9.479988 0.055182155
-9.459988 0.035202466
-9.439987 0.015208699
-9.419987 -0.004791198
-9.399986 -0.024789136
-9.379986 -0.04477715
-9.359985 -0.06474726
-9.339985 -0.08469147
-9.319984 -0.10460181
-9.299984 -0.1244703
-9.2799835 -0.14428902
-9.259983 -0.16405
-9.239983 -0.18374537
-9.219982 -0.20336722
-9.199982 -0.22290775
-9.179981 -0.2423591
-9.159981 -0.2617135
-9.13998 -0.28096324
-9.11998 -0.3001006
-9.099979 -0.31911787
-9.079979 -0.33800754
-9.0599785 -0.35676196
-9.039978 -0.37537372
-9.019978 -0.39383528
-8.999977 -0.41213933
-8.979977 -0.43027854
-8.959976 -0.4482456
-8.939976 -0.46603337
-8.919975 -0.4836347
-8.899975 -0.50104266
-8.879974 -0.5182501
-8.859974 -0.5352503
-8.839973 -0.5520363
-8.819973 -0.56860155
-8.799973 -0.58493936
-8.779972 -0.60104316
-8.759972 -0.6169066
-8.739971 -0.63252324
-8.719971 -0.6478868
-8.69997 -0.6629912
-8.67997 -0.6778305
-8.659969 -0.6923986
-8.639969 -0.7066898
-8.619968 -0.72069854
-8.599968 -0.7344188
-8.5799675 -0.7478453
-8.559967 -0.7609726
-8.539967 -0.7737955
-8.519966 -0.7863089
-8.499966 -0.7985078
-8.479965 -0.81038725
-8.459965 -0.8219425
-8.439964 -0.83316904
-8.419964 -0.8440622
-8.399963 -0.8546179
-8.379963 -0.8648316
-8.359962 -0.8746995
-8.339962 -0.88421744
-8.319962 -0.89338166
-8.299961 -0.90218866
-8.279961 -0.9106347
-8.25996 -0.91871643
-8.23996 -0.92643064
-8.219959 -0.9337744
-8.199959 -0.9407445
-8.179958 -0.9473384
-8.159958 -0.9535534
-8.139957 -0.9593868
-8.119957 -0.9648366
-8.0999565 -0.9699004
-8.079956 -0.9745763
-8.059956 -0.9788622
-8.039955 -0.98275673
-8.019955 -0.9862581
-7.9999547 -0.98936486
-7.9799547 -0.99207586
-7.9599547 -0.99439013
-7.9399548 -0.9963066
-7.919955 -0.99782455
-7.899955 -0.9989434
-7.879955 -0.9996627
-7.859955 -0.9999822
-7.839955 -0.99990165
-7.819955 -0.9994211
-7.799955 -0.99854094
-7.779955 -0.9972613
-7.759955 -0.99558276
-7.739955 -0.99350595
-7.719955 -0.9910319
-7.699955 -0.9881613
-7.679955 -0.9848955
-7.659955 -0.98123586
-7.639955 -0.97718364
-7.619955 -0.97274053
-7.599955 -0.9679084
-7.579955 -0.9626891
-7.559955 -0.9570847
-7.539955 -0.95109755
-7.519955 -0.9447299
-7.499955 -0.9379844
-7.479955 -0.93086374
-7.459955 -0.9233707
-7.439955 -0.9155084
-7.4199553 -0.9072799
-7.3999553 -0.89868844
-7.3799553 -0.88973755
-7.3599553 -0.88043076
-7.3399553 -0.8707718
-7.3199553 -0.8607647
-7.2999554 -0.85041314
-7.2799554 -0.83972144
-7.2599554 -0.82869387
-7.2399554 -0.81733483
-7.2199554 -0.8056489
-7.1999555 -0.79364073
-7.1799555 -0.78131515
-7.1599555 -0.76867694
-7.1399555 -0.75573134
-7.1199555 -0.7424835
-7.0999556 -0.7289386
-7.0799556 -0.71510226
-7.0599556 -0.7009794
-7.0399556 -0.6865766
-7.0199556 -0.67189926
-6.9999557 -0.65695304
-6.9799557 -0.6417441
-6.9599557 -0.6262784
-6.9399557 -0.61056226
-6.9199557 -0.59460187
-6.8999557 -0.5784036
-6.879956 -0.56197405
-6.859956 -0.5453197
-6.839956 -0.5284472
-6.819956 -0.5113633
-6.799956 -0.49407494
-6.779956 -0.47658893
-6.759956 -0.45891228
-6.739956 -0.44105208
-6.719956 -0.42301548
-6.699956 -0.40480962
-6.679956 -0.38644192
-6.659956 -0.3679196
-6.639956 -0.3492501
-6.619956 -0.33044094
-6.599956 -0.3114996
-6.579956 -0.29243368
-6.559956 -0.27325073
-6.539956 -0.25395855
-6.519956 -0.23456475
-6.499956 -0.21507716
-6.479956 -0.19550352
-6.459956 -0.17585169
-6.439956 -0.15612951
-6.419956 -0.1363449
-6.399956 -0.11650573
-6.3799562 -0.09661996
-6.3599563 -0.07669556
-6.3399563 -0.056740485
-6.3199563 -0.03676271
-6.2999563 -0.016770229
-6.2799563 0.0032290919
-6.2599564 0.02322699
-6.2399564 0.043215595
-6.2199564 0.063186914
-6.1999564 0.08313296
-6.1799564 0.10304576
-6.1599565 0.12291734
-6.1399565 0.14273976
-6.1199565 0.16250508
-6.0999565 0.18220538
-6.0799565 0.20183283
-6.0599566 0.22137955
-6.0399566 0.2408377
-6.0199566 0.26019952
-5.9999566 0.2794573
-5.9799566 0.29860327
-5.9599566 0.31762984
-5.9399567 0.33652928
-5.9199567 0.35529417
-5.8999567 0.37391695
-5.8799567 0.39239016
-5.8599567 0.41070643
-5.8399568 0.4288584
-5.819957 0.44683886
-5.799957 0.46464056
-5.779957 0.4822564
-5.759957 0.49967936
-5.739957 0.5169025
-5.719957 0.5339188
-5.699957 0.5507216
-5.679957 0.567304
-5.659957 0.5836596
-5.639957 0.59978175
-5.619957 0.61566395
-5.599957 0.6313
-5.579957 0.6466834
-5.559957 0.66180813
-5.539957 0.6766682
-5.519957 0.69125766
-5.499957 0.70557046
-5.479957 0.7196016
-5.459957 0.73334444
-5.439957 0.74679404
-5.419957 0.75994486
-5.399957 0.77279174
-5.379957 0.78532946
-5.359957 0.7975532
-5.339957 0.80945784
-5.3199573 0.82103866
-5.2999573 0.8322912
-5.2799573 0.8432107
-5.2599573 0.853793
-5.2399573 0.8640338
-5.2199574 0.8739291
-5.1999574 0.88347465
-5.1799574 0.892667
-5.1599574 0.9015022
-5.1399574 0.90997666
-5.1199574 0.9180873
-5.0999575 0.9258308
-5.0799575 0.9332039
-5.0599575 0.9402037
-5.0399575 0.9468275
-5.0199575 0.9530725
-4.9999576 0.95893633
-4.9799576 0.96441656
-4.9599576 0.9695111
-4.9399576 0.97421783
-4.9199576 0.9785349
-4.8999577 0.9824605
-4.8799577 0.98599315
-4.8599577 0.9891315
-4.8399577 0.99187416
-4.8199577 0.9942201
-4.7999578 0.9961683
-4.779958 0.9977181
-4.759958 0.9988688
-4.739958 0.99961996
-4.719958 0.99997133
-4.699958 0.99992275
-4.679958 0.99947417
-4.659958 0.9986258
-4.639958 0.997378
-4.619958 0.9957313
-4.599958 0.9936863
-4.579958 0.99124384
-4.559958 0.98840487
-4.539958 0.98517054
-4.519958 0.9815423
-4.499958 0.9775213
-4.479958 0.9731093
-4.459958 0.96830815
-4.439958 0.9631196
-4.419958 0.95754594
-4.399958 0.9515892
-4.379958 0.9452519
-4.359958 0.9385364
-4.339958 0.9314456
-4.319958 0.92398214
-4.299958 0.91614914
-4.2799582 0.9079498
-4.2599583 0.8993872
-4.2399583 0.89046484
-4.2199583 0.8811863
-4.1999583 0.8715553
-4.1799583 0.8615758
-4.1599584 0.8512516
-4.1399584 0.8405869
-4.1199584 0.82958597
-4.0999584 0.81825316
-4.0799584 0.8065932
-4.0599585 0.79461056
-4.0399585 0.78231007
-4.0199585 0.76969665
-3.9999585 0.7567754
-3.9799585 0.7435514
-3.9599586 0.73003006
-3.9399586 0.71621674
-3.9199586 0.70211655
-3.8999586 0.6877359
-3.8799586 0.67308015
-3.8599586 0.6581552
-3.8399587 0.6429669
-3.8199587 0.6275215
-3.7999587 0.61182517
-3.7799587 0.59588397
-3.7599587 0.5797045
-3.7399588 0.56329316
-3.7199588 0.5466565
-3.6999588 0.5298012
-3.6799588 0.5127339
-3.6599588 0.49546158
-3.6399589 0.4779911
-3.6199589 0.4603294
-3.599959 0.4424836
-3.579959 0.42446074
-3.559959 0.40626818
-3.539959 0.38791308
-3.519959 0.36940283
-3.499959 0.35074484
-3.479959 0.33194652
-3.459959 0.31301546
-3.439959 0.29395917
-3.419959 0.2747853
-3.399959 0.25550154
-3.379959 0.23611557
-3.3599591 0.21663518
-3.3399591 0.19706813
-3.3199592 0.17742224
-3.2999592 0.1577054
-3.2799592 0.13792546
-3.2599592 0.11809036
-3.2399592 0.09820803
-3.2199593 0.07828642
-3.1999593 0.05833349
-3.1799593 0.038357228
-3.1599593 0.01836563
-3.1399593 -0.0016333613
-3.1199594 -0.021631656
-3.0999594 -0.041621294
-3.0799594 -0.06159429
-3.0599594 -0.08154265
-3.0399594 -0.101458386
-3.0199594 -0.12133355
-2.9999595 -0.14116018
-2.9799595 -0.16093035
-2.9599595 -0.18063614
-2.9399595 -0.20026968
-2.9199595 -0.21982312
-2.8999596 -0.23928863
-2.8799596 -0.25865844
-2.8599596 -0.27792478
-2.8399596 -0.29707995
-2.8199596 -0.3161163
-2.7999597 -0.3350262
-2.7799597 -0.3538021
-2.7599597 -0.3724365
-2.7399597 -0.39092192
-2.7199597 -0.40925094
-2.6999598 -0.42741632
-2.6799598 -0.4454107
-2.6599598 -0.46322694
-2.6399598 -0.48085788
-2.6199598 -0.49829647
-2.5999599 -0.5155358
-2.5799599 -0.5325689
-2.55996 -0.5493889
-2.53996 -0.5659892
-2.51996 -0.5823632
-2.49996 -0.5985041
-2.47996 -0.61440575
-2.45996 -0.63006157
-2.43996 -0.6454654
-2.41996 -0.66061103
-2.39996 -0.67549247
-2.37996 -0.69010365
-2.35996 -0.7044388
-2.33996 -0.71849257
-2.31996 -0.73225856
-2.2999601 -0.7457318
-2.2799602 -0.75890666
-2.2599602 -0.771778
-2.2399602 -0.7843406
-2.2199602 -0.7965895
-2.1999602 -0.80851984
-2.1799603 -0.8201267
-2.1599603 -0.83140546
-2.1399603 -0.84235185
-2.1199603 -0.8529611
-2.0999603 -0.8632294
-2.0799603 -0.8731523
-2.0599604 -0.882726
-2.0399604 -0.8919465
-2.0199604 -0.9008104
-1.9999604 -0.90931386
-1.9799604 -0.9174537
-1.9599605 -0.9252265
-1.9399605 -0.9326292
-1.9199605 -0.939659
-1.8999605 -0.94631284
-1.8799605 -0.95258826
-1.8599606 -0.95848256
-1.8399606 -0.96399343
-1.8199606 -0.9691188
-1.7999606 -0.9738566
-1.7799606 -0.9782048
-1.7599607 -0.9821617
-1.7399607 -0.98572576
-1.7199607 -0.9888956
-1.6999607 -0.9916699
-1.6799607 -0.99404746
-1.6599607 -0.99602747
-1.6399608 -0.9976091
-1.6199608 -0.9987917
-1.5999608 -0.9995748
-1.5799608 -0.999958
-1.5599608 -0.9999413
-1.5399609 -0.99952465
-1.5199609 -0.9987082
-1.4999609 -0.99749225
-1.4799609 -0.9958773
-1.4599609 -0.993864
-1.439961 -0.9914533
-1.419961 -0.9886459
-1.399961 -0.98544306
-1.379961 -0.98184615
-1.359961 -0.97785646
-1.339961 -0.97347564
-1.3199611 -0.9687054
-1.2999611 -0.96354777
-1.2799611 -0.95800465
-1.2599611 -0.95207846
-1.2399611 -0.94577134
-1.2199612 -0.9390861
-1.1999612 -0.93202496
-1.1799612 -0.9245912
-1.1599612 -0.9167876
-1.1399612 -0.90861726
-1.1199613 -0.90008354
-1.0999613 -0.8911898
-1.0799613 -0.88193953
-1.0599613 -0.8723366
-1.0399613 -0.86238474
-1.0199614 -0.85208786
-0.9999614 -0.84145015
-0.9799614 -0.83047587
-0.9599614 -0.81916946
-0.93996143 -0.8075353
-0.91996145 -0.79557824
-0.8999615 -0.78330296
-0.8799615 -0.7707144
-0.8599615 -0.75781745
-0.8399615 -0.74461746
-0.81996155 -0.7311196
-0.79996157 -0.7173294
-0.7799616 -0.7032518
-0.7599616 -0.6888934
-0.7399616 -0.6742594
-0.71996164 -0.6593557
-0.69996166 -0.6441882
-0.6799617 -0.62876314
-0.6599617 -0.6130865
-0.6399617 -0.59716475
-0.61996174 -0.581004
-0.59996176 -0.5646109
-0.5799618 -0.547992
-0.5599618 -0.53115386
-0.5399618 -0.5141032
-0.51996183 -0.496847
-0.49996182 -0.47939202
-0.4799618 -0.4617453
-0.4599618 -0.44391388
-0.4399618 -0.4259049
-0.41996178 -0.40772557
-0.39996177 -0.38938314
-0.37996176 -0.37088493
-0.35996175 -0.35223845
-0.33996174 -0.33345103
-0.31996173 -0.31453025
-0.29996172 -0.29548365
-0.2799617 -0.27631885
-0.2599617 -0.2570435
-0.2399617 -0.23766541
-0.2199617 -0.21819225
-0.1999617 -0.19863181
-0.17996171 -0.17899191
-0.15996172 -0.15928042
-0.13996172 -0.13950521
-0.11996172 -0.119674206
-0.09996173 -0.099795334
-0.07996173 -0.07987655
-0.059961732 -0.05992581
-0.039961733 -0.039951097
-0.019961733 -0.019960407
3.8266182E-5 3.8266182E-5
0.020038266 0.020036925
0.040038265 0.040027566
0.060038265 0.060002204
0.080038264 0.079952836
0.10003826 0.09987149
0.120038256 0.11975019
0.14003825 0.139581
0.16003825 0.15935597
0.18003824 0.17906721
0.20003824 0.1987068
0.22003824 0.21826693
0.24003823 0.23773976
0.26003823 0.25711748
0.28003824 0.2763924
0.30003825 0.29555675
0.32003826 0.31460288
0.34003827 0.33352318
0.36003828 0.35231006
0.3800383 0.37095603
0.4000383 0.38945362
0.4200383 0.40779546
0.44003832 0.42597413
0.46003833 0.44398248
0.48003834 0.46181318
0.5000383 0.47945917
0.5200383 0.49691337
0.5400383 0.5141688
0.56003827 0.5312185
0.58003825 0.5480559
0.60003823 0.564674
0.6200382 0.5810662
0.6400382 0.597226
0.6600382 0.6131469
0.68003815 0.62882257
0.70003814 0.64424676
0.7200381 0.65941316
0.7400381 0.67431587
0.7600381 0.6889488
0.78003806 0.70330614
0.80003804 0.71738267
0.820038 0.73117185
0.840038 0.7446685
0.860038 0.7578674
0.88003796 0.7707631
0.90003794 0.78335047
0.9200379 0.79562455
0.9400379 0.8075804
0.9600379 0.81921333
0.98003787 0.8305185
1.0000379 0.84149146
1.0200379 0.8521279
1.0400379 0.8624234
1.0600379 0.87237394
1.0800378 0.8819756
1.1000378 0.89122444
1.1200378 0.9001169
1.1400378 0.9086492
1.1600378 0.91681814
1.1800377 0.92462033
1.2000377 0.93205273
1.2200377 0.9391123
1.2400377 0.9457962
1.2600377 0.9521018
1.2800376 0.95802665
1.3000376 0.9635683
1.3200376 0.9687244
1.3400376 0.9734931
1.3600376 0.97787243
1.3800375 0.9818607
1.4000375 0.98545605
1.4200375 0.9886574
1.4400375 0.99146324
1.4600375 0.9938725
1.4800375 0.99588424
1.5000374 0.9974977
1.5200374 0.99871206
1.5400374 0.999527
1.5600374 0.9999421
1.5800374 0.9999573
1.6000373 0.9995725
1.6200373 0.9987879
1.6400373 0.9976038
1.6600373 0.9960207
1.6800373 0.9940392
1.7000372 0.99166
1.7200372 0.98888427
1.7400372 0.9857129
1.7600372 0.98214734
1.7800372 0.9781889
1.8000371 0.9738392
1.8200371 0.96909994
1.8400371 0.9639731
1.8600371 0.9584607
1.8800371 0.95256495
1.900037 0.9462881
1.920037 0.9396328
1.940037 0.93260163
1.960037 0.9251975
1.980037 0.9174233
2.000037 0.909282
2.020037 0.9007771
2.040037 0.891912
2.060037 0.88269
2.0800369 0.873115
2.1000369 0.86319077
2.1200368 0.8529212
2.1400368 0.8423106
2.1600368 0.831363
2.1800368 0.82008284
2.2000368 0.8084748
2.2200367 0.7965433
2.2400367 0.7842931
2.2600367 0.7717293
2.2800367 0.75885683
2.3000367 0.7456808
2.3200366 0.73220646
2.3400366 0.71843934
2.3600366 0.70438445
2.3800366 0.6900482
2.4000366 0.6754361
2.4200366 0.66055363
2.4400365 0.64540696
2.4600365 0.6300022
2.4800365 0.6143453
2.5000365 0.5984428
2.5200365 0.58230096
2.5400364 0.5659261
2.5600364 0.5493249
2.5800364 0.5325041
2.6000364 0.51547027
2.6200364 0.49823013
2.6400363 0.48079076
2.6600363 0.4631591
2.6800363 0.44534218
2.7000363 0.42734712
2.7200363 0.40918115
2.7400362 0.39085147
2.7600362 0.37236544
2.7800362 0.35373056
2.8000362 0.33495408
2.8200362 0.3160437
2.8400362 0.29700688
2.8600361 0.27785128
2.880036 0.2585845
2.900036 0.23921432
2.920036 0.21974847
2.940036 0.2001947
2.960036 0.18056086
2.980036 0.16085482
3.000036 0.14108442
3.020036 0.12125758
3.040036 0.10138225
3.060036 0.08146637
3.080036 0.0615179
3.100036 0.04154483
3.120036 0.021555142
3.1400359 0.0015568291
3.1600358 -0.01844215
3.1800358 -0.038433705
3.2000358 -0.058409892
3.2200358 -0.07836271
3.2400358 -0.09828419
3.2600358 -0.11816636
3.2800357 -0.13800125
3.3000357 -0.15778096
3.3200357 -0.17749755
3.3400357 -0.19714315
3.3600357 -0.2167099
3.3800356 -0.23618995
3.4000356 -0.2555755
3.4200356 -0.2748589
3.4400356 -0.29403234
3.4600356 -0.31308815
3.4800355 -0.33201873
3.5000355 -0.35081652
3.5200355 -0.36947396
3.5400355 -0.38798362
3.5600355 -0.4063381
3.5800354 -0.42453006
3.6000354 -0.4425522
3.6200354 -0.46039736
3.6400354 -0.47805834
3.6600354 -0.49552807
3.6800354 -0.5127996
3.7000353 -0.5298661
3.7200353 -0.54672056
3.7400353 -0.56335634
3.7600353 -0.57976687
3.7800353 -0.5959455
3.8000352 -0.61188567
3.8200352 -0.6275812
3.8400352 -0.6430256
3.8600352 -0.6582128
3.8800352 -0.6731367
3.9000351 -0.68779135
3.9200351 -0.70217097
3.940035 -0.7162701
3.960035 -0.73008233
3.980035 -0.7436026
4.0000353 -0.7568256
4.0200353 -0.76974565
4.0400352 -0.7823578
4.060035 -0.7946571
4.080035 -0.80663854
4.100035 -0.8182973
4.120035 -0.82962877
4.140035 -0.84062845
4.160035 -0.8512919
4.180035 -0.8616148
4.200035 -0.87159294
4.220035 -0.8812226
4.240035 -0.8904998
4.260035 -0.89942074
4.280035 -0.907982
4.300035 -0.9161799
4.320035 -0.9240115
4.340035 -0.9314735
4.360035 -0.93856287
4.380035 -0.9452769
4.400035 -0.9516128
4.420035 -0.95756805
4.440035 -0.96314025
4.460035 -0.96832734
4.480035 -0.973127
4.500035 -0.9775375
4.520035 -0.9815569
4.540035 -0.9851837
4.5600348 -0.98841655
4.5800347 -0.991254
4.6000347 -0.9936949
4.6200347 -0.9957384
4.6400347 -0.99738353
4.6600347 -0.9986298
4.6800346 -0.9994767
4.7000346 -0.9999237
4.7200346 -0.9999708
4.7400346 -0.9996179
4.7600346 -0.9988652
4.7800345 -0.9977129
4.8000345 -0.9961616
4.8200345 -0.9942118
4.8400345 -0.9918644
4.8600345 -0.9891202
4.8800344 -0.98598033
4.9000344 -0.9824462
4.9200344 -0.978519
4.9400344 -0.9742005
4.9600344 -0.96949226
4.9800344 -0.96439624
5.0000343 -0.9589146
5.0200343 -0.95304924
5.0400343 -0.94680274
5.0600343 -0.94017756
5.0800343 -0.9331762
5.100034 -0.92580175
5.120034 -0.9180569
5.140034 -0.90994483
5.160034 -0.90146893
5.180034 -0.8926323
5.200034 -0.8834387
5.220034 -0.8738917
5.240034 -0.8639952
5.260034 -0.85375303
5.280034 -0.84316945
5.300034 -0.83224857
5.320034 -0.82099485
5.340034 -0.8094127
5.360034 -0.7975068
5.380034 -0.7852819
5.400034 -0.7727429
5.420034 -0.7598949
5.440034 -0.7467429
5.460034 -0.7332922
5.480034 -0.7195482
5.500034 -0.7055161
5.520034 -0.6912021
5.540034 -0.67661166
5.560034 -0.6617506
5.580034 -0.64662486
5.6000338 -0.6312404
5.6200337 -0.6156035
5.6400337 -0.5997203
5.6600337 -0.5835973
5.6800337 -0.5672408
5.7000337 -0.5506575
5.7200336 -0.5338539
5.7400336 -0.51683676
5.7600336 -0.49961287
5.7800336 -0.48218915
5.8000336 -0.46457258
5.8200336 -0.44677016
5.8400335 -0.42878905
5.8600335 -0.41063643
5.8800335 -0.39231953
5.9000335 -0.37384576
5.9200335 -0.3552224
5.9400334 -0.33645698
5.9600334 -0.317557
5.9800334 -0.29852998
6.0000334 -0.2793836
6.0200334 -0.2601254
6.0400333 -0.24076319
6.0600333 -0.22130467
6.0800333 -0.20175765
6.1000333 -0.1821299
6.1200333 -0.16242933
6.1400332 -0.14266378
6.160033 -0.12284115
6.180033 -0.1029694
6.200033 -0.08305646
6.220033 -0.0631103
6.240033 -0.043138895
6.260033 -0.023150241
6.280033 -0.0031523216
6.300033 0.016846988
6.320033 0.03683943
6.340033 0.056817133
6.360033 0.07677211
6.380033 0.096696384
6.400033 0.11658197
6.420033 0.13642095
6.440033 0.15620534
6.460033 0.17592727
6.480033 0.1955788
6.500033 0.21515213
6.520033 0.23463938
6.540033 0.25403282
6.560033 0.2733246
6.580033 0.29250708
6.600033 0.31157255
6.620033 0.33051342
6.640033 0.34932205
6.6600327 0.36799097
6.6800327 0.3865127
6.7000327 0.4048798
6.7200327 0.42308503
6.7400327 0.44112095
6.7600327 0.4589805
6.7800326 0.4766564
6.8000326 0.4941417
6.8200326 0.5114293
6.8400326 0.52851236
6.8600326 0.54538405
6.8800325 0.5620375
6.9000325 0.57846624
6.9200325 0.5946636
6.9400325 0.61062306
6.9600325 0.62633824
6.9800324 0.6418029
7.0000324 0.6570109
7.0200324 0.67195606
7.0400324 0.68663245
7.0600324 0.7010342
7.0800323 0.7151559
7.1000323 0.7289912
7.1200323 0.742535
7.1400323 0.75578165
7.1600323 0.7687261
7.1800323 0.78136307
7.200032 0.7936875
7.220032 0.80569446
7.240032 0.8173791
7.260032 0.82873684
7.280032 0.83976316
7.300032 0.85045356
7.320032 0.8608037
7.340032 0.8708096
7.360032 0.8804672
7.380032 0.88977265
7.400032 0.8987221
7.420032 0.90731215
7.440032 0.9155393
7.460032 0.92340016
7.480032 0.93089175
7.500032 0.93801105
7.520032 0.9447551
7.540032 0.9511212
7.560032 0.95710695
7.580032 0.9627098
7.600032 0.96792763
7.620032 0.9727583
7.640032 0.9771999
7.660032 0.9812506
7.680032 0.9849088
7.7000318 0.9881731
7.7200317 0.99104214
7.7400317 0.9935147
7.7600317 0.9955899
7.7800317 0.99726695
7.8000317 0.99854505
7.8200316 0.99942374
7.8400316 0.9999027
7.8600316 0.9999817
7.8800316 0.99966073
7.9000316 0.9989399
7.9200315 0.9978195
7.9400315 0.9963
7.9600315 0.99438196
7.9800315 0.9920662
8.000031 0.98935366
8.020032 0.98624533
8.040032 0.9827425
8.060033 0.97884643
8.080033 0.97455895
8.100034 0.9698816
8.120034 0.96481633
8.140035 0.95936507
8.160035 0.9535301
8.180036 0.9473137
8.200036 0.94071835
8.2200365 0.9337467
8.240037 0.9264016
8.260037 0.9186859
8.280038 0.91060275
8.300038 0.9021553
8.320039 0.89334697
8.340039 0.8841814
8.36004 0.8746621
8.38004 0.8647928
8.400041 0.8545777
8.420041 0.8440208
8.440042 0.8331263
8.460042 0.82189846
8.480042 0.81034195
8.500043 0.79846126
8.520043 0.78626114
8.540044 0.7737465
8.560044 0.7609225
8.580045 0.7477939
8.600045 0.7343664
8.620046 0.720645
8.640046 0.7066351
8.660047 0.6923429
8.680047 0.6777737
8.7000475 0.66293347
8.720048 0.64782804
8.740048 0.6324634
8.760049 0.6168458
8.780049 0.6009815
8.80005 0.58487666
8.82005 0.568538
8.840051 0.5519719
8.860051 0.535185
8.880052 0.518184
8.900052 0.5009758
8.920053 0.4835671
8.940053 0.465965
8.960053 0.44817653
8.980054 0.43020877
9.000054 0.41206896
9.020055 0.39376426
9.040055 0.3753021
9.060056 0.3566898
9.080056 0.33793482
9.100057 0.31904468
9.120057 0.3000269
9.140058 0.2808891
9.160058 0.26163894
9.1800585 0.24228415
9.200059 0.22283244
9.220059 0.2032916
9.24006 0.18366942
9.26006 0.1639738
9.280061 0.14421256
9.300061 0.12439366
9.320062 0.104524985
9.340062 0.08461451
9.360063 0.064670175
9.380063 0.04469998
9.4000635 0.02471191
9.420064 0.004713951
9.440064 -0.015285938
9.460065 -0.035279665
9.480065 -0.055259284
9.500066 -0.07521681
9.520066 -0.095144235
9.540067 -0.115033604
9.560067 -0.13487695
9.580068 -0.15466636
9.600068 -0.1743939
9.620069 -0.19405168
9.640069 -0.21363184
9.660069 -0.23312652
9.68007 -0.25252798
9.70007 -0.2718284
9.720071 -0.29102015
9.740071 -0.31009543
9.760072 -0.3290467
9.780072 -0.3478663
9.800073 -0.3665468
9.820073 -0.38508067
9.840074 -0.4034605
9.860074 -0.42167893
9.8800745 -0.43972874
9.900075 -0.45760262
9.920075 -0.47529343
9.940076 -0.49279413
9.960076 -0.51009774
9.980077 -0.5271973
10.000077 -0.544086
10.020078 -0.5607569
