-1.00000e+01 9.53674e-07
-9.98000e+00 9.53674e-07
-9.96000e+00 9.53674e-07
-9.94000e+00 9.53674e-07
-9.92000e+00 9.53674e-07
-9.90000e+00 9.53674e-07
-9.88000e+00 9.53674e-07
-9.86000e+00 9.53674e-07
-9.84000e+00 9.53674e-07
-9.82000e+00 9.53674e-07
-9.80000e+00 9.53674e-07
-9.77999e+00 9.53674e-07
-9.75999e+00 9.53674e-07
-9.73999e+00 9.53674e-07
-9.71999e+00 9.53674e-07
-9.69999e+00 9.53674e-07
-9.67999e+00 9.53674e-07
-9.65999e+00 9.53674e-07
-9.63999e+00 9.53674e-07
-9.61999e+00 9.53674e-07
-9.59999e+00 9.53674e-07
-9.57999e+00 9.53674e-07
-9.55999e+00 9.53674e-07
-9.53999e+00 9.53674e-07
-9.51999e+00 9.53674e-07
-9.49999e+00 9.53674e-07
-9.47999e+00 9.53674e-07
-9.45999e+00 9.53674e-07
-9.43999e+00 9.53674e-07
-9.41999e+00 9.53674e-07
-9.39999e+00 9.53674e-07
-9.37999e+00 9.53674e-07
-9.35999e+00 9.53674e-07
-9.33998e+00 9.53674e-07
-9.31998e+00 9.53674e-07
-9.29998e+00 9.53674e-07
-9.27998e+00 9.53674e-07
-9.25998e+00 9.53674e-07
-9.23998e+00 9.53674e-07
-9.21998e+00 9.53674e-07
-9.19998e+00 9.53674e-07
-9.17998e+00 9.53674e-07
-9.15998e+00 9.53674e-07
-9.13998e+00 9.53674e-07
-9.11998e+00 9.53674e-07
-9.09998e+00 9.53674e-07
-9.07998e+00 9.53674e-07
-9.05998e+00 9.53674e-07
-9.03998e+00 9.53674e-07
-9.01998e+00 9.53674e-07
-8.99998e+00 9.53674e-07
-8.97998e+00 9.53674e-07
-8.95998e+00 9.53674e-07
-8.93998e+00 9.53674e-07
-8.91998e+00 9.53674e-07
-8.89997e+00 9.53674e-07
-8.87997e+00 9.53674e-07
-8.85997e+00 9.53674e-07
-8.83997e+00 9.53674e-07
-8.81997e+00 9.53674e-07
-8.79997e+00 9.53674e-07
-8.77997e+00 9.53674e-07
-8.75997e+00 9.53674e-07
-8.73997e+00 9.53674e-07
-8.71997e+00 9.53674e-07
-8.69997e+00 9.53674e-07
-8.67997e+00 9.53674e-07
-8.65997e+00 9.53674e-07
-8.63997e+00 9.53674e-07
-8.61997e+00 9.53674e-07
-8.59997e+00 9.53674e-07
-8.57997e+00 9.53674e-07
-8.55997e+00 9.53674e-07
-8.53997e+00 9.53674e-07
-8.51997e+00 9.53674e-07
-8.49997e+00 9.53674e-07
-8.47997e+00 9.53674e-07
-8.45996e+00 9.53674e-07
-8.43996e+00 9.53674e-07
-8.41996e+00 9.53674e-07
-8.39996e+00 9.53674e-07
-8.37996e+00 9.53674e-07
-8.35996e+00 9.53674e-07
-8.33996e+00 9.53674e-07
-8.31996e+00 9.53674e-07
-8.29996e+00 9.53674e-07
-8.27996e+00 9.53674e-07
-8.25996e+00 9.53674e-07
-8.23996e+00 9.53674e-07
-8.21996e+00 9.53674e-07
-8.19996e+00 9.53674e-07
-8.17996e+00 9.53674e-07
-8.15996e+00 9.53674e-07
-8.13996e+00 9.53674e-07
-8.11996e+00 9.53674e-07
-8.09996e+00 9.53674e-07
-8.07996e+00 9.53674e-07
-8.05996e+00 9.53674e-07
-8.03996e+00 9.53674e-07
-8.01995e+00 9.53674e-07
-7.99995e+00 4.76837e-07
-7.97995e+00 4.76837e-07
-7.95995e+00 4.76837e-07
-7.93995e+00 4.76837e-07
-7.91995e+00 4.76837e-07
-7.89995e+00 4.76837e-07
-7.87995e+00 4.76837e-07
-7.85995e+00 4.76837e-07
-7.83995e+00 4.76837e-07
-7.81995e+00 4.76837e-07
-7.79995e+00 4.76837e-07
-7.77995e+00 4.76837e-07
-7.75995e+00 4.76837e-07
-7.73995e+00 4.76837e-07
-7.71995e+00 4.76837e-07
-7.69995e+00 4.76837e-07
-7.67996e+00 4.76837e-07
-7.65996e+00 4.76837e-07
-7.63996e+00 4.76837e-07
-7.61996e+00 4.76837e-07
-7.59996e+00 4.76837e-07
-7.57996e+00 4.76837e-07
-7.55996e+00 4.76837e-07
-7.53996e+00 4.76837e-07
-7.51996e+00 4.76837e-07
-7.49996e+00 4.76837e-07
-7.47996e+00 4.76837e-07
-7.45996e+00 4.76837e-07
-7.43996e+00 4.76837e-07
-7.41996e+00 4.76837e-07
-7.39996e+00 4.76837e-07
-7.37996e+00 4.76837e-07
-7.35996e+00 4.76837e-07
-7.33996e+00 4.76837e-07
-7.31996e+00 4.76837e-07
-7.29996e+00 4.76837e-07
-7.27996e+00 4.76837e-07
-7.25996e+00 4.76837e-07
-7.23996e+00 4.76837e-07
-7.21996e+00 4.76837e-07
-7.19996e+00 4.76837e-07
-7.17996e+00 4.76837e-07
-7.15996e+00 4.76837e-07
-7.13996e+00 4.76837e-07
-7.11996e+00 4.76837e-07
-7.09996e+00 4.76837e-07
-7.07996e+00 4.76837e-07
-7.05996e+00 4.76837e-07
-7.03996e+00 4.76837e-07
-7.01996e+00 4.76837e-07
-6.99996e+00 4.76837e-07
-6.97996e+00 4.76837e-07
-6.95996e+00 4.76837e-07
-6.93996e+00 4.76837e-07
-6.91996e+00 4.76837e-07
-6.89996e+00 4.76837e-07
-6.87996e+00 4.76837e-07
-6.85996e+00 4.76837e-07
-6.83996e+00 4.76837e-07
-6.81996e+00 4.76837e-07
-6.79996e+00 4.76837e-07
-6.77996e+00 4.76837e-07
-6.75996e+00 4.76837e-07
-6.73996e+00 4.76837e-07
-6.71996e+00 4.76837e-07
-6.69996e+00 4.76837e-07
-6.67996e+00 4.76837e-07
-6.65996e+00 4.76837e-07
-6.63996e+00 4.76837e-07
-6.61996e+00 4.76837e-07
-6.59996e+00 4.76837e-07
-6.57996e+00 4.76837e-07
-6.55996e+00 4.76837e-07
-6.53996e+00 4.76837e-07
-6.51996e+00 4.76837e-07
-6.49996e+00 4.76837e-07
-6.47996e+00 4.76837e-07
-6.45996e+00 4.76837e-07
-6.43996e+00 4.76837e-07
-6.41996e+00 4.76837e-07
-6.39996e+00 4.76837e-07
-6.37996e+00 4.76837e-07
-6.35996e+00 4.76837e-07
-6.33996e+00 4.76837e-07
-6.31996e+00 4.76837e-07
-6.29996e+00 4.76837e-07
-6.27996e+00 4.76837e-07
-6.25996e+00 4.76837e-07
-6.23996e+00 4.76837e-07
-6.21996e+00 4.76837e-07
-6.19996e+00 4.76837e-07
-6.17996e+00 4.76837e-07
-6.15996e+00 4.76837e-07
-6.13996e+00 4.76837e-07
-6.11996e+00 4.76837e-07
-6.09996e+00 4.76837e-07
-6.07996e+00 4.76837e-07
-6.05996e+00 4.76837e-07
-6.03996e+00 4.76837e-07
-6.01996e+00 4.76837e-07
-5.99996e+00 4.76837e-07
-5.97996e+00 4.76837e-07
-5.95996e+00 4.76837e-07
-5.93996e+00 4.76837e-07
-5.91996e+00 4.76837e-07
-5.89996e+00 4.76837e-07
-5.87996e+00 4.76837e-07
-5.85996e+00 4.76837e-07
-5.83996e+00 4.76837e-07
-5.81996e+00 4.76837e-07
-5.79996e+00 4.76837e-07
-5.77996e+00 4.76837e-07
-5.75996e+00 4.76837e-07
-5.73996e+00 4.76837e-07
-5.71996e+00 4.76837e-07
-5.69996e+00 4.76837e-07
-5.67996e+00 4.76837e-07
-5.65996e+00 4.76837e-07
-5.63996e+00 4.76837e-07
-5.61996e+00 4.76837e-07
-5.59996e+00 4.76837e-07
-5.57996e+00 4.76837e-07
-5.55996e+00 4.76837e-07
-5.53996e+00 4.76837e-07
-5.51996e+00 4.76837e-07
-5.49996e+00 4.76837e-07
-5.47996e+00 4.76837e-07
-5.45996e+00 4.76837e-07
-5.43996e+00 4.76837e-07
-5.41996e+00 4.76837e-07
-5.39996e+00 4.76837e-07
-5.37996e+00 4.76837e-07
-5.35996e+00 4.76837e-07
-5.33996e+00 4.76837e-07
-5.31996e+00 4.76837e-07
-5.29996e+00 4.76837e-07
-5.27996e+00 4.76837e-07
-5.25996e+00 4.76837e-07
-5.23996e+00 4.76837e-07
-5.21996e+00 4.76837e-07
-5.19996e+00 4.76837e-07
-5.17996e+00 4.76837e-07
-5.15996e+00 4.76837e-07
-5.13996e+00 4.76837e-07
-5.11996e+00 4.76837e-07
-5.09996e+00 4.76837e-07
-5.07996e+00 4.76837e-07
-5.05996e+00 4.76837e-07
-5.03996e+00 4.76837e-07
-5.01996e+00 4.76837e-07
-4.99996e+00 4.76837e-07
-4.97996e+00 4.76837e-07
-4.95996e+00 4.76837e-07
-4.93996e+00 4.76837e-07
-4.91996e+00 4.76837e-07
-4.89996e+00 4.76837e-07
-4.87996e+00 4.76837e-07
-4.85996e+00 4.76837e-07
-4.83996e+00 4.76837e-07
-4.81996e+00 4.76837e-07
-4.79996e+00 4.76837e-07
-4.77996e+00 4.76837e-07
-4.75996e+00 4.76837e-07
-4.73996e+00 4.76837e-07
-4.71996e+00 4.76837e-07
-4.69996e+00 4.76837e-07
-4.67996e+00 4.76837e-07
-4.65996e+00 4.76837e-07
-4.63996e+00 4.76837e-07
-4.61996e+00 4.76837e-07
-4.59996e+00 4.76837e-07
-4.57996e+00 4.76837e-07
-4.55996e+00 4.76837e-07
-4.53996e+00 4.76837e-07
-4.51996e+00 4.76837e-07
-4.49996e+00 4.76837e-07
-4.47996e+00 4.76837e-07
-4.45996e+00 4.76837e-07
-4.43996e+00 4.76837e-07
-4.41996e+00 4.76837e-07
-4.39996e+00 4.76837e-07
-4.37996e+00 4.76837e-07
-4.35996e+00 4.76837e-07
-4.33996e+00 4.76837e-07
-4.31996e+00 4.76837e-07
-4.29996e+00 4.76837e-07
-4.27996e+00 4.76837e-07
-4.25996e+00 4.76837e-07
-4.23996e+00 4.76837e-07
-4.21996e+00 4.76837e-07
-4.19996e+00 4.76837e-07
-4.17996e+00 4.76837e-07
-4.15996e+00 4.76837e-07
-4.13996e+00 4.76837e-07
-4.11996e+00 4.76837e-07
-4.09996e+00 4.76837e-07
-4.07996e+00 4.76837e-07
-4.05996e+00 4.76837e-07
-4.03996e+00 4.76837e-07
-4.01996e+00 4.76837e-07
-3.99996e+00 2.38419e-07
-3.97996e+00 2.38419e-07
-3.95996e+00 2.38419e-07
-3.93996e+00 2.38419e-07
-3.91996e+00 2.38419e-07
-3.89996e+00 2.38419e-07
-3.87996e+00 2.38419e-07
-3.85996e+00 2.38419e-07
-3.83996e+00 2.38419e-07
-3.81996e+00 2.38419e-07
-3.79996e+00 2.38419e-07
-3.77996e+00 2.38419e-07
-3.75996e+00 2.38419e-07
-3.73996e+00 2.38419e-07
-3.71996e+00 2.38419e-07
-3.69996e+00 2.38419e-07
-3.67996e+00 2.38419e-07
-3.65996e+00 2.38419e-07
-3.63996e+00 2.38419e-07
-3.61996e+00 2.38419e-07
-3.59996e+00 2.38419e-07
-3.57996e+00 2.38419e-07
-3.55996e+00 2.38419e-07
-3.53996e+00 2.38419e-07
-3.51996e+00 2.38419e-07
-3.49996e+00 2.38419e-07
-3.47996e+00 2.38419e-07
-3.45996e+00 2.38419e-07
-3.43996e+00 2.38419e-07
-3.41996e+00 2.38419e-07
-3.39996e+00 2.38419e-07
-3.37996e+00 2.38419e-07
-3.35996e+00 2.38419e-07
-3.33996e+00 2.38419e-07
-3.31996e+00 2.38419e-07
-3.29996e+00 2.38419e-07
-3.27996e+00 2.38419e-07
-3.25996e+00 2.38419e-07
-3.23996e+00 2.38419e-07
-3.21996e+00 2.38419e-07
-3.19996e+00 2.38419e-07
-3.17996e+00 2.38419e-07
-3.15996e+00 2.38419e-07
-3.13996e+00 2.38419e-07
-3.11996e+00 2.38419e-07
-3.09996e+00 2.38419e-07
-3.07996e+00 2.38419e-07
-3.05996e+00 2.38419e-07
-3.03996e+00 2.38419e-07
-3.01996e+00 2.38419e-07
-2.99996e+00 2.38419e-07
-2.97996e+00 2.38419e-07
-2.95996e+00 2.38419e-07
-2.93996e+00 2.38419e-07
-2.91996e+00 2.38419e-07
-2.89996e+00 2.38419e-07
-2.87996e+00 2.38419e-07
-2.85996e+00 2.38419e-07
-2.83996e+00 2.38419e-07
-2.81996e+00 2.38419e-07
-2.79996e+00 2.38419e-07
-2.77996e+00 2.38419e-07
-2.75996e+00 2.38419e-07
-2.73996e+00 2.38419e-07
-2.71996e+00 2.38419e-07
-2.69996e+00 2.38419e-07
-2.67996e+00 2.38419e-07
-2.65996e+00 2.38419e-07
-2.63996e+00 2.38419e-07
-2.61996e+00 2.38419e-07
-2.59996e+00 2.38419e-07
-2.57996e+00 2.38419e-07
-2.55996e+00 2.38419e-07
-2.53996e+00 2.38419e-07
-2.51996e+00 2.38419e-07
-2.49996e+00 2.38419e-07
-2.47996e+00 2.38419e-07
-2.45996e+00 2.38419e-07
-2.43996e+00 2.38419e-07
-2.41996e+00 2.38419e-07
-2.39996e+00 2.38419e-07
-2.37996e+00 2.38419e-07
-2.35996e+00 2.38419e-07
-2.33996e+00 2.38419e-07
-2.31996e+00 2.38419e-07
-2.29996e+00 2.38419e-07
-2.27996e+00 2.38419e-07
-2.25996e+00 2.38419e-07
-2.23996e+00 2.38419e-07
-2.21996e+00 2.38419e-07
-2.19996e+00 2.38419e-07
-2.17996e+00 2.38419e-07
-2.15996e+00 2.38419e-07
-2.13996e+00 2.38419e-07
-2.11996e+00 2.38419e-07
-2.09996e+00 2.38419e-07
-2.07996e+00 2.38419e-07
-2.05996e+00 2.38419e-07
-2.03996e+00 2.38419e-07
-2.01996e+00 2.38419e-07
-1.99996e+00 1.19209e-07
-1.97996e+00 1.19209e-07
-1.95996e+00 1.19209e-07
-1.93996e+00 1.19209e-07
-1.91996e+00 1.19209e-07
-1.89996e+00 1.19209e-07
-1.87996e+00 1.19209e-07
-1.85996e+00 1.19209e-07
-1.83996e+00 1.19209e-07
-1.81996e+00 1.19209e-07
-1.79996e+00 1.19209e-07
-1.77996e+00 1.19209e-07
-1.75996e+00 1.19209e-07
-1.73996e+00 1.19209e-07
-1.71996e+00 1.19209e-07
-1.69996e+00 1.19209e-07
-1.67996e+00 1.19209e-07
-1.65996e+00 1.19209e-07
-1.63996e+00 1.19209e-07
-1.61996e+00 1.19209e-07
-1.59996e+00 1.19209e-07
-1.57996e+00 1.19209e-07
-1.55996e+00 1.19209e-07
-1.53996e+00 1.19209e-07
-1.51996e+00 1.19209e-07
-1.49996e+00 1.19209e-07
-1.47996e+00 1.19209e-07
-1.45996e+00 1.19209e-07
-1.43996e+00 1.19209e-07
-1.41996e+00 1.19209e-07
-1.39996e+00 1.19209e-07
-1.37996e+00 1.19209e-07
-1.35996e+00 1.19209e-07
-1.33996e+00 1.19209e-07
-1.31996e+00 1.19209e-07
-1.29996e+00 1.19209e-07
-1.27996e+00 1.19209e-07
-1.25996e+00 1.19209e-07
-1.23996e+00 1.19209e-07
-1.21996e+00 1.19209e-07
-1.19996e+00 1.19209e-07
-1.17996e+00 1.19209e-07
-1.15996e+00 1.19209e-07
-1.13996e+00 1.19209e-07
-1.11996e+00 1.19209e-07
-1.09996e+00 1.19209e-07
-1.07996e+00 1.19209e-07
-1.05996e+00 1.19209e-07
-1.03996e+00 1.19209e-07
-1.01996e+00 1.19209e-07
-9.99961e-01 5.96046e-08
-9.79961e-01 5.96046e-08
-9.59961e-01 5.96046e-08
-9.39961e-01 5.96046e-08
-9.19961e-01 5.96046e-08
-8.99961e-01 5.96046e-08
-8.79961e-01 5.96046e-08
-8.59962e-01 5.96046e-08
-8.39962e-01 5.96046e-08
-8.19962e-01 5.96046e-08
-7.99962e-01 5.96046e-08
-7.79962e-01 5.96046e-08
-7.59962e-01 5.96046e-08
-7.39962e-01 5.96046e-08
-7.19962e-01 5.96046e-08
-6.99962e-01 5.96046e-08
-6.79962e-01 5.96046e-08
-6.59962e-01 5.96046e-08
-6.39962e-01 5.96046e-08
-6.19962e-01 5.96046e-08
-5.99962e-01 5.96046e-08
-5.79962e-01 5.96046e-08
-5.59962e-01 5.96046e-08
-5.39962e-01 5.96046e-08
-5.19962e-01 5.96046e-08
-4.99962e-01 2.98023e-08
-4.79962e-01 2.98023e-08
-4.59962e-01 2.98023e-08
-4.39962e-01 2.98023e-08
-4.19962e-01 2.98023e-08
-3.99962e-01 2.98023e-08
-3.79962e-01 2.98023e-08
-3.59962e-01 2.98023e-08
-3.39962e-01 2.98023e-08
-3.19962e-01 2.98023e-08
-2.99962e-01 2.98023e-08
-2.79962e-01 2.98023e-08
-2.59962e-01 2.98023e-08
-2.39962e-01 1.49012e-08
-2.19962e-01 1.49012e-08
-1.99962e-01 1.49012e-08
-1.79962e-01 1.49012e-08
-1.59962e-01 1.49012e-08
-1.39962e-01 1.49012e-08
-1.19962e-01 7.45058e-09
-9.99617e-02 7.45058e-09
-7.99617e-02 7.45058e-09
-5.99617e-02 3.72529e-09
-3.99617e-02 3.72529e-09
-1.99617e-02 1.86265e-09
3.82662e-05 3.63798e-12
2.00383e-02 1.86265e-09
4.00383e-02 3.72529e-09
6.00383e-02 3.72529e-09
8.00383e-02 7.45058e-09
1.00038e-01 7.45058e-09
1.20038e-01 7.45058e-09
1.40038e-01 1.49012e-08
1.60038e-01 1.49012e-08
1.80038e-01 1.49012e-08
2.00038e-01 1.49012e-08
2.20038e-01 1.49012e-08
2.40038e-01 1.49012e-08
2.60038e-01 2.98023e-08
2.80038e-01 2.98023e-08
3.00038e-01 2.98023e-08
3.20038e-01 2.98023e-08
3.40038e-01 2.98023e-08
3.60038e-01 2.98023e-08
3.80038e-01 2.98023e-08
4.00038e-01 2.98023e-08
4.20038e-01 2.98023e-08
4.40038e-01 2.98023e-08
4.60038e-01 2.98023e-08
4.80038e-01 2.98023e-08
5.00038e-01 5.96046e-08
5.20038e-01 5.96046e-08
5.40038e-01 5.96046e-08
5.60038e-01 5.96046e-08
5.80038e-01 5.96046e-08
6.00038e-01 5.96046e-08
6.20038e-01 5.96046e-08
6.40038e-01 5.96046e-08
6.60038e-01 5.96046e-08
6.80038e-01 5.96046e-08
7.00038e-01 5.96046e-08
7.20038e-01 5.96046e-08
7.40038e-01 5.96046e-08
7.60038e-01 5.96046e-08
7.80038e-01 5.96046e-08
8.00038e-01 5.96046e-08
8.20038e-01 5.96046e-08
8.40038e-01 5.96046e-08
8.60038e-01 5.96046e-08
8.80038e-01 5.96046e-08
9.00038e-01 5.96046e-08
9.20038e-01 5.96046e-08
9.40038e-01 5.96046e-08
9.60038e-01 5.96046e-08
9.80038e-01 5.96046e-08
1.00004e+00 1.19209e-07
1.02004e+00 1.19209e-07
1.04004e+00 1.19209e-07
1.06004e+00 1.19209e-07
1.08004e+00 1.19209e-07
1.10004e+00 1.19209e-07
1.12004e+00 1.19209e-07
1.14004e+00 1.19209e-07
1.16004e+00 1.19209e-07
1.18004e+00 1.19209e-07
1.20004e+00 1.19209e-07
1.22004e+00 1.19209e-07
1.24004e+00 1.19209e-07
1.26004e+00 1.19209e-07
1.28004e+00 1.19209e-07
1.30004e+00 1.19209e-07
1.32004e+00 1.19209e-07
1.34004e+00 1.19209e-07
1.36004e+00 1.19209e-07
1.38004e+00 1.19209e-07
1.40004e+00 1.19209e-07
1.42004e+00 1.19209e-07
1.44004e+00 1.19209e-07
1.46004e+00 1.19209e-07
1.48004e+00 1.19209e-07
1.50004e+00 1.19209e-07
1.52004e+00 1.19209e-07
1.54004e+00 1.19209e-07
1.56004e+00 1.19209e-07
1.58004e+00 1.19209e-07
1.60004e+00 1.19209e-07
1.62004e+00 1.19209e-07
1.64004e+00 1.19209e-07
1.66004e+00 1.19209e-07
1.68004e+00 1.19209e-07
1.70004e+00 1.19209e-07
1.72004e+00 1.19209e-07
1.74004e+00 1.19209e-07
1.76004e+00 1.19209e-07
1.78004e+00 1.19209e-07
1.80004e+00 1.19209e-07
1.82004e+00 1.19209e-07
1.84004e+00 1.19209e-07
1.86004e+00 1.19209e-07
1.88004e+00 1.19209e-07
1.90004e+00 1.19209e-07
1.92004e+00 1.19209e-07
1.94004e+00 1.19209e-07
1.96004e+00 1.19209e-07
1.98004e+00 1.19209e-07
2.00004e+00 2.38419e-07
2.02004e+00 2.38419e-07
2.04004e+00 2.38419e-07
2.06004e+00 2.38419e-07
2.08004e+00 2.38419e-07
2.10004e+00 2.38419e-07
2.12004e+00 2.38419e-07
2.14004e+00 2.38419e-07
2.16004e+00 2.38419e-07
2.18004e+00 2.38419e-07
2.20004e+00 2.38419e-07
2.22004e+00 2.38419e-07
2.24004e+00 2.38419e-07
2.26004e+00 2.38419e-07
2.28004e+00 2.38419e-07
2.30004e+00 2.38419e-07
2.32004e+00 2.38419e-07
2.34004e+00 2.38419e-07
2.36004e+00 2.38419e-07
2.38004e+00 2.38419e-07
2.40004e+00 2.38419e-07
2.42004e+00 2.38419e-07
2.44004e+00 2.38419e-07
2.46004e+00 2.38419e-07
2.48004e+00 2.38419e-07
2.50004e+00 2.38419e-07
2.52004e+00 2.38419e-07
2.54004e+00 2.38419e-07
2.56004e+00 2.38419e-07
2.58004e+00 2.38419e-07
2.60004e+00 2.38419e-07
2.62004e+00 2.38419e-07
2.64004e+00 2.38419e-07
2.66004e+00 2.38419e-07
2.68004e+00 2.38419e-07
2.70004e+00 2.38419e-07
2.72004e+00 2.38419e-07
2.74004e+00 2.38419e-07
2.76004e+00 2.38419e-07
2.78004e+00 2.38419e-07
2.80004e+00 2.38419e-07
2.82004e+00 2.38419e-07
2.84004e+00 2.38419e-07
2.86004e+00 2.38419e-07
2.88004e+00 2.38419e-07
2.90004e+00 2.38419e-07
2.92004e+00 2.38419e-07
2.94004e+00 2.38419e-07
2.96004e+00 2.38419e-07
2.98004e+00 2.38419e-07
3.00004e+00 2.38419e-07
3.02004e+00 2.38419e-07
3.04004e+00 2.38419e-07
3.06004e+00 2.38419e-07
3.08004e+00 2.38419e-07
3.10004e+00 2.38419e-07
3.12004e+00 2.38419e-07
3.14004e+00 2.38419e-07
3.16004e+00 2.38419e-07
3.18004e+00 2.38419e-07
3.20004e+00 2.38419e-07
3.22004e+00 2.38419e-07
3.24004e+00 2.38419e-07
3.26004e+00 2.38419e-07
3.28004e+00 2.38419e-07
3.30004e+00 2.38419e-07
3.32004e+00 2.38419e-07
3.34004e+00 2.38419e-07
3.36004e+00 2.38419e-07
3.38004e+00 2.38419e-07
3.40004e+00 2.38419e-07
3.42004e+00 2.38419e-07
3.44004e+00 2.38419e-07
3.46004e+00 2.38419e-07
3.48004e+00 2.38419e-07
3.50004e+00 2.38419e-07
3.52004e+00 2.38419e-07
3.54004e+00 2.38419e-07
3.56004e+00 2.38419e-07
3.58004e+00 2.38419e-07
3.60004e+00 2.38419e-07
3.62004e+00 2.38419e-07
3.64004e+00 2.38419e-07
3.66004e+00 2.38419e-07
3.68004e+00 2.38419e-07
3.70004e+00 2.38419e-07
3.72004e+00 2.38419e-07
3.74004e+00 2.38419e-07
3.76004e+00 2.38419e-07
3.78004e+00 2.38419e-07
3.80004e+00 2.38419e-07
3.82004e+00 2.38419e-07
3.84004e+00 2.38419e-07
3.86004e+00 2.38419e-07
3.88004e+00 2.38419e-07
3.90004e+00 2.38419e-07
3.92004e+00 2.38419e-07
3.94004e+00 2.38419e-07
3.96004e+00 2.38419e-07
3.98004e+00 2.38419e-07
4.00004e+00 4.76837e-07
4.02004e+00 4.76837e-07
4.04004e+00 4.76837e-07
4.06004e+00 4.76837e-07
4.08004e+00 4.76837e-07
4.10004e+00 4.76837e-07
4.12004e+00 4.76837e-07
4.14004e+00 4.76837e-07
4.16004e+00 4.76837e-07
4.18004e+00 4.76837e-07
4.20004e+00 4.76837e-07
4.22004e+00 4.76837e-07
4.24004e+00 4.76837e-07
4.26004e+00 4.76837e-07
4.28004e+00 4.76837e-07
4.30003e+00 4.76837e-07
4.32003e+00 4.76837e-07
4.34003e+00 4.76837e-07
4.36003e+00 4.76837e-07
4.38003e+00 4.76837e-07
4.40003e+00 4.76837e-07
4.42003e+00 4.76837e-07
4.44003e+00 4.76837e-07
4.46003e+00 4.76837e-07
4.48003e+00 4.76837e-07
4.50003e+00 4.76837e-07
4.52003e+00 4.76837e-07
4.54003e+00 4.76837e-07
4.56003e+00 4.76837e-07
4.58003e+00 4.76837e-07
4.60003e+00 4.76837e-07
4.62003e+00 4.76837e-07
4.64003e+00 4.76837e-07
4.66003e+00 4.76837e-07
4.68003e+00 4.76837e-07
4.70003e+00 4.76837e-07
4.72003e+00 4.76837e-07
4.74003e+00 4.76837e-07
4.76003e+00 4.76837e-07
4.78003e+00 4.76837e-07
4.80003e+00 4.76837e-07
4.82003e+00 4.76837e-07
4.84003e+00 4.76837e-07
4.86003e+00 4.76837e-07
4.88003e+00 4.76837e-07
4.90003e+00 4.76837e-07
4.92003e+00 4.76837e-07
4.94003e+00 4.76837e-07
4.96003e+00 4.76837e-07
4.98003e+00 4.76837e-07
5.00003e+00 4.76837e-07
5.02003e+00 4.76837e-07
5.04003e+00 4.76837e-07
5.06003e+00 4.76837e-07
5.08003e+00 4.76837e-07
5.10003e+00 4.76837e-07
5.12003e+00 4.76837e-07
5.14003e+00 4.76837e-07
5.16003e+00 4.76837e-07
5.18003e+00 4.76837e-07
5.20003e+00 4.76837e-07
5.22003e+00 4.76837e-07
5.24003e+00 4.76837e-07
5.26003e+00 4.76837e-07
5.28003e+00 4.76837e-07
5.30003e+00 4.76837e-07
5.32003e+00 4.76837e-07
5.34003e+00 4.76837e-07
5.36003e+00 4.76837e-07
5.38003e+00 4.76837e-07
5.40003e+00 4.76837e-07
5.42003e+00 4.76837e-07
5.44003e+00 4.76837e-07
5.46003e+00 4.76837e-07
5.48003e+00 4.76837e-07
5.50003e+00 4.76837e-07
5.52003e+00 4.76837e-07
5.54003e+00 4.76837e-07
5.56003e+00 4.76837e-07
5.58003e+00 4.76837e-07
5.60003e+00 4.76837e-07
5.62003e+00 4.76837e-07
5.64003e+00 4.76837e-07
5.66003e+00 4.76837e-07
5.68003e+00 4.76837e-07
5.70003e+00 4.76837e-07
5.72003e+00 4.76837e-07
5.74003e+00 4.76837e-07
5.76003e+00 4.76837e-07
5.78003e+00 4.76837e-07
5.80003e+00 4.76837e-07
5.82003e+00 4.76837e-07
5.84003e+00 4.76837e-07
5.86003e+00 4.76837e-07
5.88003e+00 4.76837e-07
5.90003e+00 4.76837e-07
5.92003e+00 4.76837e-07
5.94003e+00 4.76837e-07
5.96003e+00 4.76837e-07
5.98003e+00 4.76837e-07
6.00003e+00 4.76837e-07
6.02003e+00 4.76837e-07
6.04003e+00 4.76837e-07
6.06003e+00 4.76837e-07
6.08003e+00 4.76837e-07
6.10003e+00 4.76837e-07
6.12003e+00 4.76837e-07
6.14003e+00 4.76837e-07
6.16003e+00 4.76837e-07
6.18003e+00 4.76837e-07
6.20003e+00 4.76837e-07
6.22003e+00 4.76837e-07
6.24003e+00 4.76837e-07
6.26003e+00 4.76837e-07
6.28003e+00 4.76837e-07
6.30003e+00 4.76837e-07
6.32003e+00 4.76837e-07
6.34003e+00 4.76837e-07
6.36003e+00 4.76837e-07
6.38003e+00 4.76837e-07
6.40003e+00 4.76837e-07
6.42003e+00 4.76837e-07
6.44003e+00 4.76837e-07
6.46003e+00 4.76837e-07
6.48003e+00 4.76837e-07
6.50003e+00 4.76837e-07
6.52003e+00 4.76837e-07
6.54003e+00 4.76837e-07
6.56003e+00 4.76837e-07
6.58003e+00 4.76837e-07
6.60003e+00 4.76837e-07
6.62003e+00 4.76837e-07
6.64003e+00 4.76837e-07
6.66003e+00 4.76837e-07
6.68003e+00 4.76837e-07
6.70003e+00 4.76837e-07
6.72003e+00 4.76837e-07
6.74003e+00 4.76837e-07
6.76003e+00 4.76837e-07
6.78003e+00 4.76837e-07
6.80003e+00 4.76837e-07
6.82003e+00 4.76837e-07
6.84003e+00 4.76837e-07
6.86003e+00 4.76837e-07
6.88003e+00 4.76837e-07
6.90003e+00 4.76837e-07
6.92003e+00 4.76837e-07
6.94003e+00 4.76837e-07
6.96003e+00 4.76837e-07
6.98003e+00 4.76837e-07
7.00003e+00 4.76837e-07
7.02003e+00 4.76837e-07
7.04003e+00 4.76837e-07
7.06003e+00 4.76837e-07
7.08003e+00 4.76837e-07
7.10003e+00 4.76837e-07
7.12003e+00 4.76837e-07
7.14003e+00 4.76837e-07
7.16003e+00 4.76837e-07
7.18003e+00 4.76837e-07
7.20003e+00 4.76837e-07
7.22003e+00 4.76837e-07
7.24003e+00 4.76837e-07
7.26003e+00 4.76837e-07
7.28003e+00 4.76837e-07
7.30003e+00 4.76837e-07
7.32003e+00 4.76837e-07
7.34003e+00 4.76837e-07
7.36003e+00 4.76837e-07
7.38003e+00 4.76837e-07
7.40003e+00 4.76837e-07
7.42003e+00 4.76837e-07
7.44003e+00 4.76837e-07
7.46003e+00 4.76837e-07
7.48003e+00 4.76837e-07
7.50003e+00 4.76837e-07
7.52003e+00 4.76837e-07
7.54003e+00 4.76837e-07
7.56003e+00 4.76837e-07
7.58003e+00 4.76837e-07
7.60003e+00 4.76837e-07
7.62003e+00 4.76837e-07
7.64003e+00 4.76837e-07
7.66003e+00 4.76837e-07
7.68003e+00 4.76837e-07
7.70003e+00 4.76837e-07
7.72003e+00 4.76837e-07
7.74003e+00 4.76837e-07
7.76003e+00 4.76837e-07
7.78003e+00 4.76837e-07
7.80003e+00 4.76837e-07
7.82003e+00 4.76837e-07
7.84003e+00 4.76837e-07
7.86003e+00 4.76837e-07
7.88003e+00 4.76837e-07
7.90003e+00 4.76837e-07
7.92003e+00 4.76837e-07
7.94003e+00 4.76837e-07
7.96003e+00 4.76837e-07
7.98003e+00 4.76837e-07
8.00003e+00 9.53674e-07
8.02003e+00 9.53674e-07
8.04003e+00 9.53674e-07
8.06003e+00 9.53674e-07
8.08003e+00 9.53674e-07
8.10003e+00 9.53674e-07
8.12003e+00 9.53674e-07
8.14003e+00 9.53674e-07
8.16004e+00 9.53674e-07
8.18004e+00 9.53674e-07
8.20004e+00 9.53674e-07
8.22004e+00 9.53674e-07
8.24004e+00 9.53674e-07
8.26004e+00 9.53674e-07
8.28004e+00 9.53674e-07
8.30004e+00 9.53674e-07
8.32004e+00 9.53674e-07
8.34004e+00 9.53674e-07
8.36004e+00 9.53674e-07
8.38004e+00 9.53674e-07
8.40004e+00 9.53674e-07
8.42004e+00 9.53674e-07
8.44004e+00 9.53674e-07
8.46004e+00 9.53674e-07
8.48004e+00 9.53674e-07
8.50004e+00 9.53674e-07
8.52004e+00 9.53674e-07
8.54004e+00 9.53674e-07
8.56004e+00 9.53674e-07
8.58004e+00 9.53674e-07
8.60005e+00 9.53674e-07
8.62005e+00 9.53674e-07
8.64005e+00 9.53674e-07
8.66005e+00 9.53674e-07
8.68005e+00 9.53674e-07
8.70005e+00 9.53674e-07
8.72005e+00 9.53674e-07
8.74005e+00 9.53674e-07
8.76005e+00 9.53674e-07
8.78005e+00 9.53674e-07
8.80005e+00 9.53674e-07
8.82005e+00 9.53674e-07
8.84005e+00 9.53674e-07
8.86005e+00 9.53674e-07
8.88005e+00 9.53674e-07
8.90005e+00 9.53674e-07
8.92005e+00 9.53674e-07
8.94005e+00 9.53674e-07
8.96005e+00 9.53674e-07
8.98005e+00 9.53674e-07
9.00005e+00 9.53674e-07
9.02005e+00 9.53674e-07
9.04006e+00 9.53674e-07
9.06006e+00 9.53674e-07
9.08006e+00 9.53674e-07
9.10006e+00 9.53674e-07
9.12006e+00 9.53674e-07
9.14006e+00 9.53674e-07
9.16006e+00 9.53674e-07
9.18006e+00 9.53674e-07
9.20006e+00 9.53674e-07
9.22006e+00 9.53674e-07
9.24006e+00 9.53674e-07
9.26006e+00 9.53674e-07
9.28006e+00 9.53674e-07
9.30006e+00 9.53674e-07
9.32006e+00 9.53674e-07
9.34006e+00 9.53674e-07
9.36006e+00 9.53674e-07
9.38006e+00 9.53674e-07
9.40006e+00 9.53674e-07
9.42006e+00 9.53674e-07
9.44006e+00 9.53674e-07
9.46006e+00 9.53674e-07
9.48007e+00 9.53674e-07
9.50007e+00 9.53674e-07
9.52007e+00 9.53674e-07
9.54007e+00 9.53674e-07
9.56007e+00 9.53674e-07
9.58007e+00 9.53674e-07
9.60007e+00 9.53674e-07
9.62007e+00 9.53674e-07
9.64007e+00 9.53674e-07
9.66007e+00 9.53674e-07
9.68007e+00 9.53674e-07
9.70007e+00 9.53674e-07
9.72007e+00 9.53674e-07
9.74007e+00 9.53674e-07
9.76007e+00 9.53674e-07
9.78007e+00 9.53674e-07
9.80007e+00 9.53674e-07
9.82007e+00 9.53674e-07
9.84007e+00 9.53674e-07
9.86007e+00 9.53674e-07
9.88007e+00 9.53674e-07
9.90007e+00 9.53674e-07
9.92008e+00 9.53674e-07
9.94008e+00 9.53674e-07
9.96008e+00 9.53674e-07
9.98008e+00 9.53674e-07
