-9.98 9.536743E-7
-9.959999 9.536743E-7
-9.939999 9.536743E-7
-9.919998 9.536743E-7
-9.899998 9.536743E-7
-9.879997 9.536743E-7
-9.859997 9.536743E-7
-9.839996 9.536743E-7
-9.819996 9.536743E-7
-9.799995 9.536743E-7
-9.779995 9.536743E-7
-9.7599945 9.536743E-7
-9.739994 9.536743E-7
-9.719994 9.536743E-7
-9.699993 9.536743E-7
-9.679993 9.536743E-7
-9.659992 9.536743E-7
-9.639992 9.536743E-7
-9.619991 9.536743E-7
-9.599991 9.536743E-7
-9.57999 9.536743E-7
-9.55999 9.536743E-7
-9.539989 9.536743E-7
-9.519989 9.536743E-7
-9.499989 9.536743E-7
-9.479988 9.536743E-7
-9.459988 9.536743E-7
-9.439987 9.536743E-7
-9.419987 9.536743E-7
-9.399986 9.536743E-7
-9.379986 9.536743E-7
-9.359985 9.536743E-7
-9.339985 9.536743E-7
-9.319984 9.536743E-7
-9.299984 9.536743E-7
-9.2799835 9.536743E-7
-9.259983 9.536743E-7
-9.239983 9.536743E-7
-9.219982 9.536743E-7
-9.199982 9.536743E-7
-9.179981 9.536743E-7
-9.159981 9.536743E-7
-9.13998 9.536743E-7
-9.11998 9.536743E-7
-9.099979 9.536743E-7
-9.079979 9.536743E-7
-9.0599785 9.536743E-7
-9.039978 9.536743E-7
-9.019978 9.536743E-7
-8.999977 9.536743E-7
-8.979977 9.536743E-7
-8.959976 9.536743E-7
-8.939976 9.536743E-7
-8.919975 9.536743E-7
-8.899975 9.536743E-7
-8.879974 9.536743E-7
-8.859974 9.536743E-7
-8.839973 9.536743E-7
-8.819973 9.536743E-7
-8.799973 9.536743E-7
-8.779972 9.536743E-7
-8.759972 9.536743E-7
-8.739971 9.536743E-7
-8.719971 9.536743E-7
-8.69997 9.536743E-7
-8.67997 9.536743E-7
-8.659969 9.536743E-7
-8.639969 9.536743E-7
-8.619968 9.536743E-7
-8.599968 9.536743E-7
-8.5799675 9.536743E-7
-8.559967 9.536743E-7
-8.539967 9.536743E-7
-8.519966 9.536743E-7
-8.499966 9.536743E-7
-8.479965 9.536743E-7
-8.459965 9.536743E-7
-8.439964 9.536743E-7
-8.419964 9.536743E-7
-8.399963 9.536743E-7
-8.379963 9.536743E-7
-8.359962 9.536743E-7
-8.339962 9.536743E-7
-8.319962 9.536743E-7
-8.299961 9.536743E-7
-8.279961 9.536743E-7
-8.25996 9.536743E-7
-8.23996 9.536743E-7
-8.219959 9.536743E-7
-8.199959 9.536743E-7
-8.179958 9.536743E-7
-8.159958 9.536743E-7
-8.139957 9.536743E-7
-8.119957 9.536743E-7
-8.0999565 9.536743E-7
-8.079956 9.536743E-7
-8.059956 9.536743E-7
-8.039955 9.536743E-7
-8.019955 9.536743E-7
-7.9999547 4.7683716E-7
-7.9799547 4.7683716E-7
-7.9599547 4.7683716E-7
-7.9399548 4.7683716E-7
-7.919955 4.7683716E-7
-7.899955 4.7683716E-7
-7.879955 4.7683716E-7
-7.859955 4.7683716E-7
-7.839955 4.7683716E-7
-7.819955 4.7683716E-7
-7.799955 4.7683716E-7
-7.779955 4.7683716E-7
-7.759955 4.7683716E-7
-7.739955 4.7683716E-7
-7.719955 4.7683716E-7
-7.699955 4.7683716E-7
-7.679955 4.7683716E-7
-7.659955 4.7683716E-7
-7.639955 4.7683716E-7
-7.619955 4.7683716E-7
-7.599955 4.7683716E-7
-7.579955 4.7683716E-7
-7.559955 4.7683716E-7
-7.539955 4.7683716E-7
-7.519955 4.7683716E-7
-7.499955 4.7683716E-7
-7.479955 4.7683716E-7
-7.459955 4.7683716E-7
-7.439955 4.7683716E-7
-7.4199553 4.7683716E-7
-7.3999553 4.7683716E-7
-7.3799553 4.7683716E-7
-7.3599553 4.7683716E-7
-7.3399553 4.7683716E-7
-7.3199553 4.7683716E-7
-7.2999554 4.7683716E-7
-7.2799554 4.7683716E-7
-7.2599554 4.7683716E-7
-7.2399554 4.7683716E-7
-7.2199554 4.7683716E-7
-7.1999555 4.7683716E-7
-7.1799555 4.7683716E-7
-7.1599555 4.7683716E-7
-7.1399555 4.7683716E-7
-7.1199555 4.7683716E-7
-7.0999556 4.7683716E-7
-7.0799556 4.7683716E-7
-7.0599556 4.7683716E-7
-7.0399556 4.7683716E-7
-7.0199556 4.7683716E-7
-6.9999557 4.7683716E-7
-6.9799557 4.7683716E-7
-6.9599557 4.7683716E-7
-6.9399557 4.7683716E-7
-6.9199557 4.7683716E-7
-6.8999557 4.7683716E-7
-6.879956 4.7683716E-7
-6.859956 4.7683716E-7
-6.839956 4.7683716E-7
-6.819956 4.7683716E-7
-6.799956 4.7683716E-7
-6.779956 4.7683716E-7
-6.759956 4.7683716E-7
-6.739956 4.7683716E-7
-6.719956 4.7683716E-7
-6.699956 4.7683716E-7
-6.679956 4.7683716E-7
-6.659956 4.7683716E-7
-6.639956 4.7683716E-7
-6.619956 4.7683716E-7
-6.599956 4.7683716E-7
-6.579956 4.7683716E-7
-6.559956 4.7683716E-7
-6.539956 4.7683716E-7
-6.519956 4.7683716E-7
-6.499956 4.7683716E-7
-6.479956 4.7683716E-7
-6.459956 4.7683716E-7
-6.439956 4.7683716E-7
-6.419956 4.7683716E-7
-6.399956 4.7683716E-7
-6.3799562 4.7683716E-7
-6.3599563 4.7683716E-7
-6.3399563 4.7683716E-7
-6.3199563 4.7683716E-7
-6.2999563 4.7683716E-7
-6.2799563 4.7683716E-7
-6.2599564 4.7683716E-7
-6.2399564 4.7683716E-7
-6.2199564 4.7683716E-7
-6.1999564 4.7683716E-7
-6.1799564 4.7683716E-7
-6.1599565 4.7683716E-7
-6.1399565 4.7683716E-7
-6.1199565 4.7683716E-7
-6.0999565 4.7683716E-7
-6.0799565 4.7683716E-7
-6.0599566 4.7683716E-7
-6.0399566 4.7683716E-7
-6.0199566 4.7683716E-7
-5.9999566 4.7683716E-7
-5.9799566 4.7683716E-7
-5.9599566 4.7683716E-7
-5.9399567 4.7683716E-7
-5.9199567 4.7683716E-7
-5.8999567 4.7683716E-7
-5.8799567 4.7683716E-7
-5.8599567 4.7683716E-7
-5.8399568 4.7683716E-7
-5.819957 4.7683716E-7
-5.799957 4.7683716E-7
-5.779957 4.7683716E-7
-5.759957 4.7683716E-7
-5.739957 4.7683716E-7
-5.719957 4.7683716E-7
-5.699957 4.7683716E-7
-5.679957 4.7683716E-7
-5.659957 4.7683716E-7
-5.639957 4.7683716E-7
-5.619957 4.7683716E-7
-5.599957 4.7683716E-7
-5.579957 4.7683716E-7
-5.559957 4.7683716E-7
-5.539957 4.7683716E-7
-5.519957 4.7683716E-7
-5.499957 4.7683716E-7
-5.479957 4.7683716E-7
-5.459957 4.7683716E-7
-5.439957 4.7683716E-7
-5.419957 4.7683716E-7
-5.399957 4.7683716E-7
-5.379957 4.7683716E-7
-5.359957 4.7683716E-7
-5.339957 4.7683716E-7
-5.3199573 4.7683716E-7
-5.2999573 4.7683716E-7
-5.2799573 4.7683716E-7
-5.2599573 4.7683716E-7
-5.2399573 4.7683716E-7
-5.2199574 4.7683716E-7
-5.1999574 4.7683716E-7
-5.1799574 4.7683716E-7
-5.1599574 4.7683716E-7
-5.1399574 4.7683716E-7
-5.1199574 4.7683716E-7
-5.0999575 4.7683716E-7
-5.0799575 4.7683716E-7
-5.0599575 4.7683716E-7
-5.0399575 4.7683716E-7
-5.0199575 4.7683716E-7
-4.9999576 4.7683716E-7
-4.9799576 4.7683716E-7
-4.9599576 4.7683716E-7
-4.9399576 4.7683716E-7
-4.9199576 4.7683716E-7
-4.8999577 4.7683716E-7
-4.8799577 4.7683716E-7
-4.8599577 4.7683716E-7
-4.8399577 4.7683716E-7
-4.8199577 4.7683716E-7
-4.7999578 4.7683716E-7
-4.779958 4.7683716E-7
-4.759958 4.7683716E-7
-4.739958 4.7683716E-7
-4.719958 4.7683716E-7
-4.699958 4.7683716E-7
-4.679958 4.7683716E-7
-4.659958 4.7683716E-7
-4.639958 4.7683716E-7
-4.619958 4.7683716E-7
-4.599958 4.7683716E-7
-4.579958 4.7683716E-7
-4.559958 4.7683716E-7
-4.539958 4.7683716E-7
-4.519958 4.7683716E-7
-4.499958 4.7683716E-7
-4.479958 4.7683716E-7
-4.459958 4.7683716E-7
-4.439958 4.7683716E-7
-4.419958 4.7683716E-7
-4.399958 4.7683716E-7
-4.379958 4.7683716E-7
-4.359958 4.7683716E-7
-4.339958 4.7683716E-7
-4.319958 4.7683716E-7
-4.299958 4.7683716E-7
-4.2799582 4.7683716E-7
-4.2599583 4.7683716E-7
-4.2399583 4.7683716E-7
-4.2199583 4.7683716E-7
-4.1999583 4.7683716E-7
-4.1799583 4.7683716E-7
-4.1599584 4.7683716E-7
-4.1399584 4.7683716E-7
-4.1199584 4.7683716E-7
-4.0999584 4.7683716E-7
-4.0799584 4.7683716E-7
-4.0599585 4.7683716E-7
-4.0399585 4.7683716E-7
-4.0199585 4.7683716E-7
-3.9999585 2.3841858E-7
-3.9799585 2.3841858E-7
-3.9599586 2.3841858E-7
-3.9399586 2.3841858E-7
-3.9199586 2.3841858E-7
-3.8999586 2.3841858E-7
-3.8799586 2.3841858E-7
-3.8599586 2.3841858E-7
-3.8399587 2.3841858E-7
-3.8199587 2.3841858E-7
-3.7999587 2.3841858E-7
-3.7799587 2.3841858E-7
-3.7599587 2.3841858E-7
-3.7399588 2.3841858E-7
-3.7199588 2.3841858E-7
-3.6999588 2.3841858E-7
-3.6799588 2.3841858E-7
-3.6599588 2.3841858E-7
-3.6399589 2.3841858E-7
-3.6199589 2.3841858E-7
-3.599959 2.3841858E-7
-3.579959 2.3841858E-7
-3.559959 2.3841858E-7
-3.539959 2.3841858E-7
-3.519959 2.3841858E-7
-3.499959 2.3841858E-7
-3.479959 2.3841858E-7
-3.459959 2.3841858E-7
-3.439959 2.3841858E-7
-3.419959 2.3841858E-7
-3.399959 2.3841858E-7
-3.379959 2.3841858E-7
-3.3599591 2.3841858E-7
-3.3399591 2.3841858E-7
-3.3199592 2.3841858E-7
-3.2999592 2.3841858E-7
-3.2799592 2.3841858E-7
-3.2599592 2.3841858E-7
-3.2399592 2.3841858E-7
-3.2199593 2.3841858E-7
-3.1999593 2.3841858E-7
-3.1799593 2.3841858E-7
-3.1599593 2.3841858E-7
-3.1399593 2.3841858E-7
-3.1199594 2.3841858E-7
-3.0999594 2.3841858E-7
-3.0799594 2.3841858E-7
-3.0599594 2.3841858E-7
-3.0399594 2.3841858E-7
-3.0199594 2.3841858E-7
-2.9999595 2.3841858E-7
-2.9799595 2.3841858E-7
-2.9599595 2.3841858E-7
-2.9399595 2.3841858E-7
-2.9199595 2.3841858E-7
-2.8999596 2.3841858E-7
-2.8799596 2.3841858E-7
-2.8599596 2.3841858E-7
-2.8399596 2.3841858E-7
-2.8199596 2.3841858E-7
-2.7999597 2.3841858E-7
-2.7799597 2.3841858E-7
-2.7599597 2.3841858E-7
-2.7399597 2.3841858E-7
-2.7199597 2.3841858E-7
-2.6999598 2.3841858E-7
-2.6799598 2.3841858E-7
-2.6599598 2.3841858E-7
-2.6399598 2.3841858E-7
-2.6199598 2.3841858E-7
-2.5999599 2.3841858E-7
-2.5799599 2.3841858E-7
-2.55996 2.3841858E-7
-2.53996 2.3841858E-7
-2.51996 2.3841858E-7
-2.49996 2.3841858E-7
-2.47996 2.3841858E-7
-2.45996 2.3841858E-7
-2.43996 2.3841858E-7
-2.41996 2.3841858E-7
-2.39996 2.3841858E-7
-2.37996 2.3841858E-7
-2.35996 2.3841858E-7
-2.33996 2.3841858E-7
-2.31996 2.3841858E-7
-2.2999601 2.3841858E-7
-2.2799602 2.3841858E-7
-2.2599602 2.3841858E-7
-2.2399602 2.3841858E-7
-2.2199602 2.3841858E-7
-2.1999602 2.3841858E-7
-2.1799603 2.3841858E-7
-2.1599603 2.3841858E-7
-2.1399603 2.3841858E-7
-2.1199603 2.3841858E-7
-2.0999603 2.3841858E-7
-2.0799603 2.3841858E-7
-2.0599604 2.3841858E-7
-2.0399604 2.3841858E-7
-2.0199604 2.3841858E-7
-1.9999604 1.1920929E-7
-1.9799604 1.1920929E-7
-1.9599605 1.1920929E-7
-1.9399605 1.1920929E-7
-1.9199605 1.1920929E-7
-1.8999605 1.1920929E-7
-1.8799605 1.1920929E-7
-1.8599606 1.1920929E-7
-1.8399606 1.1920929E-7
-1.8199606 1.1920929E-7
-1.7999606 1.1920929E-7
-1.7799606 1.1920929E-7
-1.7599607 1.1920929E-7
-1.7399607 1.1920929E-7
-1.7199607 1.1920929E-7
-1.6999607 1.1920929E-7
-1.6799607 1.1920929E-7
-1.6599607 1.1920929E-7
-1.6399608 1.1920929E-7
-1.6199608 1.1920929E-7
-1.5999608 1.1920929E-7
-1.5799608 1.1920929E-7
-1.5599608 1.1920929E-7
-1.5399609 1.1920929E-7
-1.5199609 1.1920929E-7
-1.4999609 1.1920929E-7
-1.4799609 1.1920929E-7
-1.4599609 1.1920929E-7
-1.439961 1.1920929E-7
-1.419961 1.1920929E-7
-1.399961 1.1920929E-7
-1.379961 1.1920929E-7
-1.359961 1.1920929E-7
-1.339961 1.1920929E-7
-1.3199611 1.1920929E-7
-1.2999611 1.1920929E-7
-1.2799611 1.1920929E-7
-1.2599611 1.1920929E-7
-1.2399611 1.1920929E-7
-1.2199612 1.1920929E-7
-1.1999612 1.1920929E-7
-1.1799612 1.1920929E-7
-1.1599612 1.1920929E-7
-1.1399612 1.1920929E-7
-1.1199613 1.1920929E-7
-1.0999613 1.1920929E-7
-1.0799613 1.1920929E-7
-1.0599613 1.1920929E-7
-1.0399613 1.1920929E-7
-1.0199614 1.1920929E-7
-0.9999614 5.9604645E-8
-0.9799614 5.9604645E-8
-0.9599614 5.9604645E-8
-0.93996143 5.9604645E-8
-0.91996145 5.9604645E-8
-0.8999615 5.9604645E-8
-0.8799615 5.9604645E-8
-0.8599615 5.9604645E-8
-0.8399615 5.9604645E-8
-0.81996155 5.9604645E-8
-0.79996157 5.9604645E-8
-0.7799616 5.9604645E-8
-0.7599616 5.9604645E-8
-0.7399616 5.9604645E-8
-0.71996164 5.9604645E-8
-0.69996166 5.9604645E-8
-0.6799617 5.9604645E-8
-0.6599617 5.9604645E-8
-0.6399617 5.9604645E-8
-0.61996174 5.9604645E-8
-0.59996176 5.9604645E-8
-0.5799618 5.9604645E-8
-0.5599618 5.9604645E-8
-0.5399618 5.9604645E-8
-0.51996183 5.9604645E-8
-0.49996182 2.9802322E-8
-0.4799618 2.9802322E-8
-0.4599618 2.9802322E-8
-0.4399618 2.9802322E-8
-0.41996178 2.9802322E-8
-0.39996177 2.9802322E-8
-0.37996176 2.9802322E-8
-0.35996175 2.9802322E-8
-0.33996174 2.9802322E-8
-0.31996173 2.9802322E-8
-0.29996172 2.9802322E-8
-0.2799617 2.9802322E-8
-0.2599617 2.9802322E-8
-0.2399617 1.4901161E-8
-0.2199617 1.4901161E-8
-0.1999617 1.4901161E-8
-0.17996171 1.4901161E-8
-0.15996172 1.4901161E-8
-0.13996172 1.4901161E-8
-0.11996172 7.4505806E-9
-0.09996173 7.4505806E-9
-0.07996173 7.4505806E-9
-0.059961732 3.7252903E-9
-0.039961733 3.7252903E-9
-0.019961733 1.8626451E-9
3.8266182E-5 3.6379788E-12
0.020038266 1.8626451E-9
0.040038265 3.7252903E-9
0.060038265 3.7252903E-9
0.080038264 7.4505806E-9
0.10003826 7.4505806E-9
0.120038256 7.4505806E-9
0.14003825 1.4901161E-8
0.16003825 1.4901161E-8
0.18003824 1.4901161E-8
0.20003824 1.4901161E-8
0.22003824 1.4901161E-8
0.24003823 1.4901161E-8
0.26003823 2.9802322E-8
0.28003824 2.9802322E-8
0.30003825 2.9802322E-8
0.32003826 2.9802322E-8
0.34003827 2.9802322E-8
0.36003828 2.9802322E-8
0.3800383 2.9802322E-8
0.4000383 2.9802322E-8
0.4200383 2.9802322E-8
0.44003832 2.9802322E-8
0.46003833 2.9802322E-8
0.48003834 2.9802322E-8
0.5000383 5.9604645E-8
0.5200383 5.9604645E-8
0.5400383 5.9604645E-8
0.56003827 5.9604645E-8
0.58003825 5.9604645E-8
0.60003823 5.9604645E-8
0.6200382 5.9604645E-8
0.6400382 5.9604645E-8
0.6600382 5.9604645E-8
0.68003815 5.9604645E-8
0.70003814 5.9604645E-8
0.7200381 5.9604645E-8
0.7400381 5.9604645E-8
0.7600381 5.9604645E-8
0.78003806 5.9604645E-8
0.80003804 5.9604645E-8
0.820038 5.9604645E-8
0.840038 5.9604645E-8
0.860038 5.9604645E-8
0.88003796 5.9604645E-8
0.90003794 5.9604645E-8
0.9200379 5.9604645E-8
0.9400379 5.9604645E-8
0.9600379 5.9604645E-8
0.98003787 5.9604645E-8
1.0000379 1.1920929E-7
1.0200379 1.1920929E-7
1.0400379 1.1920929E-7
1.0600379 1.1920929E-7
1.0800378 1.1920929E-7
1.1000378 1.1920929E-7
1.1200378 1.1920929E-7
1.1400378 1.1920929E-7
1.1600378 1.1920929E-7
1.1800377 1.1920929E-7
1.2000377 1.1920929E-7
1.2200377 1.1920929E-7
1.2400377 1.1920929E-7
1.2600377 1.1920929E-7
1.2800376 1.1920929E-7
1.3000376 1.1920929E-7
1.3200376 1.1920929E-7
1.3400376 1.1920929E-7
1.3600376 1.1920929E-7
1.3800375 1.1920929E-7
1.4000375 1.1920929E-7
1.4200375 1.1920929E-7
1.4400375 1.1920929E-7
1.4600375 1.1920929E-7
1.4800375 1.1920929E-7
1.5000374 1.1920929E-7
1.5200374 1.1920929E-7
1.5400374 1.1920929E-7
1.5600374 1.1920929E-7
1.5800374 1.1920929E-7
1.6000373 1.1920929E-7
1.6200373 1.1920929E-7
1.6400373 1.1920929E-7
1.6600373 1.1920929E-7
1.6800373 1.1920929E-7
1.7000372 1.1920929E-7
1.7200372 1.1920929E-7
1.7400372 1.1920929E-7
1.7600372 1.1920929E-7
1.7800372 1.1920929E-7
1.8000371 1.1920929E-7
1.8200371 1.1920929E-7
1.8400371 1.1920929E-7
1.8600371 1.1920929E-7
1.8800371 1.1920929E-7
1.900037 1.1920929E-7
1.920037 1.1920929E-7
1.940037 1.1920929E-7
1.960037 1.1920929E-7
1.980037 1.1920929E-7
2.000037 2.3841858E-7
2.020037 2.3841858E-7
2.040037 2.3841858E-7
2.060037 2.3841858E-7
2.0800369 2.3841858E-7
2.1000369 2.3841858E-7
2.1200368 2.3841858E-7
2.1400368 2.3841858E-7
2.1600368 2.3841858E-7
2.1800368 2.3841858E-7
2.2000368 2.3841858E-7
2.2200367 2.3841858E-7
2.2400367 2.3841858E-7
2.2600367 2.3841858E-7
2.2800367 2.3841858E-7
2.3000367 2.3841858E-7
2.3200366 2.3841858E-7
2.3400366 2.3841858E-7
2.3600366 2.3841858E-7
2.3800366 2.3841858E-7
2.4000366 2.3841858E-7
2.4200366 2.3841858E-7
2.4400365 2.3841858E-7
2.4600365 2.3841858E-7
2.4800365 2.3841858E-7
2.5000365 2.3841858E-7
2.5200365 2.3841858E-7
2.5400364 2.3841858E-7
2.5600364 2.3841858E-7
2.5800364 2.3841858E-7
2.6000364 2.3841858E-7
2.6200364 2.3841858E-7
2.6400363 2.3841858E-7
2.6600363 2.3841858E-7
2.6800363 2.3841858E-7
2.7000363 2.3841858E-7
2.7200363 2.3841858E-7
2.7400362 2.3841858E-7
2.7600362 2.3841858E-7
2.7800362 2.3841858E-7
2.8000362 2.3841858E-7
2.8200362 2.3841858E-7
2.8400362 2.3841858E-7
2.8600361 2.3841858E-7
2.880036 2.3841858E-7
2.900036 2.3841858E-7
2.920036 2.3841858E-7
2.940036 2.3841858E-7
2.960036 2.3841858E-7
2.980036 2.3841858E-7
3.000036 2.3841858E-7
3.020036 2.3841858E-7
3.040036 2.3841858E-7
3.060036 2.3841858E-7
3.080036 2.3841858E-7
3.100036 2.3841858E-7
3.120036 2.3841858E-7
3.1400359 2.3841858E-7
3.1600358 2.3841858E-7
3.1800358 2.3841858E-7
3.2000358 2.3841858E-7
3.2200358 2.3841858E-7
3.2400358 2.3841858E-7
3.2600358 2.3841858E-7
3.2800357 2.3841858E-7
3.3000357 2.3841858E-7
3.3200357 2.3841858E-7
3.3400357 2.3841858E-7
3.3600357 2.3841858E-7
3.3800356 2.3841858E-7
3.4000356 2.3841858E-7
3.4200356 2.3841858E-7
3.4400356 2.3841858E-7
3.4600356 2.3841858E-7
3.4800355 2.3841858E-7
3.5000355 2.3841858E-7
3.5200355 2.3841858E-7
3.5400355 2.3841858E-7
3.5600355 2.3841858E-7
3.5800354 2.3841858E-7
3.6000354 2.3841858E-7
3.6200354 2.3841858E-7
3.6400354 2.3841858E-7
3.6600354 2.3841858E-7
3.6800354 2.3841858E-7
3.7000353 2.3841858E-7
3.7200353 2.3841858E-7
3.7400353 2.3841858E-7
3.7600353 2.3841858E-7
3.7800353 2.3841858E-7
3.8000352 2.3841858E-7
3.8200352 2.3841858E-7
3.8400352 2.3841858E-7
3.8600352 2.3841858E-7
3.8800352 2.3841858E-7
3.9000351 2.3841858E-7
3.9200351 2.3841858E-7
3.940035 2.3841858E-7
3.960035 2.3841858E-7
3.980035 2.3841858E-7
4.0000353 4.7683716E-7
4.0200353 4.7683716E-7
4.0400352 4.7683716E-7
4.060035 4.7683716E-7
4.080035 4.7683716E-7
4.100035 4.7683716E-7
4.120035 4.7683716E-7
4.140035 4.7683716E-7
4.160035 4.7683716E-7
4.180035 4.7683716E-7
4.200035 4.7683716E-7
4.220035 4.7683716E-7
4.240035 4.7683716E-7
4.260035 4.7683716E-7
4.280035 4.7683716E-7
4.300035 4.7683716E-7
4.320035 4.7683716E-7
4.340035 4.7683716E-7
4.360035 4.7683716E-7
4.380035 4.7683716E-7
4.400035 4.7683716E-7
4.420035 4.7683716E-7
4.440035 4.7683716E-7
4.460035 4.7683716E-7
4.480035 4.7683716E-7
4.500035 4.7683716E-7
4.520035 4.7683716E-7
4.540035 4.7683716E-7
4.5600348 4.7683716E-7
4.5800347 4.7683716E-7
4.6000347 4.7683716E-7
4.6200347 4.7683716E-7
4.6400347 4.7683716E-7
4.6600347 4.7683716E-7
4.6800346 4.7683716E-7
4.7000346 4.7683716E-7
4.7200346 4.7683716E-7
4.7400346 4.7683716E-7
4.7600346 4.7683716E-7
4.7800345 4.7683716E-7
4.8000345 4.7683716E-7
4.8200345 4.7683716E-7
4.8400345 4.7683716E-7
4.8600345 4.7683716E-7
4.8800344 4.7683716E-7
4.9000344 4.7683716E-7
4.9200344 4.7683716E-7
4.9400344 4.7683716E-7
4.9600344 4.7683716E-7
4.9800344 4.7683716E-7
5.0000343 4.7683716E-7
5.0200343 4.7683716E-7
5.0400343 4.7683716E-7
5.0600343 4.7683716E-7
5.0800343 4.7683716E-7
5.100034 4.7683716E-7
5.120034 4.7683716E-7
5.140034 4.7683716E-7
5.160034 4.7683716E-7
5.180034 4.7683716E-7
5.200034 4.7683716E-7
5.220034 4.7683716E-7
5.240034 4.7683716E-7
5.260034 4.7683716E-7
5.280034 4.7683716E-7
5.300034 4.7683716E-7
5.320034 4.7683716E-7
5.340034 4.7683716E-7
5.360034 4.7683716E-7
5.380034 4.7683716E-7
5.400034 4.7683716E-7
5.420034 4.7683716E-7
5.440034 4.7683716E-7
5.460034 4.7683716E-7
5.480034 4.7683716E-7
5.500034 4.7683716E-7
5.520034 4.7683716E-7
5.540034 4.7683716E-7
5.560034 4.7683716E-7
5.580034 4.7683716E-7
5.6000338 4.7683716E-7
5.6200337 4.7683716E-7
5.6400337 4.7683716E-7
5.6600337 4.7683716E-7
5.6800337 4.7683716E-7
5.7000337 4.7683716E-7
5.7200336 4.7683716E-7
5.7400336 4.7683716E-7
5.7600336 4.7683716E-7
5.7800336 4.7683716E-7
5.8000336 4.7683716E-7
5.8200336 4.7683716E-7
5.8400335 4.7683716E-7
5.8600335 4.7683716E-7
5.8800335 4.7683716E-7
5.9000335 4.7683716E-7
5.9200335 4.7683716E-7
5.9400334 4.7683716E-7
5.9600334 4.7683716E-7
5.9800334 4.7683716E-7
6.0000334 4.7683716E-7
6.0200334 4.7683716E-7
6.0400333 4.7683716E-7
6.0600333 4.7683716E-7
6.0800333 4.7683716E-7
6.1000333 4.7683716E-7
6.1200333 4.7683716E-7
6.1400332 4.7683716E-7
6.160033 4.7683716E-7
6.180033 4.7683716E-7
6.200033 4.7683716E-7
6.220033 4.7683716E-7
6.240033 4.7683716E-7
6.260033 4.7683716E-7
6.280033 4.7683716E-7
6.300033 4.7683716E-7
6.320033 4.7683716E-7
6.340033 4.7683716E-7
6.360033 4.7683716E-7
6.380033 4.7683716E-7
6.400033 4.7683716E-7
6.420033 4.7683716E-7
6.440033 4.7683716E-7
6.460033 4.7683716E-7
6.480033 4.7683716E-7
6.500033 4.7683716E-7
6.520033 4.7683716E-7
6.540033 4.7683716E-7
6.560033 4.7683716E-7
6.580033 4.7683716E-7
6.600033 4.7683716E-7
6.620033 4.7683716E-7
6.640033 4.7683716E-7
6.6600327 4.7683716E-7
6.6800327 4.7683716E-7
6.7000327 4.7683716E-7
6.7200327 4.7683716E-7
6.7400327 4.7683716E-7
6.7600327 4.7683716E-7
6.7800326 4.7683716E-7
6.8000326 4.7683716E-7
6.8200326 4.7683716E-7
6.8400326 4.7683716E-7
6.8600326 4.7683716E-7
6.8800325 4.7683716E-7
6.9000325 4.7683716E-7
6.9200325 4.7683716E-7
6.9400325 4.7683716E-7
6.9600325 4.7683716E-7
6.9800324 4.7683716E-7
7.0000324 4.7683716E-7
7.0200324 4.7683716E-7
7.0400324 4.7683716E-7
7.0600324 4.7683716E-7
7.0800323 4.7683716E-7
7.1000323 4.7683716E-7
7.1200323 4.7683716E-7
7.1400323 4.7683716E-7
7.1600323 4.7683716E-7
7.1800323 4.7683716E-7
7.200032 4.7683716E-7
7.220032 4.7683716E-7
7.240032 4.7683716E-7
7.260032 4.7683716E-7
7.280032 4.7683716E-7
7.300032 4.7683716E-7
7.320032 4.7683716E-7
7.340032 4.7683716E-7
7.360032 4.7683716E-7
7.380032 4.7683716E-7
7.400032 4.7683716E-7
7.420032 4.7683716E-7
7.440032 4.7683716E-7
7.460032 4.7683716E-7
7.480032 4.7683716E-7
7.500032 4.7683716E-7
7.520032 4.7683716E-7
7.540032 4.7683716E-7
7.560032 4.7683716E-7
7.580032 4.7683716E-7
7.600032 4.7683716E-7
7.620032 4.7683716E-7
7.640032 4.7683716E-7
7.660032 4.7683716E-7
7.680032 4.7683716E-7
7.7000318 4.7683716E-7
7.7200317 4.7683716E-7
7.7400317 4.7683716E-7
7.7600317 4.7683716E-7
7.7800317 4.7683716E-7
7.8000317 4.7683716E-7
7.8200316 4.7683716E-7
7.8400316 4.7683716E-7
7.8600316 4.7683716E-7
7.8800316 4.7683716E-7
7.9000316 4.7683716E-7
7.9200315 4.7683716E-7
7.9400315 4.7683716E-7
7.9600315 4.7683716E-7
7.9800315 4.7683716E-7
8.000031 9.536743E-7
8.020032 9.536743E-7
8.040032 9.536743E-7
8.060033 9.536743E-7
8.080033 9.536743E-7
8.100034 9.536743E-7
8.120034 9.536743E-7
8.140035 9.536743E-7
8.160035 9.536743E-7
8.180036 9.536743E-7
8.200036 9.536743E-7
8.2200365 9.536743E-7
8.240037 9.536743E-7
8.260037 9.536743E-7
8.280038 9.536743E-7
8.300038 9.536743E-7
8.320039 9.536743E-7
8.340039 9.536743E-7
8.36004 9.536743E-7
8.38004 9.536743E-7
8.400041 9.536743E-7
8.420041 9.536743E-7
8.440042 9.536743E-7
8.460042 9.536743E-7
8.480042 9.536743E-7
8.500043 9.536743E-7
8.520043 9.536743E-7
8.540044 9.536743E-7
8.560044 9.536743E-7
8.580045 9.536743E-7
8.600045 9.536743E-7
8.620046 9.536743E-7
8.640046 9.536743E-7
8.660047 9.536743E-7
8.680047 9.536743E-7
8.7000475 9.536743E-7
8.720048 9.536743E-7
8.740048 9.536743E-7
8.760049 9.536743E-7
8.780049 9.536743E-7
8.80005 9.536743E-7
8.82005 9.536743E-7
8.840051 9.536743E-7
8.860051 9.536743E-7
8.880052 9.536743E-7
8.900052 9.536743E-7
8.920053 9.536743E-7
8.940053 9.536743E-7
8.960053 9.536743E-7
8.980054 9.536743E-7
9.000054 9.536743E-7
9.020055 9.536743E-7
9.040055 9.536743E-7
9.060056 9.536743E-7
9.080056 9.536743E-7
9.100057 9.536743E-7
9.120057 9.536743E-7
9.140058 9.536743E-7
9.160058 9.536743E-7
9.1800585 9.536743E-7
9.200059 9.536743E-7
9.220059 9.536743E-7
9.24006 9.536743E-7
9.26006 9.536743E-7
9.280061 9.536743E-7
9.300061 9.536743E-7
9.320062 9.536743E-7
9.340062 9.536743E-7
9.360063 9.536743E-7
9.380063 9.536743E-7
9.4000635 9.536743E-7
9.420064 9.536743E-7
9.440064 9.536743E-7
9.460065 9.536743E-7
9.480065 9.536743E-7
9.500066 9.536743E-7
9.520066 9.536743E-7
9.540067 9.536743E-7
9.560067 9.536743E-7
9.580068 9.536743E-7
9.600068 9.536743E-7
9.620069 9.536743E-7
9.640069 9.536743E-7
9.660069 9.536743E-7
9.68007 9.536743E-7
9.70007 9.536743E-7
9.720071 9.536743E-7
9.740071 9.536743E-7
9.760072 9.536743E-7
9.780072 9.536743E-7
9.800073 9.536743E-7
9.820073 9.536743E-7
9.840074 9.536743E-7
9.860074 9.536743E-7
9.8800745 9.536743E-7
9.900075 9.536743E-7
9.920075 9.536743E-7
9.940076 9.536743E-7
9.960076 9.536743E-7
9.980077 9.536743E-7
10.000077 9.536743E-7
10.020078 9.536743E-7
